256 317
0 239
2 1
2 167
2 182
2 223
2 241
4 175
6 86
6 121
6 240
8 13
8 32
8 45
8 98
9 85
9 143
11 170
12 77
12 170
12 172
12 215
13 42
13 58
13 79
13 129
13 149
14 21
16 20
16 41
16 43
16 244
17 117
17 165
17 230
17 253
21 196
22 124
25 14
25 18
25 21
25 41
25 102
26 25
26 73
26 102
26 235
29 46
30 22
30 69
31 20
31 60
31 71
31 155
33 98
35 92
35 200
35 218
44 94
45 8
45 40
46 29
46 41
46 254
50 44
50 78
50 80
50 122
52 147
57 4
57 97
58 180
59 107
61 32
61 124
63 15
63 48
63 127
63 193
63 194
63 195
64 18
65 98
65 123
65 168
65 173
65 218
65 241
65 247
67 188
68 73
68 121
69 22
69 30
69 86
69 198
69 210
70 250
72 66
72 90
72 141
72 153
72 209
74 130
76 28
76 129
78 44
78 50
78 122
78 138
78 253
85 212
89 118
89 226
90 25
90 35
90 41
90 72
90 167
90 181
90 254
93 136
93 226
94 5
94 44
94 92
95 106
95 173
96 15
96 142
96 191
102 136
102 192
105 152
105 253
106 95
106 98
106 173
106 223
108 114
108 126
108 161
108 199
108 208
109 30
110 138
111 121
113 91
113 107
113 180
114 64
114 131
114 151
120 121
124 22
125 225
126 29
126 108
129 13
132 99
133 4
133 21
133 37
133 83
133 101
133 181
136 102
138 18
138 110
138 149
138 192
138 246
141 52
141 209
142 3
142 96
143 9
144 169
144 249
147 52
147 119
150 74
151 212
151 227
151 246
153 18
153 49
153 145
153 147
153 213
154 104
159 168
166 3
166 52
166 244
168 97
168 206
168 213
173 112
176 24
176 81
176 108
176 116
176 155
176 158
176 234
176 253
177 146
177 200
178 28
178 75
178 113
178 183
180 112
182 44
185 85
185 123
185 199
186 15
186 54
186 62
186 130
186 210
186 251
187 97
187 193
188 67
188 86
188 149
190 37
190 200
191 29
191 53
191 242
192 124
195 63
195 101
195 156
198 218
199 85
199 161
199 185
200 177
200 205
202 216
203 86
203 99
203 173
203 183
203 214
203 221
203 242
203 249
204 164
205 143
205 204
206 52
206 93
206 97
206 150
206 168
206 180
207 123
207 202
211 40
212 22
213 153
214 92
214 179
214 242
216 99
217 32
217 221
217 254
218 182
221 49
221 71
221 217
222 27
222 201
222 208
222 231
225 128
227 151
229 160
230 17
230 253
231 222
233 25
233 45
233 87
233 157
233 179
234 208
236 135
237 82
237 130
237 175
241 157
242 112
242 167
242 188
242 214
244 39
244 46
244 47
244 166
244 188
244 251
246 169
248 6
248 121
248 129
248 153
248 160
251 162
252 155
253 110
