1024 3055
1 439
1 481
2 236
2 286
2 290
2 392
2 410
2 532
2 735
2 737
2 771
2 855
3 189
3 380
3 956
4 151
4 238
4 246
4 268
4 269
4 310
4 819
4 848
4 879
4 925
4 945
7 0
7 191
7 229
7 279
7 326
7 366
7 386
7 393
7 398
7 972
8 115
8 144
8 183
8 238
8 313
8 331
8 335
8 343
8 563
8 612
8 779
8 989
8 1010
9 53
9 63
9 165
9 253
9 269
9 277
9 402
9 424
9 425
9 500
9 693
9 799
9 812
9 815
9 838
9 870
12 457
12 902
13 58
13 82
13 102
13 219
13 228
13 302
13 312
13 384
13 442
13 455
13 495
13 523
13 747
13 757
13 760
13 767
13 808
13 887
13 893
13 906
13 945
13 1001
14 239
14 482
15 614
15 905
15 1022
16 116
16 202
16 218
16 267
16 379
16 647
16 684
16 782
16 894
17 53
17 220
17 408
17 665
17 907
18 197
18 341
18 477
18 642
18 908
19 464
19 909
20 465
20 910
20 1018
21 466
21 911
23 913
24 564
25 7
25 41
25 77
25 171
25 191
25 234
25 252
25 394
25 455
25 485
25 490
25 522
25 529
25 535
25 611
25 661
25 697
25 711
25 827
25 967
27 219
27 252
27 349
27 693
27 697
27 925
29 5
29 101
29 309
29 354
29 413
29 420
29 474
29 554
29 696
29 711
29 803
29 919
29 958
29 991
29 1018
30 76
30 103
30 246
30 485
30 741
30 875
31 390
31 921
32 49
32 62
32 355
32 658
32 699
32 758
32 800
32 901
35 15
35 88
35 149
35 260
35 397
35 454
35 468
35 482
35 494
35 533
35 739
35 752
35 767
35 773
35 843
35 905
35 978
35 986
36 28
36 85
36 508
36 530
36 542
36 799
36 975
36 992
36 1018
37 830
37 927
38 178
38 440
38 469
38 519
38 843
38 893
39 3
39 131
39 484
39 929
40 573
40 658
41 25
41 60
41 79
41 169
41 231
41 455
41 463
41 535
41 536
41 695
41 742
41 784
41 886
41 897
41 977
42 34
42 96
42 123
42 208
42 267
42 325
42 640
42 839
42 846
43 112
43 236
43 250
43 289
43 313
43 392
43 494
43 700
43 754
43 1018
44 59
44 160
44 183
44 193
44 286
44 504
44 934
44 949
45 24
46 39
46 138
46 413
46 462
46 484
46 742
46 929
48 71
48 381
48 420
48 494
48 516
48 603
48 727
48 961
49 12
49 420
49 457
49 902
50 280
50 363
50 364
50 442
50 550
50 565
50 809
50 887
52 372
52 455
52 817
52 942
54 499
54 944
55 4
55 502
55 554
56 74
56 274
56 719
56 749
56 812
56 964
59 504
59 949
60 306
60 838
61 402
61 506
61 951
62 114
62 355
62 800
62 1001
63 9
63 149
63 253
63 270
63 382
63 629
63 691
63 751
63 799
64 583
65 212
65 955
67 298
67 315
67 768
70 702
71 320
71 482
71 516
71 961
73 6
73 47
73 331
73 368
73 411
73 486
73 515
73 658
73 705
73 770
73 813
73 878
73 960
73 968
74 964
75 760
76 725
77 522
77 967
78 305
78 448
78 598
78 628
78 748
78 793
78 806
79 154
79 276
79 345
79 381
79 403
79 581
79 658
79 711
79 721
79 727
79 788
79 790
79 893
80 525
80 823
80 970
81 53
81 119
81 239
81 302
81 336
81 354
81 381
81 477
81 542
81 551
81 609
81 621
81 712
81 747
81 781
81 881
81 945
82 833
83 205
84 974
84 980
85 530
85 717
85 975
86 483
87 192
87 233
87 372
87 678
87 759
87 817
88 35
88 373
88 397
88 533
88 674
88 708
88 717
88 773
88 978
89 534
89 795
89 979
90 24
90 129
90 227
90 564
90 696
91 122
91 225
91 231
91 234
91 293
91 398
91 463
91 532
91 550
91 579
91 738
91 837
93 479
93 538
93 983
94 330
94 539
94 829
94 984
95 156
95 320
95 347
95 483
95 631
95 654
95 863
96 99
96 422
96 532
96 821
97 439
98 240
98 884
98 940
99 84
99 924
99 974
99 988
100 260
100 332
100 394
100 577
100 627
100 750
100 751
100 758
100 777
101 455
101 594
102 49
102 84
102 124
102 222
102 278
102 426
102 489
102 569
102 589
102 615
102 624
102 673
102 863
102 881
102 974
102 1014
103 30
103 76
103 178
103 208
103 825
103 1023
104 794
104 994
106 120
106 199
106 316
106 377
106 629
106 644
106 688
106 822
106 923
106 928
106 946
107 405
108 183
108 410
108 607
108 855
109 1
109 22
109 31
109 72
109 163
109 187
109 188
109 319
109 427
109 542
109 574
109 872
109 921
109 958
110 362
110 398
110 500
110 567
110 808
110 820
110 837
110 1013
111 581
111 621
111 831
112 247
113 389
115 425
115 870
117 28
117 159
117 526
117 562
117 604
117 881
117 1007
118 995
119 349
121 566
121 1011
122 132
124 54
124 55
124 66
124 194
124 254
124 292
124 385
124 499
124 569
124 639
124 900
124 944
124 1014
125 311
125 937
126 99
126 459
127 572
127 1017
128 146
128 343
130 575
130 1020
131 3
131 39
131 225
131 234
131 484
131 685
131 929
131 950
132 135
132 283
132 687
133 265
133 491
133 672
133 874
133 968
134 631
134 796
135 132
135 260
135 447
135 590
135 687
135 741
135 823
135 916
136 318
136 324
136 370
136 645
136 750
141 448
142 170
142 973
144 15
144 58
144 116
144 490
144 724
144 796
144 839
144 905
144 941
146 343
147 351
147 660
147 768
147 847
147 860
147 895
148 174
148 360
148 619
148 692
148 805
149 22
149 517
149 850
149 859
149 863
150 97
150 360
150 584
150 595
150 805
152 28
152 78
152 171
152 189
152 192
152 246
152 351
152 370
152 418
152 445
152 787
152 918
153 72
155 600
155 954
156 816
157 461
157 636
157 824
159 604
159 709
160 44
160 78
160 155
160 183
160 193
160 233
160 351
160 375
160 431
160 510
160 556
160 600
160 678
160 934
161 23
161 521
161 606
161 913
162 581
162 584
162 589
162 664
162 750
162 958
162 1021
163 68
163 409
164 589
164 656
164 674
164 787
164 854
166 163
166 454
166 755
166 778
166 904
167 261
167 388
167 546
167 667
167 683
169 41
169 79
169 463
169 742
170 214
170 287
170 369
170 421
170 727
170 732
173 31
173 87
173 133
173 134
173 167
173 278
173 426
173 529
173 565
173 672
173 921
174 619
175 362
177 161
177 606
177 670
179 829
179 926
180 157
180 245
180 690
181 221
181 626
181 666
181 945
181 982
184 242
184 301
184 565
184 587
184 664
184 704
184 746
184 835
185 14
185 247
185 500
185 503
185 632
185 712
185 752
185 755
185 796
185 798
185 932
185 1013
186 275
186 317
186 418
188 1
188 22
188 109
188 155
188 163
188 193
188 282
188 512
188 521
188 542
188 579
188 600
188 661
188 741
188 756
188 783
188 810
188 959
190 625
193 44
193 160
193 183
193 934
193 952
194 639
195 183
195 355
195 715
195 800
196 434
196 641
196 654
196 980
196 982
197 119
197 642
198 512
199 122
199 644
200 315
200 815
201 573
201 646
201 795
202 647
203 90
203 144
203 263
203 266
203 299
203 315
203 419
203 558
203 627
203 720
203 733
203 744
203 786
203 924
203 950
203 969
203 991
204 346
205 83
205 343
205 455
205 900
209 314
209 844
210 39
210 155
210 221
210 484
210 600
210 655
210 666
210 709
210 929
210 947
211 145
213 183
213 708
214 878
215 248
215 287
215 298
215 326
215 436
215 480
215 659
215 716
215 732
215 786
215 985
215 1019
216 779
216 963
218 180
218 264
218 386
218 959
219 153
219 263
219 312
219 373
219 449
219 548
219 681
219 757
219 844
219 893
219 948
220 490
220 649
220 665
221 98
221 373
221 467
221 531
221 666
222 348
222 792
223 257
224 346
225 34
225 247
225 399
225 568
225 617
225 1004
226 339
231 130
231 167
231 385
231 561
231 575
231 722
231 1020
232 677
232 842
233 678
235 680
236 393
237 340
237 502
237 682
237 774
237 858
238 4
239 414
239 486
239 745
240 444
241 198
241 325
241 686
241 856
243 350
244 28
245 631
245 667
245 685
245 690
246 1010
247 185
247 632
250 346
251 609
251 782
251 789
251 941
252 697
254 86
255 156
255 546
255 856
256 20
256 191
256 231
256 382
256 465
256 823
256 910
256 946
257 823
258 703
262 33
262 707
262 717
264 77
264 218
264 476
264 522
264 967
265 316
265 388
265 941
267 594
268 59
268 504
268 833
268 949
270 63
270 227
270 266
270 279
270 382
270 412
270 445
270 637
270 780
274 21
274 56
274 466
274 573
274 719
274 749
274 779
274 911
276 367
276 721
277 885
278 544
280 10
280 223
280 332
280 777
281 591
281 637
281 863
284 729
287 732
288 268
288 833
289 926
290 404
290 735
290 849
291 16
291 197
291 642
291 736
293 122
293 738
293 755
294 844
295 65
295 264
295 698
295 906
295 915
295 955
296 206
296 371
297 559
297 740
297 874
298 943
299 19
299 196
299 227
299 361
299 464
299 641
299 744
299 909
301 184
301 746
302 326
302 747
302 922
302 924
303 839
303 863
305 47
306 60
306 115
306 227
306 838
308 720
308 753
312 757
312 836
312 992
313 228
313 865
314 209
314 502
315 200
316 106
316 674
317 842
317 848
318 502
319 343
319 889
320 407
320 445
320 852
320 873
321 33
321 564
321 766
324 298
327 328
328 45
329 427
329 872
330 153
330 778
331 192
331 373
332 212
332 623
332 777
332 828
336 18
336 781
336 908
337 771
342 47
344 832
345 388
345 790
349 155
349 330
349 600
349 920
350 938
351 339
352 797
353 848
353 922
355 398
355 800
357 756
357 802
359 815
360 805
362 858
364 809
366 204
367 276
367 721
368 813
369 956
370 1022
372 436
372 817
377 380
377 673
377 822
378 181
378 626
379 540
379 863
379 950
382 183
382 865
384 121
384 566
384 889
384 1010
384 1011
386 615
386 867
391 720
392 634
392 640
392 973
393 342
395 324
395 767
395 783
396 692
396 841
399 1004
404 849
407 852
410 855
411 120
411 498
416 861
417 380
417 692
418 235
418 680
419 580
419 602
419 620
419 814
419 834
419 998
420 625
422 94
422 170
422 354
422 539
422 984
425 870
426 187
427 109
427 872
428 181
428 233
428 244
428 338
428 626
428 678
431 299
431 399
431 744
432 469
432 652
432 662
432 725
432 829
432 877
432 973
432 1012
433 470
433 786
434 394
434 1016
435 880
436 372
436 817
438 10
438 286
438 883
439 848
440 724
440 1019
442 75
442 201
442 401
442 406
442 646
442 887
442 945
444 46
444 189
444 837
446 36
446 58
446 140
446 172
446 208
446 318
446 343
446 632
446 649
446 692
446 713
447 408
447 463
447 517
447 537
447 551
447 727
447 824
449 153
449 208
449 219
449 263
449 549
450 22
450 255
450 363
450 479
450 526
450 587
450 599
450 668
450 673
450 767
450 811
450 858
450 901
450 946
451 772
452 28
452 36
452 354
452 520
452 649
452 711
452 720
452 768
452 876
452 1016
453 0
453 28
453 40
453 106
453 150
453 155
453 259
453 310
453 311
453 346
453 432
453 537
453 595
453 600
453 706
453 731
453 806
453 819
453 846
453 877
453 903
453 956
453 986
454 35
454 55
454 163
454 166
454 198
454 200
454 260
454 273
454 356
454 389
454 418
454 468
454 482
454 549
454 831
454 851
454 858
454 869
454 988
454 1003
456 1009
457 12
457 902
458 50
458 196
458 332
458 337
458 429
458 445
458 526
458 605
458 641
458 658
458 688
458 777
458 891
458 995
458 1001
459 875
460 458
461 658
461 796
464 19
464 909
465 20
465 910
465 1018
466 21
466 911
467 749
467 767
469 38
470 42
470 73
470 174
470 289
470 311
470 331
470 338
470 433
470 448
470 563
470 574
470 619
470 848
470 923
470 1019
471 130
471 242
471 251
471 575
471 782
471 941
471 1020
472 69
472 121
472 130
472 176
472 217
472 308
472 320
472 487
472 491
472 566
472 575
472 610
472 625
472 748
472 753
472 851
472 1011
472 1020
474 5
474 29
474 101
474 309
474 354
474 413
474 420
474 554
474 696
474 711
474 803
474 919
474 958
474 991
474 1018
475 54
475 94
475 239
475 240
475 280
475 312
475 499
475 539
475 757
475 876
475 944
475 984
477 18
477 207
477 294
477 341
477 435
477 873
477 880
477 908
478 396
478 739
478 841
480 137
480 311
480 436
483 14
483 51
483 86
483 95
483 156
483 327
483 431
483 764
483 993
484 3
484 39
484 131
484 929
485 228
485 421
486 64
486 73
486 113
486 239
486 287
486 312
486 317
486 403
486 414
486 441
486 523
486 573
486 705
486 712
486 732
486 745
486 757
486 803
486 977
486 1006
487 67
487 74
487 115
487 206
487 236
487 441
487 536
487 727
487 964
487 1016
490 658
490 833
490 1012
491 264
491 584
491 799
491 989
493 191
493 658
493 987
494 43
494 64
494 692
494 700
494 754
495 286
495 384
495 459
495 695
495 715
495 760
496 285
496 519
496 543
498 120
498 411
499 54
499 944
501 282
504 59
504 949
505 329
505 369
505 441
505 508
505 592
505 652
505 1023
506 61
506 402
506 951
508 329
508 441
508 444
508 505
508 582
508 592
508 899
508 1023
515 316
515 815
515 959
516 71
516 320
516 482
516 961
517 149
517 863
518 512
518 590
518 1022
519 779
520 342
522 77
522 967
523 123
523 151
523 287
523 338
523 384
523 471
523 553
523 633
523 711
523 732
523 795
523 985
524 632
525 80
525 823
525 970
526 28
526 109
526 117
526 159
526 226
526 266
526 286
526 324
526 445
526 458
526 562
526 604
526 631
526 1007
527 378
527 873
530 85
530 717
530 975
531 11
531 20
531 37
531 39
531 98
531 106
531 221
531 231
531 271
531 292
531 321
531 360
531 362
531 373
531 465
531 484
531 495
531 551
531 603
531 664
531 666
531 766
531 805
531 910
531 927
531 929
531 933
531 943
532 91
532 265
532 517
532 717
533 35
533 88
533 373
533 397
533 674
533 708
533 717
533 773
533 978
534 89
534 795
534 979
536 115
536 319
536 353
536 598
536 925
536 997
538 93
538 479
538 983
539 94
539 330
539 829
539 984
540 669
540 924
541 754
542 375
542 706
543 938
544 599
544 621
545 313
547 12
547 56
547 79
547 113
547 163
547 457
547 521
547 691
547 762
547 884
547 895
547 902
548 219
548 246
548 312
548 509
548 613
548 757
548 780
548 785
549 153
550 44
550 91
550 122
550 875
550 934
551 799
551 828
552 339
552 564
552 632
552 743
553 18
553 76
553 84
553 219
553 342
553 391
553 403
553 496
553 505
553 821
553 901
553 908
553 974
553 1006
554 246
554 341
555 12
555 39
555 67
555 75
555 135
555 148
555 416
555 457
555 484
555 502
555 605
555 853
555 861
555 902
555 929
556 429
556 456
556 715
556 818
556 994
557 916
558 85
558 252
558 501
558 507
558 530
558 611
558 672
558 697
558 879
558 925
558 975
559 478
561 352
561 797
562 28
562 117
562 159
562 526
562 604
562 881
562 1007
563 8
563 223
563 238
563 248
563 279
563 289
563 448
563 470
563 547
563 670
563 771
563 793
563 795
563 933
563 943
563 994
564 30
565 50
565 363
566 121
566 1011
567 517
568 250
568 827
569 54
569 55
569 66
569 124
569 194
569 254
569 292
569 385
569 499
569 639
569 900
569 944
569 1014
572 127
572 1017
573 821
575 130
575 1020
576 792
577 287
577 434
577 683
577 732
578 111
578 724
579 857
580 190
580 243
580 366
580 419
580 468
580 734
580 829
580 834
580 937
581 34
581 162
581 410
581 588
581 589
581 664
581 750
581 855
581 982
581 1021
584 591
584 994
585 584
585 587
587 375
588 21
588 466
588 806
588 847
588 911
588 1010
589 71
589 212
589 395
589 408
589 445
589 494
589 516
589 596
589 715
589 961
589 980
592 18
592 37
592 52
592 230
592 329
592 365
592 433
592 441
592 444
592 505
592 508
592 608
592 636
592 908
592 927
592 942
592 1021
592 1023
594 267
595 97
595 150
595 360
595 584
595 805
597 61
597 208
597 245
597 259
597 364
597 379
597 409
597 420
597 506
597 564
597 587
597 613
597 690
597 809
597 857
597 951
598 148
599 271
599 436
599 544
599 605
599 621
599 650
599 656
599 783
599 935
599 946
599 966
600 155
600 954
601 804
601 1009
602 430
604 159
604 709
605 392
605 599
605 650
605 786
605 935
606 23
606 161
606 521
606 913
607 116
607 387
608 126
609 195
609 311
609 440
609 444
609 616
609 712
610 436
611 25
611 485
612 15
612 87
612 223
612 230
612 292
612 471
612 765
612 905
612 969
614 174
614 619
615 102
615 386
615 867
617 253
618 663
618 748
618 749
618 977
618 998
619 174
620 83
621 968
623 400
625 397
625 420
625 512
626 181
626 221
626 666
626 945
626 982
627 217
628 168
629 0
629 88
629 106
629 270
629 533
629 756
629 978
630 120
630 750
631 134
631 139
631 328
631 347
632 446
633 197
633 234
633 459
633 546
633 642
633 716
633 755
633 832
633 876
634 704
635 535
635 698
635 722
637 65
637 213
637 955
638 107
638 263
638 277
638 373
638 379
639 194
641 196
641 434
641 654
641 980
641 982
642 119
642 197
644 122
644 199
645 136
646 201
646 573
646 795
647 202
648 46
648 61
648 133
648 142
648 156
648 213
648 227
648 273
648 329
648 331
648 448
648 452
648 473
648 506
648 649
648 785
648 923
648 951
648 996
649 190
649 903
651 957
652 432
652 877
653 270
653 694
653 829
654 705
655 39
655 155
655 210
655 221
655 484
655 600
655 666
655 709
655 929
655 947
656 323
656 674
656 787
656 854
657 370
658 73
658 79
658 345
658 490
658 790
658 878
658 1012
660 18
660 67
660 151
660 168
660 324
660 396
660 513
660 567
660 831
660 841
660 908
660 941
661 350
661 731
662 360
662 519
662 805
665 220
665 490
665 649
666 98
666 221
666 373
666 467
666 531
668 450
668 901
669 772
671 1023
673 400
673 590
673 1004
674 405
675 105
675 126
675 806
675 994
676 47
676 98
676 193
676 247
677 232
677 842
678 233
680 235
681 219
681 224
681 373
681 628
682 237
682 340
682 502
682 774
682 858
685 155
685 600
685 969
686 198
686 241
686 325
686 856
690 245
690 631
690 667
690 685
693 565
693 723
693 782
693 860
693 1003
694 857
697 252
698 295
700 43
700 322
700 401
700 494
700 718
700 779
700 834
701 22
701 327
701 368
701 496
701 507
701 611
701 668
701 730
701 813
701 858
701 939
703 258
704 184
704 587
704 634
704 664
704 835
705 372
705 817
705 930
705 941
707 33
707 262
707 717
708 114
708 208
709 274
709 719
710 84
710 974
710 999
712 765
713 324
713 498
713 775
713 968
715 286
715 456
715 495
715 557
715 695
715 1001
719 21
719 56
719 274
719 466
719 573
719 749
719 779
719 911
721 276
721 367
722 535
722 635
723 657
723 884
724 440
727 48
727 308
727 420
727 422
727 476
727 487
727 689
727 714
727 753
729 284
730 404
730 849
732 287
733 335
733 651
733 730
733 898
734 181
734 626
734 868
734 923
735 290
735 404
735 849
736 16
736 197
736 291
736 642
738 122
738 293
738 755
740 850
740 904
741 718
742 271
742 990
744 19
744 196
744 227
744 299
744 361
744 464
744 641
744 909
746 184
746 301
747 302
747 326
747 922
747 924
749 5
749 400
751 63
751 149
751 481
751 557
751 691
751 931
752 860
753 308
753 720
754 879
755 633
757 312
757 836
757 992
758 330
758 846
758 894
759 409
759 769
762 90
762 429
762 613
762 875
764 867
765 434
766 33
766 321
766 564
767 145
767 345
767 467
767 790
767 818
770 209
774 40
774 64
774 164
774 237
774 238
774 276
774 682
774 721
775 139
775 365
775 412
775 478
775 973
776 63
776 498
776 509
776 741
776 898
776 906
777 212
777 332
777 623
777 828
779 8
781 18
781 336
781 908
782 693
782 723
790 345
790 388
791 832
794 126
794 276
794 721
795 89
795 534
795 979
796 476
796 537
797 352
798 339
800 355
800 398
802 357
802 756
804 22
804 180
804 434
805 360
807 195
809 364
810 54
810 499
810 944
811 634
813 368
815 200
816 137
816 156
816 229
816 636
816 888
817 372
817 436
819 0
819 453
819 706
819 783
819 846
822 377
822 380
822 673
823 253
824 478
824 903
825 367
825 542
825 798
828 551
829 39
829 92
829 330
829 484
829 929
831 596
833 121
833 566
833 1011
836 272
836 312
836 395
836 406
836 414
836 463
836 757
837 410
837 855
837 989
838 400
838 825
840 375
840 854
841 396
841 692
842 317
843 35
844 148
844 209
844 294
844 924
845 57
847 65
847 784
847 835
847 955
849 404
852 407
855 410
859 180
859 434
860 141
860 158
860 541
860 616
861 416
862 86
863 705
864 150
864 595
864 801
865 6
865 235
865 680
865 756
866 61
866 151
866 506
866 734
866 951
869 118
869 416
869 861
869 985
869 987
870 425
872 109
872 427
874 692
875 179
875 617
875 838
876 3
876 389
876 931
877 432
877 469
877 652
877 662
877 725
877 829
877 973
877 1012
879 558
880 435
881 383
881 873
883 10
883 286
883 438
884 590
884 865
885 18
885 908
887 75
887 201
887 401
887 406
887 442
887 646
887 945
888 421
888 816
889 413
889 724
890 1
890 40
890 300
890 363
890 598
890 718
890 820
890 965
890 1022
891 292
891 739
891 741
892 151
892 172
892 214
892 284
892 321
892 363
892 564
892 614
892 694
892 695
892 729
892 766
892 798
894 279
894 640
894 758
894 1016
895 43
895 147
895 184
895 226
895 358
895 380
895 413
895 768
895 831
895 847
895 1000
897 429
897 622
897 959
897 1006
898 63
898 64
898 111
898 117
898 152
898 205
898 357
898 498
898 509
898 523
898 526
898 529
898 553
898 562
898 741
898 749
898 759
898 776
898 795
898 802
898 864
898 893
898 906
898 1007
898 1013
899 3
899 18
899 84
899 119
899 196
899 233
899 266
899 346
899 352
899 435
899 482
899 508
899 544
899 641
899 678
899 689
899 704
899 797
899 880
899 908
899 936
899 946
899 974
899 977
902 12
902 457
903 26
903 67
903 125
903 190
903 382
903 478
903 649
903 728
903 779
903 824
903 926
903 931
905 15
905 614
905 1022
907 17
907 53
907 220
907 408
907 665
908 18
908 197
908 341
908 477
908 642
909 19
909 464
910 20
910 465
910 1018
911 21
911 466
912 6
912 455
913 23
914 702
914 771
915 38
915 168
915 190
915 238
915 297
915 392
915 417
915 527
915 556
915 560
915 568
915 867
915 906
915 987
916 135
916 288
916 885
917 28
917 88
917 199
917 533
917 548
917 607
917 644
917 978
918 53
918 497
919 5
919 29
919 101
919 309
919 354
919 413
919 420
919 474
919 554
919 696
919 711
919 803
919 958
919 991
919 1018
920 64
920 88
920 155
920 201
920 210
920 296
920 330
920 349
920 533
920 600
920 609
920 646
920 655
920 670
920 828
920 978
921 31
921 390
922 220
922 244
922 261
922 302
922 353
922 665
922 720
922 747
922 924
924 540
925 27
925 85
925 507
925 530
925 558
925 975
926 792
927 37
927 830
928 106
928 269
928 295
928 357
928 377
928 802
928 822
928 824
928 946
929 3
929 39
929 131
929 484
930 699
931 3
931 4
931 52
931 206
931 314
931 355
931 371
931 389
931 406
931 556
931 751
931 800
931 876
931 940
931 942
931 1010
932 185
932 236
932 247
932 290
932 618
932 725
932 735
932 752
932 903
933 11
933 83
933 221
933 248
933 279
933 531
933 551
933 563
933 666
933 912
934 44
934 59
934 160
934 183
934 193
934 286
934 504
934 949
935 149
935 180
935 221
935 293
935 634
935 666
935 738
935 859
935 1004
936 335
936 401
936 425
936 482
936 704
936 870
936 899
938 350
938 377
938 468
938 543
938 814
938 822
938 1010
939 165
939 174
939 212
939 448
939 503
939 619
940 98
940 206
940 240
940 304
940 543
940 857
940 884
942 52
942 372
942 455
942 817
943 64
943 298
943 359
943 722
944 54
944 499
946 303
946 339
946 351
946 482
947 119
949 59
949 504
950 232
950 284
950 408
950 677
950 729
951 61
951 402
951 506
952 193
952 413
953 238
953 514
953 636
953 779
953 988
955 65
955 212
956 675
958 72
958 109
959 20
959 465
959 730
959 910
960 461
960 543
961 71
961 320
961 482
961 516
962 714
963 157
963 212
963 216
963 249
963 427
963 467
963 725
963 730
963 779
963 820
963 872
964 74
965 107
965 244
965 298
965 311
965 408
965 687
965 788
965 803
966 6
966 14
966 165
966 418
967 77
967 522
968 6
968 47
968 73
968 226
968 307
968 331
968 368
968 515
968 662
968 813
968 814
969 633
969 657
969 685
969 833
970 80
970 525
970 823
971 15
971 130
971 169
971 204
971 251
971 392
971 575
971 599
971 752
971 812
971 905
971 947
971 1020
972 640
972 1018
974 84
974 980
975 85
975 530
975 717
976 47
976 212
976 240
976 485
976 550
976 723
976 762
976 775
976 811
976 818
976 988
977 18
977 119
977 233
977 352
977 678
977 797
977 899
977 908
978 35
978 88
978 373
978 397
978 533
978 674
978 708
978 717
978 773
979 89
979 534
979 795
981 325
981 417
981 621
981 914
983 93
983 479
983 538
984 94
984 330
984 539
984 829
985 189
985 238
985 275
985 298
985 365
985 437
985 869
985 960
986 35
986 60
986 140
986 191
986 309
986 406
986 598
986 684
986 693
986 739
986 767
986 773
986 843
987 345
987 348
987 790
988 99
988 128
988 924
990 568
990 937
992 36
992 85
992 312
992 364
992 371
992 530
992 537
992 651
992 757
992 809
992 966
992 975
992 1018
993 17
993 63
993 248
993 419
993 529
993 629
993 907
994 373
994 429
994 430
994 556
994 584
995 118
996 142
996 490
996 648
996 825
997 702
998 419
998 541
998 602
998 620
998 664
998 696
998 814
998 950
999 23
999 387
999 913
1000 86
1000 94
1000 225
1000 226
1000 247
1000 433
1000 439
1000 539
1000 568
1000 617
1000 811
1000 831
1000 894
1000 895
1000 984
1001 62
1001 114
1001 356
1001 493
1001 557
1001 715
1001 792
1001 807
1001 881
1001 969
1002 379
1002 628
1004 253
1004 400
1004 590
1004 658
1004 673
1004 823
1004 959
1005 779
1007 28
1007 117
1007 159
1007 526
1007 562
1007 604
1007 881
1008 128
1008 130
1008 237
1008 333
1008 451
1008 529
1008 549
1008 575
1008 682
1008 748
1008 776
1008 1020
1010 588
1011 121
1011 566
1013 765
1013 784
1013 892
1014 54
1014 55
1014 66
1014 124
1014 194
1014 254
1014 292
1014 385
1014 499
1014 569
1014 639
1014 900
1014 944
1015 507
1015 957
1016 271
1017 127
1017 572
1018 19
1018 464
1018 909
1020 130
1020 575
1021 322
1021 393
1021 407
1021 431
1021 521
1021 636
1021 645
1021 852
1022 370
1022 437
1022 657
1022 939
1023 505
1023 508
1023 592
1023 671
