512 64
6 281
21 14
42 3
46 346
51 383
60 110
66 27
102 62
122 170
139 154
152 167
165 468
167 152
184 199
206 415
220 412
225 373
231 469
240 382
242 215
246 242
257 490
260 478
264 477
264 479
266 378
267 501
279 258
280 138
290 343
306 393
318 198
321 179
326 423
347 270
348 462
362 438
378 266
382 240
401 221
407 257
408 348
408 462
412 220
415 206
432 241
433 345
438 362
444 229
446 395
448 360
462 348
468 165
470 481
477 264
477 479
478 260
480 385
486 212
492 266
501 267
505 368
508 469
509 263
