256 341
0 33
0 55
0 117
2 34
2 227
4 50
4 147
4 207
4 242
5 191
6 86
6 223
8 215
10 32
10 120
10 216
11 101
11 170
13 8
13 91
13 99
16 19
16 20
16 50
16 244
17 68
17 75
17 117
17 142
17 230
18 59
21 9
22 77
22 130
24 125
26 12
26 109
28 170
31 151
33 98
33 155
33 192
33 252
33 255
35 200
35 233
37 3
39 173
41 84
45 52
45 112
45 198
46 40
46 147
47 49
47 119
47 137
47 179
48 57
48 154
48 157
51 117
51 179
51 209
54 251
58 84
59 18
61 93
61 102
62 34
62 44
63 32
63 118
63 127
63 195
63 205
63 228
65 64
65 98
65 168
65 177
65 186
65 229
65 241
65 247
67 113
67 154
67 188
68 102
68 136
70 91
70 113
70 186
71 83
71 131
71 146
71 178
71 194
72 18
72 90
72 153
72 192
76 79
78 23
78 116
78 119
78 157
78 173
78 181
79 76
80 131
80 247
81 5
81 69
83 34
85 174
89 129
90 35
90 72
90 118
90 121
92 6
92 166
92 188
92 241
93 7
94 101
94 161
95 18
95 29
95 68
95 124
96 57
96 231
96 253
97 1
97 126
100 74
101 29
101 231
104 22
104 168
104 213
105 102
105 189
106 171
108 19
108 62
108 114
108 126
108 199
109 166
110 60
110 78
110 180
111 50
111 84
111 210
111 220
111 223
112 163
112 232
113 180
115 12
115 160
116 128
117 51
117 209
118 90
118 99
118 107
121 180
125 83
126 1
126 12
126 97
126 99
126 108
126 160
126 242
131 80
131 109
131 178
132 236
133 37
133 243
135 43
135 91
135 170
136 215
136 239
137 28
137 47
139 101
140 159
140 185
142 200
143 207
144 15
144 84
146 71
146 250
147 106
148 24
149 164
149 254
150 201
150 242
153 145
153 159
153 254
154 67
158 34
159 153
159 206
159 247
163 1
164 149
165 118
167 15
167 160
168 22
168 254
169 33
169 56
169 139
172 32
173 5
173 30
173 39
173 78
173 229
176 24
176 53
176 69
176 108
176 232
178 131
178 151
178 157
178 183
178 189
178 224
180 121
183 41
185 199
185 213
185 245
187 102
188 67
188 86
189 105
190 37
190 154
190 200
191 23
192 174
195 63
195 84
195 156
197 138
197 166
199 62
199 185
200 29
200 149
201 86
201 135
201 150
201 204
201 215
202 155
203 80
203 86
203 177
203 183
203 205
203 214
203 227
203 249
204 212
205 183
205 203
206 154
206 159
208 32
211 60
213 185
214 14
214 42
214 57
214 179
215 136
215 239
218 55
218 136
220 162
221 42
224 29
228 63
228 122
228 127
228 217
229 173
230 17
232 53
232 55
232 119
232 176
235 31
235 49
235 64
235 86
235 117
235 219
238 7
238 160
244 46
244 188
244 251
245 231
246 40
246 216
246 221
248 30
248 87
248 226
249 122
251 54
252 23
252 46
252 111
252 141
252 161
252 180
253 215
255 33
255 69
255 98
255 181
255 192
