256 231
0 20
0 75
0 93
0 116
0 132
0 183
0 214
0 233
0 238
1 184
1 221
4 14
4 90
4 165
5 2
5 32
5 96
5 149
5 164
5 185
8 14
8 36
8 87
8 251
9 185
10 192
12 138
12 176
12 206
12 211
14 95
14 98
16 40
16 63
16 69
16 123
16 137
16 223
18 149
20 26
20 112
20 135
20 145
20 200
20 232
21 178
25 175
26 20
26 112
26 234
28 47
28 147
28 218
29 126
30 123
30 127
31 56
35 136
38 93
39 94
43 23
43 69
43 136
46 193
47 7
47 28
47 80
47 179
47 218
47 227
49 77
51 151
51 179
56 31
58 43
58 70
60 76
65 29
67 86
67 110
67 245
68 82
68 166
68 169
68 172
68 193
68 207
69 16
69 133
69 196
72 80
72 83
72 90
72 134
73 134
73 216
74 89
76 60
77 245
78 22
78 187
78 205
83 6
90 4
90 72
90 78
90 165
90 247
92 113
92 118
92 162
92 239
92 241
93 15
93 59
93 133
95 128
102 96
102 124
102 214
104 141
104 199
104 213
104 249
104 254
106 205
110 89
110 138
113 92
113 94
113 239
113 241
119 153
119 195
120 23
120 66
127 223
131 166
134 65
134 73
136 43
137 16
138 87
138 228
138 249
140 144
140 155
140 190
140 197
141 210
141 235
143 252
154 238
155 107
155 140
157 25
157 237
158 84
158 244
158 249
159 92
159 179
159 182
159 230
160 79
161 254
166 99
167 117
169 217
172 21
172 229
173 119
173 185
173 222
173 239
176 12
177 23
177 198
185 31
187 22
187 63
187 78
187 169
187 205
193 129
193 158
196 231
200 145
206 52
206 54
210 76
211 74
213 1
213 114
215 111
216 168
216 180
217 149
217 169
217 221
229 21
229 48
229 77
229 99
229 172
229 216
229 226
229 231
231 34
231 148
231 181
233 116
234 228
235 141
235 163
235 180
235 196
235 210
235 212
235 219
238 0
238 252
239 41
242 34
248 208
252 143
254 89
255 26
255 98
255 216
255 234
