256 217
0 117
0 123
0 169
0 194
2 167
2 182
2 241
3 167
5 168
6 64
7 46
7 180
7 181
9 45
9 218
10 37
10 70
10 84
10 154
10 172
12 19
13 39
13 42
13 85
13 157
16 63
16 91
16 137
16 193
17 254
22 105
24 101
24 152
24 237
25 99
26 112
26 150
29 45
29 46
29 82
29 186
29 242
30 6
35 91
35 109
37 6
39 13
39 100
39 125
39 225
40 115
41 86
43 193
44 237
48 235
51 231
54 31
58 70
59 243
61 78
61 102
61 249
62 211
66 86
67 113
67 144
67 160
68 5
68 102
69 8
69 185
70 210
72 60
72 74
72 90
72 118
74 72
76 153
76 185
76 192
76 198
78 137
78 155
85 13
85 29
85 96
85 119
85 130
85 157
90 12
90 72
90 113
90 167
90 197
90 225
92 48
94 34
94 82
95 51
96 22
98 187
101 1
104 45
111 58
111 232
112 83
113 54
113 67
113 215
115 40
121 97
122 243
124 51
127 236
130 120
134 22
134 125
134 195
134 240
135 1
135 126
135 202
137 16
139 156
140 169
143 75
143 191
143 205
144 31
146 88
146 255
148 15
148 154
149 250
154 196
158 115
159 206
160 67
163 87
163 99
163 189
167 152
167 212
171 238
172 5
172 249
173 105
173 199
175 12
175 19
175 203
176 14
182 44
182 150
186 18
186 38
186 54
186 88
186 130
186 141
186 150
186 242
187 233
189 118
190 78
191 170
192 120
192 236
195 1
195 134
199 122
200 41
202 50
202 99
202 128
204 133
204 212
205 169
206 14
206 60
206 159
206 234
211 40
212 133
215 26
215 54
215 113
215 170
215 235
217 9
217 107
218 182
219 70
220 140
220 255
222 133
231 19
232 46
232 111
232 128
234 203
235 48
240 139
240 245
243 122
245 203
245 254
248 11
248 23
248 30
248 226
249 61
251 15
252 24
252 120
252 213
253 75
