512 685
1 132
1 256
1 294
2 121
2 177
2 180
2 290
2 366
2 370
2 376
2 403
2 420
2 434
2 493
3 32
3 122
3 183
3 284
5 138
5 168
5 180
5 420
7 138
7 340
7 392
8 91
8 214
8 225
8 342
8 368
8 391
8 445
9 377
12 43
12 457
13 180
13 218
13 406
13 500
14 98
14 174
14 354
15 362
16 56
16 202
19 464
20 465
21 466
25 141
25 196
25 297
25 422
27 39
27 74
27 242
27 247
27 482
27 484
28 52
29 68
29 251
29 358
29 420
29 474
29 493
30 234
30 283
30 322
30 459
32 121
32 330
32 443
35 49
35 167
35 200
35 237
35 253
35 295
35 455
38 166
39 448
39 484
40 254
41 355
41 448
41 497
41 500
42 39
42 47
42 76
42 145
42 168
42 426
42 456
42 484
43 12
43 50
43 236
43 289
43 329
43 405
43 434
43 457
45 2
45 84
45 178
45 216
45 226
45 242
45 332
45 362
45 387
45 393
45 487
46 37
46 319
46 425
48 157
48 163
48 193
48 212
48 405
48 489
49 212
54 499
55 240
57 400
59 504
60 147
60 314
60 401
61 506
63 343
69 20
69 465
71 37
73 22
73 99
73 157
73 193
73 288
73 427
75 140
75 358
78 200
78 343
78 469
78 485
79 131
79 135
79 226
79 401
79 425
79 478
80 177
80 378
81 118
81 366
81 476
85 292
86 111
86 334
86 373
86 387
86 488
86 492
86 500
87 50
88 328
88 411
88 450
91 19
91 33
91 239
91 357
91 392
91 441
91 464
91 493
93 479
95 81
95 257
95 290
96 63
96 205
96 294
96 328
97 261
97 375
98 156
98 161
98 208
98 283
100 82
100 137
100 232
100 298
101 78
101 321
101 494
101 501
102 5
102 12
102 322
102 446
102 457
104 355
104 398
104 423
107 249
109 2
109 6
109 195
109 361
109 431
110 151
110 305
110 359
110 360
110 377
111 500
114 69
114 145
114 378
114 480
116 148
117 159
118 81
118 84
118 130
118 237
118 249
118 256
118 331
118 333
119 39
119 331
119 340
119 484
123 177
124 54
124 66
124 194
124 455
124 499
126 319
126 362
128 362
131 56
131 79
131 244
131 294
131 304
131 401
131 411
131 438
131 455
131 458
131 476
132 1
132 23
132 44
132 187
132 275
132 294
132 325
132 459
133 384
135 36
135 79
135 125
135 188
135 315
135 394
135 425
136 159
136 182
136 264
136 267
136 310
136 329
138 244
139 146
140 75
142 191
142 234
142 286
142 413
143 82
144 0
144 50
144 71
144 90
144 151
144 204
144 270
146 421
147 60
147 134
147 163
147 191
147 314
147 323
147 401
147 463
147 482
147 490
147 497
150 139
150 360
152 68
152 123
152 160
152 164
152 312
152 331
152 373
154 338
154 345
154 441
157 191
157 379
157 461
159 136
159 264
160 68
160 152
160 178
160 251
160 324
160 376
160 423
160 452
160 511
161 468
162 285
163 126
163 282
163 314
164 243
164 246
166 65
166 370
167 255
168 5
177 284
177 383
177 410
180 2
180 221
180 420
180 493
181 221
182 217
184 296
185 109
185 311
185 352
186 10
188 12
188 36
188 76
188 93
188 135
188 228
188 304
188 349
188 457
188 503
196 90
196 209
201 128
203 18
203 100
203 169
203 251
203 468
203 505
205 283
205 467
209 260
210 39
210 155
210 221
210 264
210 484
210 502
211 204
211 409
213 172
214 342
215 43
215 72
215 200
215 204
215 226
215 449
215 454
220 105
221 22
222 68
224 399
229 106
231 166
231 492
234 301
237 57
237 340
240 155
240 222
240 246
241 325
241 392
243 164
245 107
245 240
245 493
246 455
249 20
249 76
249 465
251 50
253 467
255 167
255 356
258 423
259 133
260 40
260 51
260 326
260 372
262 33
263 183
263 482
264 190
264 274
265 451
268 175
268 446
269 179
270 250
271 175
271 280
274 21
274 49
274 128
274 230
274 466
279 121
280 271
280 332
286 204
289 80
289 434
290 404
291 16
291 197
293 310
293 334
295 201
295 471
296 194
297 94
297 120
299 19
299 196
299 464
305 452
306 28
308 275
309 356
309 418
311 244
313 153
314 126
314 163
314 282
317 254
317 303
319 62
319 202
319 502
320 64
321 33
321 253
323 67
323 183
327 473
331 208
331 508
332 45
332 178
336 463
341 65
342 492
344 359
347 361
349 126
349 276
351 31
352 424
353 111
355 104
355 398
355 423
357 311
362 30
365 54
365 499
369 15
371 89
371 112
371 365
374 261
374 272
379 478
392 425
395 280
398 304
399 114
400 57
401 113
402 237
403 363
411 378
412 216
414 178
414 441
421 146
424 352
424 416
426 76
426 168
426 456
430 298
432 24
432 389
437 344
438 421
440 129
442 105
442 201
442 313
445 8
445 9
445 75
445 106
445 273
445 363
446 16
446 72
446 104
446 205
446 268
447 104
447 172
447 413
447 477
448 326
449 111
449 159
449 242
449 300
450 88
450 89
450 178
450 220
450 332
450 380
450 462
451 196
452 50
452 398
453 165
454 129
454 342
455 131
457 12
457 43
458 99
458 212
458 264
458 273
458 377
458 419
459 55
461 351
462 220
462 450
463 197
464 19
465 20
466 21
467 10
467 253
469 257
470 15
470 20
470 151
470 222
470 229
470 232
470 456
470 465
470 468
471 295
472 0
472 161
472 273
472 326
472 341
472 365
474 29
474 68
474 251
474 358
474 420
474 493
475 217
475 414
477 52
478 294
478 396
479 393
480 6
480 9
480 51
480 93
480 151
480 210
480 301
480 460
481 83
481 347
481 403
482 190
482 449
483 168
483 403
483 414
483 475
484 39
484 448
486 180
486 182
486 225
486 291
486 401
486 408
487 17
487 166
487 388
487 468
488 46
489 59
489 504
491 293
493 40
494 478
495 23
495 77
495 84
495 97
495 114
495 125
495 165
495 382
495 401
495 452
495 459
495 467
495 511
497 10
497 372
498 128
499 54
500 156
501 93
504 59
505 232
505 284
506 61
508 322
508 441
511 495
