1024 2880
1 739
2 9
2 111
2 117
2 211
2 311
2 316
2 325
2 327
2 422
2 562
2 617
2 709
2 722
2 787
2 850
2 982
2 1007
3 189
3 271
3 956
4 151
4 179
4 238
4 246
4 268
4 269
4 310
4 472
4 500
4 819
4 848
4 879
5 43
5 98
5 138
5 147
5 226
5 253
5 358
5 393
5 541
5 581
5 587
5 768
5 806
5 853
5 1000
7 0
7 191
7 229
7 326
7 398
7 531
7 958
7 972
8 22
8 149
8 310
8 488
8 494
8 620
8 737
8 850
9 355
9 483
9 503
9 624
9 640
9 696
9 784
9 785
9 800
9 853
12 457
12 902
13 58
13 82
13 102
13 228
13 256
13 283
13 302
13 312
13 442
13 455
13 500
13 567
13 717
13 747
13 757
13 760
13 808
13 887
13 893
13 906
13 1001
14 580
15 614
15 905
16 116
16 202
16 218
16 379
16 647
16 684
16 782
16 894
16 936
16 958
17 83
17 173
17 220
17 450
17 665
17 793
17 832
17 907
18 197
18 642
18 908
19 464
19 909
20 465
20 910
20 1018
21 466
21 911
22 996
23 913
25 11
25 111
25 267
25 355
25 437
25 451
25 578
25 710
25 748
25 800
25 937
25 989
26 83
26 384
27 160
27 216
27 257
28 497
28 583
29 68
29 86
29 354
29 420
29 474
29 495
29 531
29 696
29 749
29 803
29 915
29 919
29 938
29 996
29 1018
30 198
30 213
30 246
30 271
30 385
30 564
30 798
30 875
30 995
31 390
31 921
32 31
32 86
32 198
32 223
32 311
32 336
32 367
32 420
32 495
32 526
32 528
32 535
32 614
32 705
32 781
32 921
32 937
35 148
35 347
35 943
36 85
36 508
36 530
36 542
36 799
36 975
36 992
36 1018
37 371
37 927
38 419
39 3
39 131
39 484
39 929
40 217
41 99
41 195
41 224
41 293
41 362
41 462
41 551
41 730
41 738
41 976
43 236
43 250
43 255
43 296
43 392
43 537
43 1018
44 59
44 183
44 253
44 286
44 504
44 833
44 934
44 949
45 149
45 221
45 293
45 551
45 634
45 666
45 688
45 738
45 859
45 932
45 1004
46 113
46 319
46 335
46 425
46 443
46 482
46 700
46 870
47 917
48 393
48 510
49 407
49 480
49 852
49 1021
50 1
50 130
50 207
50 441
50 575
50 731
50 891
50 918
50 1020
52 372
52 455
52 817
52 942
53 108
53 345
53 574
53 752
53 790
53 878
53 937
54 499
54 944
55 846
56 116
56 359
56 435
56 706
56 765
56 815
56 880
59 504
59 949
60 306
61 506
61 951
62 114
62 355
62 384
62 520
62 800
62 853
62 1001
63 149
63 270
63 382
63 691
63 733
63 751
63 799
63 838
63 959
65 212
65 955
67 298
67 315
67 768
67 939
69 20
69 465
69 910
70 118
70 121
70 237
70 333
70 334
70 566
70 682
70 776
70 1008
70 1011
71 320
71 482
71 516
71 961
73 212
73 216
73 249
73 427
73 467
73 635
73 725
73 820
73 838
73 872
74 964
75 107
75 244
75 298
75 311
75 394
75 543
75 687
75 788
75 803
77 522
77 967
78 47
78 226
78 282
78 307
78 331
78 368
78 662
78 813
79 432
79 469
79 722
79 877
80 525
80 823
80 970
81 35
81 173
81 281
81 447
81 520
81 586
81 591
81 838
81 839
81 856
82 724
84 974
84 980
85 530
85 975
86 29
86 474
86 803
86 919
86 938
87 192
87 233
87 372
87 678
87 759
87 817
87 1002
88 373
88 450
88 533
88 674
88 708
88 773
88 978
89 534
89 795
89 979
90 24
90 157
90 616
90 696
91 225
91 231
91 234
91 293
91 398
91 463
91 493
91 532
91 579
91 738
91 837
93 479
93 538
93 983
94 330
94 539
94 984
95 351
95 676
96 60
96 140
96 191
96 406
96 598
96 684
96 739
96 773
96 843
98 24
98 32
98 56
98 286
98 317
98 739
98 799
98 816
98 845
98 985
98 1023
99 84
99 737
99 812
99 924
99 974
101 670
102 84
102 124
102 188
102 259
102 278
102 426
102 489
102 569
102 589
102 615
102 673
102 974
102 1014
103 195
103 260
103 303
103 459
103 478
104 313
104 415
105 118
105 863
106 285
107 405
108 10
108 53
108 135
108 286
108 345
108 347
108 367
108 438
108 445
108 451
108 550
108 621
108 671
108 702
108 790
108 883
110 55
110 184
110 224
110 248
110 288
110 362
110 398
110 518
110 524
110 629
110 808
110 820
110 837
110 943
110 1013
111 2
111 157
111 487
111 526
113 767
113 851
113 1016
115 425
115 870
116 56
117 159
117 540
117 562
117 577
117 604
117 1007
118 105
118 863
121 566
121 1011
122 0
124 54
124 66
124 194
124 254
124 499
124 569
124 639
124 832
124 900
124 944
124 1014
125 326
125 339
126 99
126 319
127 572
127 1017
128 146
128 343
129 179
130 575
130 1020
131 3
131 39
131 225
131 234
131 484
131 685
131 929
131 950
132 96
132 374
132 706
132 830
133 78
133 227
133 265
133 443
133 630
133 874
134 630
134 631
134 796
134 832
135 33
135 281
135 379
135 650
135 801
135 950
135 957
135 963
135 988
136 155
136 294
136 314
136 318
136 328
136 574
136 600
136 803
136 1022
137 282
137 557
139 165
141 448
144 15
144 58
144 116
144 779
144 796
144 905
144 941
146 343
147 5
147 98
147 138
147 351
147 520
147 587
147 768
147 816
147 860
147 968
148 472
149 8
149 22
149 459
149 850
149 859
150 97
150 360
150 584
150 595
150 805
151 109
152 139
152 176
152 559
152 621
152 669
154 178
154 318
154 363
154 843
155 600
155 954
159 604
159 709
160 27
160 120
160 216
160 452
160 607
160 794
161 23
161 606
161 786
161 913
161 1003
162 35
162 68
162 219
162 279
162 584
162 589
162 750
162 774
162 960
162 971
162 1021
163 409
164 70
164 711
164 726
164 903
166 163
166 193
166 198
166 755
166 778
167 281
167 316
167 320
167 380
167 685
167 751
167 891
167 899
167 943
167 945
167 950
167 1012
169 463
170 112
170 193
170 214
170 287
170 421
170 732
173 421
174 619
174 774
175 362
175 1002
176 319
177 161
177 606
177 670
181 79
181 92
181 221
181 500
181 626
181 666
182 361
184 140
184 241
184 270
184 285
184 412
184 445
184 637
184 686
184 780
184 801
185 18
185 109
185 248
185 394
185 403
185 511
185 577
185 645
185 649
185 658
185 687
185 694
185 908
185 985
186 275
186 317
188 100
188 168
188 210
188 216
188 521
188 564
188 576
188 655
188 731
192 985
193 551
193 1015
194 639
195 41
195 183
195 266
195 355
195 715
195 717
195 800
196 92
196 434
196 641
196 654
196 980
197 642
199 230
199 644
200 315
200 815
201 573
201 646
201 795
201 863
201 932
202 647
203 90
203 144
203 167
203 263
203 299
203 315
203 341
203 419
203 627
203 720
203 744
203 924
203 950
204 596
205 343
205 455
205 900
209 314
209 844
209 853
210 39
210 155
210 221
210 418
210 484
210 600
210 655
210 666
210 709
210 929
210 947
211 145
211 652
213 20
213 235
213 465
213 680
213 910
214 285
214 633
214 878
215 22
215 79
215 81
215 93
215 508
215 537
215 538
215 567
215 741
215 983
216 73
216 495
218 69
218 264
218 737
219 938
220 665
221 373
221 467
221 666
221 847
221 965
222 279
223 323
223 709
224 153
224 528
225 34
225 247
225 399
225 568
225 617
225 1004
226 224
226 339
228 597
229 962
231 130
231 521
231 561
231 575
231 722
231 1020
232 677
233 678
235 680
237 340
237 502
237 635
237 682
238 4
239 414
239 745
240 198
240 444
241 325
241 411
241 686
241 816
241 1002
241 1019
243 185
243 518
243 521
243 561
243 624
243 966
243 972
245 222
245 631
245 685
245 690
246 1010
247 632
250 965
251 782
251 918
251 941
252 697
255 43
255 296
255 718
255 834
257 823
258 703
259 109
259 133
259 734
259 782
262 33
262 707
264 77
264 218
264 476
264 522
264 737
264 945
264 967
265 316
265 658
265 941
266 512
268 59
268 504
268 949
270 63
270 184
270 285
270 382
270 412
270 445
270 624
270 637
270 780
270 838
271 758
274 21
274 466
274 573
274 719
274 911
276 672
276 721
277 885
278 544
279 121
279 566
279 831
279 1010
279 1011
280 10
280 332
280 513
280 777
281 81
281 279
281 447
281 591
281 637
281 839
282 137
282 204
282 557
282 842
282 1019
283 439
284 729
285 291
285 736
287 732
288 402
289 14
289 109
289 263
289 704
289 1013
290 404
290 551
290 735
290 849
291 16
291 197
291 642
291 736
293 738
293 755
294 844
295 153
295 778
296 398
299 19
299 196
299 464
299 641
299 744
299 909
301 746
302 326
302 747
302 924
303 806
304 834
305 47
306 60
306 115
308 720
308 753
309 356
309 509
309 625
309 1001
312 549
312 757
312 836
312 992
313 114
313 414
314 209
314 502
315 200
316 674
317 848
318 502
319 202
319 304
319 422
319 507
319 532
319 647
319 661
319 947
320 397
320 407
320 445
320 852
320 873
321 33
321 180
321 766
324 298
327 328
330 153
330 295
330 778
331 192
331 373
331 470
331 1009
332 212
332 623
332 741
332 777
332 828
333 767
334 608
336 18
336 781
336 908
337 771
342 47
344 804
345 635
345 790
349 155
349 330
349 600
349 920
350 962
351 95
351 339
352 285
352 797
353 91
353 581
355 398
355 800
357 42
357 756
357 802
359 815
360 805
362 361
363 413
364 809
365 816
367 971
368 813
369 152
369 365
369 478
369 775
372 304
372 817
377 673
377 822
378 181
378 626
379 135
379 319
379 950
379 988
380 542
381 792
382 183
382 865
384 62
384 355
384 520
384 800
384 853
391 720
392 634
392 640
393 945
396 125
396 651
396 692
396 841
399 962
399 1004
402 48
402 237
402 288
402 374
402 682
402 814
402 924
404 849
407 852
410 855
412 764
416 861
417 692
417 764
419 620
419 834
422 94
422 170
422 354
422 539
422 984
423 1002
425 870
426 187
427 872
428 181
428 233
428 244
428 338
428 626
428 678
428 1012
431 299
431 399
431 744
432 79
432 387
432 469
432 662
432 725
432 877
432 930
433 271
433 341
434 381
434 545
434 1016
435 86
435 880
435 965
436 433
438 10
438 108
438 286
438 367
438 883
439 429
440 129
442 201
442 406
442 500
442 646
442 727
442 887
443 580
444 189
444 837
444 931
446 16
446 304
446 684
447 17
447 63
447 81
447 101
447 281
447 315
447 346
447 381
447 486
447 545
447 591
447 594
447 605
447 611
447 623
447 633
447 653
447 839
447 907
447 933
447 990
449 153
449 208
449 263
449 501
449 528
449 602
449 635
449 668
449 826
450 17
450 22
450 83
450 88
450 89
450 173
450 220
450 332
450 373
450 496
450 533
450 534
450 623
450 665
450 708
450 777
450 907
450 978
450 979
451 171
451 196
451 641
452 36
452 86
452 354
452 518
452 720
452 768
452 876
452 1016
453 330
453 342
453 368
453 670
453 742
453 813
453 890
454 356
454 683
457 12
457 902
458 1
458 105
458 135
458 196
458 223
458 332
458 337
458 429
458 445
458 630
458 641
458 777
458 786
458 985
458 1001
459 71
459 516
459 961
460 458
460 939
461 796
464 19
464 909
465 20
465 910
465 1018
466 21
466 911
468 401
470 112
470 331
470 373
470 645
470 714
470 763
470 971
470 990
470 1009
471 130
471 242
471 251
471 575
471 782
471 918
471 941
471 1020
472 68
472 148
472 799
472 1009
474 29
474 68
474 86
474 354
474 420
474 495
474 531
474 696
474 749
474 803
474 915
474 919
474 938
474 996
474 1018
475 54
475 94
475 239
475 240
475 280
475 312
475 388
475 499
475 513
475 514
475 539
475 757
475 789
475 876
475 944
475 984
475 996
476 625
477 64
478 396
478 739
478 841
480 185
480 334
480 460
480 561
480 733
481 698
481 973
482 537
482 737
483 9
483 126
483 213
483 355
483 503
483 640
483 784
483 800
484 3
484 39
484 131
484 929
485 593
486 447
486 479
486 559
486 617
486 623
486 631
486 884
486 933
487 111
488 72
488 521
488 711
490 75
490 108
490 235
490 321
490 364
490 442
490 609
490 680
490 727
490 766
490 809
490 887
490 940
491 247
491 293
491 311
491 738
491 915
492 749
493 513
493 751
493 771
495 29
495 474
495 919
496 519
496 982
498 348
499 54
499 944
501 590
503 830
504 59
504 949
505 441
505 508
505 592
505 675
505 1023
506 61
506 951
508 441
508 444
508 505
508 582
508 592
508 1023
511 553
511 717
511 832
514 289
514 745
515 853
515 854
516 71
516 320
516 482
516 961
518 159
518 604
518 667
518 785
518 787
518 888
522 77
522 967
523 9
523 14
523 66
523 217
523 289
523 472
523 557
523 610
523 622
523 853
523 862
523 928
524 94
524 121
524 411
524 539
524 566
524 623
524 843
524 984
524 987
524 1011
525 80
525 823
525 970
526 145
526 177
526 675
527 378
527 669
527 873
528 622
530 85
530 975
531 389
532 91
532 265
533 88
533 373
533 450
533 674
533 708
533 773
533 978
534 89
534 795
534 979
536 115
536 369
536 598
536 733
536 959
536 997
537 57
537 169
537 215
538 93
538 479
538 983
539 94
539 330
539 984
540 390
541 26
541 66
541 71
541 273
541 291
541 412
541 516
541 736
541 768
541 862
541 961
542 348
542 375
542 706
542 973
543 75
543 107
543 244
543 311
543 788
543 803
545 366
545 371
545 381
545 434
545 612
545 1016
546 19
546 48
546 93
546 166
546 315
546 435
546 461
546 464
546 538
546 543
546 616
546 717
546 825
546 832
546 880
546 894
546 909
546 937
546 983
547 5
547 12
547 163
547 446
547 457
547 581
547 660
547 672
547 691
547 762
547 902
547 986
548 373
548 560
551 290
551 735
552 339
552 632
552 743
553 45
553 603
553 696
554 101
554 109
554 344
554 371
554 426
554 511
554 584
554 882
554 906
554 931
554 959
554 977
554 994
555 12
555 39
555 67
555 344
555 388
555 416
555 457
555 484
555 502
555 570
555 593
555 635
555 861
555 902
555 929
556 106
556 322
556 413
556 429
556 456
556 638
556 715
556 818
556 899
559 478
561 352
561 401
561 797
562 117
562 159
562 540
562 577
562 604
562 1007
563 70
563 238
563 334
563 448
563 537
563 547
563 558
563 670
563 771
563 779
563 795
563 863
563 933
564 158
564 714
565 363
566 121
566 1011
567 679
568 250
568 827
569 54
569 66
569 124
569 194
569 254
569 499
569 639
569 832
569 900
569 944
569 1014
570 739
572 127
572 1017
573 821
573 863
574 45
574 138
574 270
574 278
574 481
574 650
574 812
574 1006
575 130
575 1020
576 100
576 188
576 521
576 792
576 985
576 991
578 25
578 111
578 938
579 857
580 14
580 171
580 338
580 429
580 434
580 443
580 637
580 762
580 778
580 994
581 5
581 339
584 591
584 853
585 584
587 443
587 635
588 21
588 459
588 466
588 911
588 1010
589 71
589 212
589 213
589 408
589 445
589 516
589 596
589 715
589 734
589 838
589 840
589 961
589 980
592 18
592 37
592 52
592 230
592 248
592 253
592 365
592 433
592 441
592 444
592 505
592 508
592 608
592 636
592 675
592 716
592 908
592 927
592 942
592 1021
592 1023
594 447
595 97
595 150
595 360
595 584
595 805
597 17
597 71
597 77
597 85
597 162
597 171
597 228
597 421
597 456
597 516
597 522
597 530
597 654
597 660
597 715
597 723
597 784
597 803
597 907
597 961
597 967
597 975
599 23
599 177
599 189
599 336
599 781
599 811
599 844
599 866
599 875
599 913
600 155
600 954
601 804
602 756
602 765
602 784
602 1013
603 918
604 159
604 709
605 4
605 11
605 135
605 217
605 295
605 314
605 366
605 460
605 479
605 591
605 611
606 23
606 161
606 786
606 913
606 1003
607 116
608 126
608 282
609 12
609 39
609 95
609 139
609 254
609 273
609 281
609 457
609 484
609 505
609 650
609 902
609 929
609 936
609 940
612 223
612 266
612 371
612 393
612 545
612 763
612 853
613 385
613 806
614 174
614 619
615 102
615 867
615 973
618 172
619 174
619 774
621 207
621 321
621 461
621 766
621 769
623 400
626 79
626 92
626 181
626 221
626 500
626 666
627 217
628 168
629 415
629 786
630 133
630 134
630 148
630 443
630 631
630 776
630 796
630 832
631 134
631 139
631 328
631 347
631 630
631 832
632 943
633 213
633 214
633 241
633 285
633 286
633 435
633 581
633 638
633 686
633 808
633 878
633 880
637 65
637 955
639 194
641 92
641 196
641 434
641 654
641 980
642 197
643 389
644 199
644 230
646 201
646 573
646 795
646 863
646 932
647 202
648 61
648 133
648 156
648 243
648 273
648 331
648 448
648 452
648 459
648 506
648 643
648 704
648 785
648 923
648 951
649 262
649 707
652 211
652 874
653 270
653 550
653 694
654 705
655 39
655 155
655 210
655 221
655 418
655 484
655 600
655 666
655 709
655 929
655 947
656 323
656 674
656 787
656 854
657 370
658 448
658 793
659 938
660 67
660 71
660 85
660 165
660 228
660 297
660 307
660 350
660 507
660 509
660 516
660 530
660 535
660 597
660 720
660 723
660 784
660 958
660 961
660 972
660 975
660 1013
661 350
661 731
662 360
662 519
662 805
665 220
666 221
666 373
666 467
666 847
666 965
668 788
670 101
671 1023
673 400
673 590
673 1004
674 405
674 904
675 833
675 935
676 47
676 247
676 487
676 863
676 931
677 232
678 233
680 235
681 304
681 373
681 628
682 237
682 340
682 502
682 635
685 155
685 600
686 241
686 325
686 411
686 816
686 1002
686 1019
688 792
690 222
690 245
690 631
690 685
694 394
694 857
694 986
696 9
696 553
696 853
697 252
700 51
700 573
700 901
701 178
701 225
701 298
701 300
701 336
701 439
701 461
701 497
701 650
701 781
701 803
701 810
701 854
701 936
703 258
704 42
704 954
705 372
705 817
705 941
706 164
707 33
707 262
708 114
708 208
709 274
709 719
710 84
710 974
712 335
713 78
713 282
713 324
713 775
713 842
715 286
715 322
715 456
715 695
715 1001
719 21
719 274
719 466
719 573
719 911
721 276
721 672
722 535
723 657
724 300
727 401
729 284
732 287
733 63
733 149
733 691
733 751
734 109
734 259
735 290
735 404
735 551
735 849
736 16
736 197
736 291
736 642
737 840
738 293
738 755
740 233
740 240
740 495
740 618
740 678
740 688
741 820
741 948
742 189
742 623
742 712
744 19
744 196
744 299
744 464
744 641
744 909
746 301
747 302
747 326
747 924
751 63
751 149
751 481
751 543
751 691
751 733
752 53
752 812
752 860
753 308
753 720
754 620
754 637
756 394
757 312
757 549
757 836
757 992
758 336
758 781
759 409
759 675
759 769
762 90
762 429
762 580
762 613
762 616
762 875
764 412
764 661
765 434
766 33
766 180
766 321
767 851
767 1016
770 209
772 473
775 139
775 152
775 365
775 369
775 395
775 412
775 478
775 651
776 63
776 509
776 906
777 212
777 332
777 623
777 741
777 828
779 421
779 427
779 872
780 550
781 18
781 336
781 908
782 723
786 120
790 345
790 635
794 126
794 276
794 721
795 89
795 534
795 979
796 476
797 285
797 352
800 355
800 398
801 520
802 42
802 357
802 756
804 22
804 142
804 434
805 360
807 195
809 364
810 54
810 418
810 499
810 944
812 503
812 745
813 368
814 129
814 257
814 329
814 829
814 833
815 200
817 304
817 372
819 0
819 272
819 706
819 783
819 839
822 377
822 673
824 478
824 903
825 375
825 473
826 208
826 275
826 449
826 528
826 874
829 807
829 858
830 503
831 848
832 124
832 569
832 1014
833 840
836 312
836 406
836 414
836 463
836 549
836 711
836 757
837 410
837 855
837 989
839 25
839 332
839 652
839 750
839 777
839 922
841 125
841 396
841 651
841 692
842 126
842 387
844 209
844 294
844 853
844 924
845 57
847 708
847 976
849 404
850 749
850 764
852 407
855 410
856 437
859 179
859 434
859 688
859 932
860 141
860 158
860 408
860 774
861 416
863 455
864 101
864 150
864 595
864 801
865 235
865 680
865 756
866 61
866 151
866 506
866 668
866 951
866 1012
867 960
869 118
869 296
869 416
869 861
869 904
869 931
869 987
870 425
872 427
874 692
875 485
875 617
876 3
876 389
877 79
877 387
877 432
877 469
877 662
877 725
877 930
880 86
880 435
880 965
882 344
883 10
883 108
883 286
883 367
883 438
885 18
885 908
887 201
887 406
887 442
887 500
887 646
887 727
890 75
890 95
890 190
890 300
890 363
890 453
890 583
890 598
890 718
890 820
891 88
891 199
891 282
891 382
891 485
891 533
891 644
891 978
892 125
892 135
892 204
892 210
892 336
892 376
892 412
892 621
892 651
892 655
892 663
892 740
892 781
892 815
892 862
892 885
892 901
892 950
894 185
894 640
894 1016
895 68
895 261
895 348
895 365
895 416
895 551
895 788
895 861
896 716
897 69
897 206
897 223
897 429
897 622
897 730
897 1006
898 24
898 58
898 165
898 613
898 661
898 712
899 272
899 540
899 1003
900 928
902 12
902 457
903 26
903 67
903 138
903 164
903 348
903 382
903 478
903 517
903 824
903 926
905 15
905 614
906 285
907 17
907 83
907 173
907 220
907 450
907 665
907 793
907 832
908 18
908 197
908 642
909 19
909 464
910 20
910 465
910 1018
911 21
911 466
912 455
913 23
914 702
914 771
915 232
915 677
916 190
916 599
916 840
916 885
917 47
917 427
917 622
917 872
918 211
919 29
919 68
919 86
919 354
919 420
919 474
919 495
919 531
919 696
919 749
919 803
919 915
919 938
919 996
919 1018
920 64
920 88
920 101
920 155
920 201
920 210
920 330
920 349
920 533
920 600
920 646
920 655
920 670
920 828
920 978
921 31
921 390
924 593
925 204
925 1009
926 792
927 37
927 371
928 131
928 225
928 378
928 472
928 523
928 557
928 653
928 662
928 685
928 912
928 987
929 3
929 39
929 131
929 484
931 47
931 118
931 400
931 416
931 487
931 676
931 861
931 863
931 869
931 904
931 987
933 11
933 221
933 272
933 563
933 666
933 912
934 44
934 59
934 183
934 253
934 286
934 504
934 833
934 949
935 181
935 198
935 231
935 268
935 331
935 356
935 626
935 675
935 700
935 808
935 917
935 958
936 202
936 439
936 461
936 552
936 647
936 650
936 701
936 803
936 854
939 18
939 67
939 233
939 272
939 298
939 352
939 678
939 797
939 908
940 237
940 502
940 682
942 52
942 372
942 455
942 817
943 92
943 167
943 316
943 320
943 632
943 848
944 54
944 499
945 621
946 125
946 329
949 59
949 504
950 232
950 284
950 677
950 729
950 899
951 61
951 506
953 238
953 553
953 636
953 638
953 779
954 451
954 863
955 65
955 212
956 856
961 71
961 320
961 482
961 516
963 3
963 61
963 80
963 180
963 304
963 506
963 525
963 614
963 951
963 970
964 74
966 209
967 77
967 522
968 157
968 607
969 42
969 49
969 142
969 183
969 256
969 264
969 414
969 425
969 443
969 478
969 541
969 870
969 962
970 80
970 525
970 823
972 243
972 640
972 1018
973 671
974 84
974 980
975 85
975 530
976 373
976 932
977 18
977 233
977 272
977 352
977 678
977 797
977 908
977 939
977 940
977 993
978 88
978 373
978 450
978 533
978 674
978 708
978 773
979 89
979 534
979 795
981 142
981 272
981 325
981 417
981 649
981 914
983 93
983 479
983 538
984 94
984 330
984 539
986 241
986 285
986 586
986 608
986 686
986 694
986 733
987 345
987 790
988 178
988 186
988 195
988 229
988 764
988 789
988 826
988 962
990 281
990 470
990 645
990 763
991 200
991 229
991 231
991 321
991 362
991 422
991 557
991 576
991 578
991 766
991 962
991 985
991 988
992 36
992 76
992 85
992 154
992 312
992 364
992 514
992 528
992 530
992 543
992 757
992 809
992 904
992 975
992 1018
993 18
993 233
993 272
993 281
993 295
993 352
993 460
993 473
993 561
993 635
993 678
993 797
993 908
993 939
993 940
993 977
994 344
995 54
995 87
995 435
995 499
995 559
995 601
995 880
995 912
995 944
995 985
996 29
996 474
996 919
997 283
997 702
998 92
998 95
998 112
998 199
998 327
998 351
998 368
998 438
998 599
998 643
998 644
998 810
998 813
998 883
999 6
999 105
999 187
999 249
999 263
999 281
999 354
999 405
999 408
999 426
999 602
999 634
999 640
999 669
999 730
999 828
999 931
1000 5
1000 94
1000 225
1000 226
1000 247
1000 292
1000 433
1000 514
1000 539
1000 568
1000 617
1000 847
1000 856
1000 894
1000 938
1000 984
1001 62
1001 98
1001 114
1001 309
1001 356
1001 625
1001 715
1001 792
1001 807
1003 444
1003 629
1004 69
1004 296
1004 400
1004 590
1004 673
1004 823
1005 9
1005 543
1007 117
1007 159
1007 540
1007 562
1007 577
1007 604
1008 70
1008 72
1008 128
1008 130
1008 237
1008 333
1008 529
1008 531
1008 575
1008 610
1008 682
1008 748
1008 776
1008 930
1008 1020
1009 39
1009 340
1009 484
1009 675
1009 776
1009 929
1010 588
1011 121
1011 566
1013 602
1013 765
1013 784
1014 54
1014 66
1014 124
1014 194
1014 254
1014 499
1014 569
1014 639
1014 832
1014 900
1014 944
1017 127
1017 572
1018 19
1018 464
1018 909
1020 130
1020 575
1021 49
1021 407
1021 431
1021 636
1021 645
1021 852
1022 333
1022 395
1022 598
1022 712
1023 505
1023 508
1023 592
1023 671
1023 791
