4096 119
28 109
52 444
171 455
183 457
246 345
294 384
345 246
384 294
444 52
455 171
457 183
564 956
568 911
657 880
683 967
695 969
740 981
880 657
911 568
969 695
1076 1468
1096 1181
1151 1519
1243 1490
1269 1339
1274 1357
1323 1411
1400 1476
1411 1323
1476 1400
1519 1151
1540 1999
1562 1775
1572 1888
1580 1696
1627 1628
1628 1627
1696 1580
1698 2017
1713 1764
1755 2002
1770 1850
1775 1562
1781 1851
1844 2014
1850 1770
1885 1931
1888 1572
1931 1885
1956 2020
2020 1956
2046 1847
2069 2472
2074 2287
2092 2208
2097 2279
2139 2140
2145 2406
2167 2176
2176 2167
2208 2092
2254 2493
2287 2074
2293 2363
2363 2293
2443 2474
2472 2069
2474 2443
2493 2254
2560 2709
2584 2804
2651 2652
2652 2651
2694 2910
2709 2560
2716 2793
2743 3046
2779 2819
2793 2716
2805 2875
2835 3061
2850 3006
2863 2954
2954 2863
2993 3047
3006 2850
3012 2982
3061 2835
3077 3129
3129 3077
3206 3422
3228 3305
3270 3437
3305 3228
3344 3390
3374 3515
3422 3206
3437 3270
3631 3913
3642 3932
3661 4042
3719 3990
3726 3912
3740 3817
3781 3908
3782 3949
3817 3740
3822 3885
3832 3805
3856 3902
3885 3822
3902 3856
3912 3726
3918 4088
3932 3642
3949 3782
3990 3719
4042 3661
4088 3918
