512 751
1 40
1 75
1 137
1 148
1 159
1 202
1 223
1 341
1 366
1 440
2 11
2 121
2 179
2 183
2 218
2 290
4 87
4 151
4 238
4 269
4 310
4 393
4 403
5 17
5 22
5 30
5 51
5 88
5 89
5 179
5 220
5 271
5 332
5 373
6 196
6 501
7 68
7 86
7 108
7 109
7 140
7 378
7 468
7 496
8 74
8 183
8 224
8 236
8 452
8 463
9 327
9 383
12 457
12 488
13 19
13 57
13 88
13 99
13 101
13 228
13 374
13 424
13 464
13 479
13 492
15 169
17 5
17 105
17 220
18 197
18 411
19 464
20 465
21 466
24 119
25 0
25 6
25 45
25 77
25 174
25 200
25 234
25 275
25 311
25 345
25 348
25 350
25 357
25 360
25 403
25 433
25 437
25 486
26 88
26 204
26 458
27 96
27 105
27 208
27 467
29 86
29 109
29 474
30 5
30 51
30 122
30 148
30 234
30 332
30 497
31 390
32 85
32 91
32 186
32 221
32 410
32 460
33 47
33 425
34 411
35 151
35 161
35 163
35 254
35 315
35 507
36 85
36 288
36 354
37 486
38 372
38 458
39 131
39 484
41 23
41 161
41 166
41 209
41 245
41 444
42 83
42 150
42 159
42 188
42 303
42 307
42 417
42 502
43 122
43 234
43 262
43 384
43 443
44 59
44 504
45 25
46 267
46 338
48 130
48 492
49 211
49 217
49 350
49 491
51 135
51 342
52 228
52 372
52 413
52 455
53 20
53 300
53 465
54 499
56 11
56 148
56 228
56 423
56 479
59 504
61 506
62 75
62 355
65 212
66 231
67 489
69 292
71 320
71 482
73 159
73 419
76 483
78 122
78 294
78 469
79 478
79 510
81 176
81 202
81 211
81 338
81 396
81 409
81 498
85 64
85 494
86 7
87 4
88 5
88 229
88 373
91 32
91 221
91 433
91 511
95 125
95 132
95 223
95 257
95 267
95 316
95 334
96 27
96 47
96 105
96 121
96 216
96 239
96 262
96 370
98 79
98 104
98 136
98 379
98 428
98 435
99 358
100 510
102 84
102 107
102 124
102 170
102 489
103 14
103 122
103 163
103 187
103 312
103 313
103 348
103 421
103 441
104 98
104 136
104 210
104 211
104 463
105 115
105 492
107 423
108 79
108 323
108 381
110 22
110 68
110 163
110 312
110 349
110 471
113 16
113 190
113 283
113 325
113 332
113 508
114 343
116 352
117 159
117 285
117 362
118 11
118 56
118 82
118 132
118 238
118 356
118 423
124 54
124 194
124 254
124 499
124 511
126 271
128 146
129 270
129 481
130 214
130 256
131 39
131 225
131 234
131 412
131 484
132 280
135 51
135 227
135 277
135 299
135 342
135 372
136 72
136 399
136 439
137 112
142 115
142 276
142 448
143 187
143 431
143 443
143 480
144 8
144 15
144 496
147 75
147 135
147 351
147 371
149 22
149 43
149 389
149 414
150 97
150 360
152 61
152 119
152 168
152 245
152 364
152 379
152 409
152 506
154 85
154 361
154 383
154 490
156 398
157 24
157 196
158 473
160 124
160 150
161 23
161 41
162 362
163 409
163 423
164 79
164 91
164 243
164 385
166 477
167 114
167 185
167 207
167 239
167 389
167 398
167 441
167 461
168 138
169 174
170 102
173 19
173 34
173 116
173 180
173 277
173 317
173 337
173 339
173 356
173 357
173 379
173 464
176 401
177 0
177 254
177 280
179 473
181 221
184 62
184 67
184 198
185 101
185 113
185 325
186 99
186 172
188 101
188 197
188 223
188 234
188 271
188 353
188 431
195 272
195 355
195 429
196 434
199 126
199 439
200 18
200 390
201 35
203 290
204 233
204 286
204 380
204 428
204 481
205 28
205 104
205 206
205 337
205 483
206 461
207 211
208 270
208 420
210 39
210 155
210 179
210 221
210 341
210 470
210 484
211 145
211 207
212 350
213 58
213 179
213 249
215 109
215 198
215 228
215 273
215 316
215 370
215 387
217 249
218 264
219 224
221 373
221 402
221 467
222 226
225 393
225 479
228 52
229 16
229 405
229 426
231 66
231 76
231 116
231 130
231 228
231 244
237 502
238 4
240 361
240 444
241 371
249 130
249 179
249 197
249 213
249 251
249 311
249 360
249 447
249 473
249 496
251 473
251 496
251 503
259 87
262 478
264 77
264 218
264 398
264 399
264 476
267 335
268 105
268 319
269 286
270 382
270 445
274 21
274 466
275 138
276 142
276 325
279 300
280 325
280 388
290 404
291 197
291 461
291 472
294 78
295 257
296 232
299 19
299 105
299 196
299 464
301 63
304 53
305 304
305 312
305 337
305 427
306 24
306 51
306 190
311 91
312 110
313 424
314 324
314 409
317 168
317 180
317 430
318 502
320 407
320 445
321 33
321 119
321 248
321 361
321 478
322 145
322 345
322 467
326 223
326 304
327 328
328 387
330 139
330 365
331 373
331 413
331 443
332 212
336 18
343 407
349 155
350 49
350 211
351 222
351 339
351 375
351 441
353 11
353 176
356 118
359 420
361 321
364 411
365 371
366 1
366 256
366 341
366 440
367 404
369 270
370 215
372 135
375 150
378 181
379 98
379 459
382 176
383 378
386 403
387 10
392 366
392 410
394 50
395 12
395 457
412 441
414 434
416 326
417 319
419 412
419 511
420 472
421 1
421 61
421 151
421 223
421 506
422 94
424 194
428 181
428 204
428 233
428 380
430 40
432 122
432 342
432 469
432 485
433 25
433 200
438 10
438 179
440 57
440 146
440 363
440 456
442 201
442 282
442 340
442 406
444 392
446 148
446 160
446 194
446 214
446 310
446 313
446 359
447 84
448 284
449 223
449 263
449 296
449 394
449 503
450 261
450 365
450 416
452 8
452 386
452 434
453 36
453 111
453 172
453 283
453 442
454 377
457 12
457 488
458 26
458 183
458 285
458 436
461 202
461 218
461 239
461 379
463 104
464 19
465 20
466 21
467 322
470 39
470 54
470 57
470 210
470 473
470 484
470 499
471 281
471 381
472 126
472 197
472 291
472 420
472 461
473 211
474 29
474 86
474 109
475 226
477 57
477 206
477 259
477 302
477 344
477 384
477 396
477 453
478 79
480 115
483 76
483 247
483 400
484 39
484 131
486 37
486 112
486 171
486 338
486 476
487 47
487 57
487 100
487 150
487 333
487 399
487 437
488 12
488 253
488 307
488 311
488 457
488 495
490 393
491 35
491 49
491 57
491 135
491 185
491 290
491 292
491 370
492 105
493 305
493 371
493 400
493 450
494 93
498 25
498 68
498 138
499 54
500 354
501 6
501 181
501 196
501 495
503 477
504 59
505 326
506 61
