256 256
0 157
0 169
0 175
0 184
1 181
2 167
2 182
2 183
2 241
3 167
5 141
7 46
9 218
10 70
10 84
10 209
13 39
13 42
13 85
13 123
13 128
13 155
14 6
14 85
15 127
15 181
15 226
16 91
16 123
16 137
16 160
16 239
17 86
17 89
23 171
29 46
29 186
29 199
29 242
30 154
35 70
35 86
35 109
38 230
39 13
39 100
39 125
39 184
39 194
39 199
43 56
43 223
43 245
44 126
44 237
46 209
47 82
48 235
50 165
51 231
53 134
54 31
56 89
61 78
61 99
61 102
61 157
62 172
62 210
62 211
62 227
63 231
63 240
67 113
67 184
67 227
68 102
68 160
69 8
69 144
69 185
69 236
70 10
70 110
70 160
70 207
70 243
72 60
72 90
72 118
72 199
76 153
76 185
76 192
76 198
78 137
79 49
79 165
79 171
83 106
85 6
85 13
85 14
85 29
85 119
85 130
86 239
90 72
90 105
90 113
90 167
90 197
90 199
91 27
91 109
92 48
92 82
92 236
93 10
93 45
93 112
93 158
93 234
95 51
95 96
95 177
96 95
96 220
98 128
104 244
106 157
107 48
107 250
108 14
108 109
108 170
110 70
110 243
111 58
111 183
111 210
111 232
113 54
113 67
114 139
117 237
121 97
128 21
129 54
133 65
133 230
133 245
134 24
134 214
135 202
137 16
140 169
143 27
143 191
143 205
144 69
144 80
146 88
146 255
149 105
149 152
149 195
152 137
154 34
155 13
155 168
157 23
157 66
158 115
159 206
160 68
160 198
163 99
163 189
167 83
170 4
173 244
176 142
176 219
181 1
181 38
181 99
182 44
183 2
183 71
184 245
186 18
186 38
186 54
186 88
186 130
186 141
186 242
187 142
187 153
187 155
189 118
190 78
192 145
194 39
194 65
194 184
195 8
199 203
200 41
202 220
204 49
205 169
206 14
206 60
206 106
206 159
206 234
209 46
210 61
210 62
210 92
210 111
210 138
210 183
212 14
212 123
215 125
217 9
217 17
217 243
218 24
218 182
222 168
229 74
232 46
232 111
234 203
235 48
236 199
239 86
240 172
240 245
244 59
244 128
244 203
244 223
245 43
245 203
245 254
248 23
248 30
248 226
252 213
253 71
255 19
