128 94
1 28
2 62
2 84
3 27
3 61
9 13
10 110
12 89
12 104
13 9
13 32
13 54
14 43
15 48
15 99
15 119
16 20
16 43
17 5
21 8
22 124
24 100
25 40
26 8
26 71
26 73
26 102
29 71
29 108
30 22
33 98
34 1
36 25
37 1
37 34
39 4
39 93
39 100
39 114
43 14
43 16
43 80
43 91
47 60
50 51
50 80
50 122
57 73
57 78
57 82
61 32
61 124
62 22
62 44
62 100
63 18
65 98
67 89
68 73
69 116
72 66
72 90
76 23
85 31
85 116
85 118
85 121
90 35
90 72
90 113
93 44
95 5
96 5
100 39
100 114
103 22
105 7
106 98
108 29
108 51
108 71
108 114
109 42
111 1
111 28
111 34
111 41
111 61
112 91
112 114
113 1
113 100
115 34
124 22
