1024 2848
1 37
1 207
1 213
1 294
1 313
1 401
1 496
1 645
1 679
1 698
1 783
1 927
2 313
2 602
4 122
4 158
4 163
4 190
4 201
4 223
4 248
4 255
4 301
4 330
4 333
4 342
4 344
4 511
4 548
4 560
4 646
4 726
4 746
4 762
4 765
4 803
4 860
4 924
5 79
5 154
5 180
5 268
5 384
5 485
5 509
5 555
5 592
5 613
5 662
5 803
5 928
6 138
7 50
7 275
7 361
7 431
7 481
7 518
7 550
7 692
8 65
8 79
8 328
8 383
8 955
12 304
12 457
12 902
13 172
13 231
13 389
13 430
13 582
13 635
13 756
13 773
14 915
15 820
15 905
16 848
17 907
18 549
18 908
19 464
19 909
20 465
20 910
21 466
21 911
22 163
22 207
23 913
24 788
25 125
25 141
25 196
25 297
25 343
25 422
25 544
25 609
25 641
25 846
26 82
26 222
26 371
26 470
26 823
26 824
27 180
27 234
27 235
27 408
27 680
27 727
27 857
27 891
28 52
28 942
29 68
29 109
29 251
29 300
29 333
29 474
29 490
29 493
29 526
29 546
29 856
29 919
29 943
30 169
30 509
30 550
30 801
30 847
30 882
30 947
30 1015
31 921
32 121
32 289
32 443
32 566
32 727
32 775
32 1011
33 86
33 229
33 561
35 249
35 320
35 411
36 441
36 743
37 874
37 927
38 19
38 34
38 55
38 109
38 171
38 313
38 442
38 464
38 574
38 608
38 609
38 804
38 887
38 909
38 937
39 484
39 929
41 79
41 112
41 153
41 241
41 242
41 402
41 412
41 418
41 462
41 658
41 673
41 686
41 691
41 737
41 837
41 865
42 39
42 76
42 145
42 420
42 484
42 492
42 613
42 625
42 716
42 922
42 929
42 930
43 763
44 934
45 16
45 81
45 87
45 91
45 310
45 330
45 421
45 458
45 650
45 704
46 471
46 649
46 676
46 776
48 157
48 163
48 176
48 405
48 489
48 532
48 638
49 475
49 479
49 635
50 382
51 74
51 265
51 964
52 942
53 204
53 754
53 845
54 307
54 499
54 944
55 240
59 504
59 949
60 127
60 434
60 572
60 1017
61 506
61 951
63 137
63 147
63 231
63 406
63 490
63 751
63 759
63 889
63 950
63 960
64 958
65 955
66 339
66 1010
67 501
69 20
69 465
69 910
71 37
71 190
71 516
71 765
71 927
71 931
71 961
73 157
73 334
73 390
73 427
73 638
73 657
73 733
73 868
73 872
73 912
73 982
74 50
74 334
74 964
75 320
75 585
75 756
75 758
75 857
76 478
77 522
77 967
79 8
79 65
79 275
79 400
79 406
79 439
79 598
79 955
80 378
80 525
80 970
81 45
81 172
81 286
81 330
81 458
81 546
81 704
82 823
84 974
85 530
85 975
86 16
86 33
86 43
86 45
86 185
86 240
86 351
86 381
86 413
86 436
86 479
86 489
86 542
86 779
86 786
86 792
86 824
86 839
86 988
87 45
87 117
87 150
87 310
87 355
87 419
87 562
87 570
87 595
87 650
87 800
87 991
87 1007
88 229
88 273
88 411
88 450
88 533
88 750
88 818
88 978
89 534
89 979
90 503
91 7
91 40
91 70
91 78
91 217
91 518
91 888
93 538
93 983
94 539
94 956
94 984
95 611
95 623
95 763
95 770
95 772
95 981
96 859
96 956
97 202
97 269
97 284
97 633
97 647
97 662
97 729
97 828
98 507
98 550
98 585
98 611
98 791
98 864
98 1019
99 743
100 137
100 232
100 255
100 441
100 526
100 677
100 743
102 65
102 168
102 193
102 209
102 248
102 250
102 253
102 317
102 395
102 430
102 478
102 611
102 807
102 894
102 955
102 972
102 980
102 986
102 996
103 36
103 95
103 298
103 367
103 563
103 635
103 669
103 740
103 749
103 879
104 116
104 181
104 221
104 246
104 266
104 337
104 379
104 523
104 552
104 626
104 666
104 710
104 836
104 879
104 888
104 912
104 965
104 985
105 421
105 488
106 667
107 119
107 187
107 298
107 439
107 784
108 179
108 253
108 316
108 582
108 842
109 341
110 12
110 39
110 195
110 344
110 408
110 416
110 457
110 484
110 628
110 743
110 861
110 902
110 929
110 947
111 292
113 325
113 773
113 832
114 406
114 833
114 866
114 886
115 725
116 352
116 797
117 159
117 184
117 204
117 562
117 604
117 730
117 935
117 1007
118 3
118 182
118 225
118 231
118 428
118 458
118 498
118 634
118 683
118 693
118 812
118 891
118 992
121 566
121 1011
123 80
123 295
123 525
123 970
124 54
124 66
124 194
124 499
124 569
124 639
124 699
124 944
124 1014
127 363
127 572
127 1017
128 77
128 460
128 522
128 708
128 967
130 256
130 575
130 1020
131 49
131 130
131 264
131 293
131 384
131 441
131 548
131 552
131 575
131 607
131 620
131 734
131 738
131 993
131 1006
131 1020
132 127
132 473
132 558
132 572
132 597
132 632
132 760
132 820
132 821
132 838
132 842
132 924
132 1000
132 1017
133 1008
135 34
135 57
135 149
135 151
135 187
135 369
135 509
135 654
135 699
135 815
135 816
135 826
135 906
135 939
135 1002
136 64
136 109
136 140
136 832
137 828
138 6
139 146
140 139
142 173
142 217
142 1023
143 837
144 35
144 66
144 79
144 93
144 170
144 272
144 305
144 538
144 563
144 610
144 763
144 829
144 962
144 983
144 988
144 996
145 304
146 866
147 45
147 63
147 163
147 191
147 205
147 406
147 463
147 471
147 482
147 497
147 579
147 580
147 751
147 759
147 761
147 810
147 878
147 889
147 893
147 903
147 950
147 960
147 986
149 923
150 139
150 360
150 542
150 595
150 805
151 948
152 61
152 119
152 133
152 168
152 176
152 206
152 245
152 364
152 480
152 506
152 653
152 690
152 785
152 809
152 824
152 854
152 897
152 951
153 305
153 762
153 886
154 285
154 348
155 600
156 359
156 564
156 977
157 191
158 611
158 918
159 264
159 604
160 68
160 158
160 251
160 265
160 350
160 356
160 543
160 573
160 583
160 716
160 769
160 782
160 821
160 896
160 999
161 468
161 606
162 265
162 285
162 935
162 1006
163 282
163 759
163 939
164 20
164 76
164 140
164 342
164 426
164 465
164 910
167 23
167 43
167 78
167 305
167 370
167 402
167 448
167 475
167 487
167 794
167 847
167 913
168 385
169 174
169 619
170 422
170 547
171 116
172 138
173 142
173 265
173 537
173 559
173 627
173 661
173 756
173 826
173 845
174 619
176 189
176 416
176 451
176 770
176 861
177 53
177 58
177 563
177 667
177 749
177 825
177 842
177 912
180 221
180 493
180 666
180 792
181 111
181 221
181 626
181 666
181 969
182 445
184 243
184 351
184 395
185 349
185 372
185 389
185 473
185 545
185 742
185 795
185 810
185 812
185 817
185 834
185 997
186 22
186 760
188 36
188 101
188 197
188 271
188 431
188 642
188 798
190 4
190 248
190 560
190 762
192 510
192 691
192 893
193 700
194 639
195 110
195 508
195 915
196 535
196 641
196 879
196 1003
197 642
199 644
199 846
199 884
201 646
201 1018
202 647
203 109
203 119
203 199
203 298
203 397
203 587
203 644
203 722
203 762
203 824
204 53
205 546
208 33
208 715
209 807
210 39
210 78
210 155
210 221
210 264
210 484
210 600
210 624
210 655
210 666
210 929
211 231
213 172
214 291
214 736
215 60
215 62
215 111
215 177
215 401
215 431
215 508
215 649
215 671
215 705
215 715
216 769
216 1013
216 1016
217 571
217 713
219 112
219 236
219 312
219 365
219 448
219 543
219 757
219 801
219 818
219 840
220 105
220 665
221 104
221 379
221 666
221 818
221 847
221 912
221 965
222 68
222 895
223 133
223 311
223 487
223 498
225 991
226 661
228 432
228 877
229 14
229 843
229 850
229 856
231 429
231 446
231 554
231 763
232 677
233 678
235 680
236 183
236 219
236 578
236 801
236 818
237 682
237 947
238 53
238 296
239 779
240 155
240 222
240 600
240 691
241 41
241 153
241 686
241 837
241 1019
242 649
243 731
245 113
245 240
245 493
245 690
247 148
247 511
247 783
251 940
252 697
253 102
254 72
255 101
255 198
258 703
259 893
259 999
260 198
261 349
261 359
261 393
261 693
261 765
261 780
262 707
263 933
264 131
264 274
264 719
264 761
268 940
268 1015
270 770
270 791
270 834
274 21
274 334
274 466
274 719
274 911
274 1013
274 1018
276 587
276 721
277 90
279 121
279 565
279 566
279 831
279 1011
280 207
280 502
280 601
282 582
282 842
282 1019
284 729
285 154
287 732
288 393
288 570
288 864
288 1003
289 138
289 199
289 644
289 839
290 404
290 735
290 849
291 197
291 642
291 736
291 899
293 738
297 94
297 513
297 539
297 645
297 659
297 727
297 984
298 126
299 19
299 196
299 227
299 464
299 550
299 641
299 744
299 909
301 746
302 747
302 860
303 248
304 145
306 513
307 536
307 789
307 860
308 275
308 342
308 753
309 418
312 391
312 757
313 2
313 347
313 557
313 602
314 324
314 854
317 102
317 168
317 209
317 395
317 430
317 625
317 980
317 996
319 202
319 216
319 647
319 787
319 867
319 952
320 390
321 119
321 766
321 806
322 345
322 373
322 590
322 790
322 912
322 971
325 245
325 690
325 782
327 473
327 808
328 12
328 200
328 457
328 902
329 529
330 78
330 584
330 810
331 53
331 653
332 657
332 777
333 194
333 639
336 463
336 781
337 30
340 632
340 928
341 65
341 955
344 359
345 790
346 752
347 138
348 126
348 1009
349 128
349 398
349 424
349 567
349 859
350 865
350 896
351 31
351 921
352 218
352 371
352 797
353 454
353 597
353 931
353 997
355 688
355 800
357 802
359 261
359 393
359 467
359 693
359 879
360 805
362 640
364 557
364 809
364 917
365 371
365 517
367 103
368 813
372 817
374 84
374 578
374 839
374 974
377 822
378 358
379 114
379 226
379 308
379 517
379 753
379 956
380 512
383 8
383 137
385 662
386 511
389 888
391 18
391 312
391 711
391 757
391 851
391 908
391 1010
392 326
392 410
392 544
392 811
392 855
393 792
393 876
394 106
395 115
395 282
395 700
396 841
396 935
396 1015
400 502
402 41
402 230
402 237
402 682
402 819
402 1002
403 779
404 849
405 764
406 833
407 852
410 300
410 855
411 378
411 702
411 708
411 727
412 146
412 262
412 300
412 707
412 730
412 770
412 1010
414 0
414 176
414 263
414 825
414 879
416 861
419 87
419 150
419 595
419 991
420 235
420 680
420 948
421 61
421 122
421 123
421 506
421 596
421 597
421 812
421 951
422 70
425 870
426 316
427 872
428 292
430 13
430 172
431 24
431 388
431 411
431 977
432 228
432 325
432 877
432 897
432 914
432 969
435 880
435 965
436 878
437 344
438 455
438 624
438 866
438 883
439 335
441 128
442 38
442 105
442 201
442 313
442 471
442 503
442 526
442 545
442 646
442 727
442 851
442 887
444 669
446 95
446 182
446 209
446 221
446 488
446 666
446 950
447 85
447 329
447 530
447 892
447 969
447 975
449 40
449 71
449 183
449 479
449 516
449 961
450 51
450 88
450 89
450 220
450 271
450 273
450 332
450 380
450 462
450 467
450 526
450 533
450 534
450 624
450 665
450 716
450 731
450 767
450 777
450 818
450 922
450 948
450 978
450 979
451 196
451 641
452 49
452 62
452 69
452 190
452 306
452 313
452 390
452 412
452 461
452 561
452 829
452 920
453 300
453 654
457 12
457 304
457 902
458 75
458 165
458 502
458 683
458 694
459 174
459 581
459 619
459 799
459 858
460 169
460 874
461 103
461 134
461 193
461 254
461 808
461 823
461 871
462 220
462 399
462 415
462 450
462 550
462 665
462 869
463 136
463 197
463 642
464 19
464 909
465 20
465 910
466 21
466 911
468 78
469 119
470 15
470 20
470 26
470 101
470 151
470 222
470 232
470 306
470 371
470 465
470 468
470 528
470 674
470 677
470 779
470 804
470 824
470 845
470 878
470 905
470 910
471 529
472 125
473 1016
474 29
474 68
474 109
474 251
474 300
474 333
474 490
474 493
474 526
474 546
474 856
474 919
474 943
475 968
476 835
477 52
477 726
477 942
478 315
480 106
480 179
480 361
480 632
480 799
480 863
481 11
481 63
481 85
481 354
481 530
481 975
481 987
483 32
483 51
483 99
483 291
483 503
483 651
483 718
483 734
483 736
483 751
483 774
483 840
483 915
484 39
484 929
486 107
486 193
486 213
486 220
486 314
486 396
486 425
486 444
486 519
486 584
486 665
486 706
486 716
486 785
486 841
486 870
487 17
487 128
487 156
487 205
487 223
487 367
487 390
487 468
487 498
487 611
487 706
487 833
487 907
488 894
488 930
489 59
489 504
489 949
491 214
491 292
491 343
491 410
491 610
491 855
491 995
492 550
493 688
494 353
494 579
494 811
497 372
497 817
497 858
497 900
498 277
498 762
498 804
499 54
499 307
499 944
500 343
500 601
501 27
501 694
501 959
503 64
503 312
503 757
503 896
503 1018
504 59
504 949
506 61
506 951
507 304
507 355
507 520
507 667
507 800
507 1004
508 191
508 215
508 268
508 323
508 334
508 413
508 683
508 957
509 182
509 460
509 496
509 589
510 657
510 846
512 37
512 123
512 445
512 567
512 751
512 756
512 874
512 927
512 945
512 1018
514 292
515 698
516 37
516 71
516 190
516 765
516 927
516 931
516 961
518 91
518 159
518 604
518 611
520 456
521 875
522 77
522 967
523 104
523 266
523 710
525 80
525 378
525 970
526 17
526 68
526 109
526 907
527 424
527 485
529 535
530 85
530 975
531 97
531 100
531 195
531 238
531 459
531 480
531 487
531 586
531 591
531 698
531 772
531 933
531 1005
532 67
532 133
532 233
532 407
532 590
532 678
532 852
533 88
533 229
533 273
533 411
533 450
533 750
533 818
533 978
534 89
534 979
536 290
536 307
536 659
536 735
536 789
536 820
536 860
536 958
537 603
537 904
538 93
538 983
539 94
539 956
539 984
540 113
540 172
540 366
540 482
540 519
540 918
541 218
541 238
541 249
541 263
541 281
541 356
541 706
541 723
541 930
541 939
541 995
542 986
543 79
543 160
543 251
543 265
543 319
543 429
543 435
543 549
543 816
543 824
543 873
543 880
543 923
544 209
545 10
545 442
545 887
547 44
547 124
547 170
547 259
547 260
547 461
547 494
547 529
547 569
547 659
547 692
547 934
547 960
547 1014
548 4
548 301
548 344
548 366
548 477
548 746
548 935
549 18
549 74
549 81
549 210
549 393
549 543
549 655
549 656
549 908
549 923
549 964
550 115
550 492
550 1004
552 283
553 35
553 63
553 257
553 278
553 326
553 331
553 333
553 420
553 447
553 653
553 827
553 1010
554 92
554 468
555 0
555 5
555 94
555 97
555 167
555 172
555 250
555 323
555 412
555 454
555 491
555 514
555 539
555 603
555 613
555 662
555 670
555 838
555 847
555 878
555 971
555 984
556 189
557 364
557 809
557 917
558 89
558 534
558 979
559 69
559 145
559 358
559 378
559 943
560 40
560 67
560 334
561 24
561 588
562 117
562 159
562 184
562 204
562 604
562 730
562 935
562 1007
563 36
563 43
563 79
563 84
563 103
563 130
563 144
563 173
563 177
563 237
563 303
563 331
563 415
563 573
563 575
563 610
563 682
563 846
563 925
563 974
563 988
563 1012
563 1020
566 121
566 1011
567 57
569 54
569 66
569 124
569 194
569 499
569 639
569 699
569 944
569 1014
570 952
572 127
572 363
572 1017
573 591
573 775
574 561
574 715
574 926
574 938
574 996
575 130
575 256
575 1020
576 67
576 117
576 133
576 201
576 239
576 270
576 364
576 366
576 404
576 453
576 492
576 562
576 620
576 646
576 809
576 848
576 849
576 882
576 888
576 1003
576 1007
577 30
577 41
577 244
577 283
577 289
577 363
577 369
577 589
577 652
577 718
577 722
577 827
577 848
580 3
580 47
580 242
580 300
580 367
580 398
580 436
580 437
580 579
580 701
580 786
580 820
580 931
580 981
580 982
580 1005
581 620
581 762
581 989
582 142
582 282
584 165
585 75
585 320
586 3
587 115
587 276
587 325
587 395
587 721
588 24
588 136
588 322
588 561
588 950
589 182
589 351
589 460
589 485
589 496
589 509
589 515
589 675
589 1006
591 775
592 5
592 200
592 520
592 668
592 796
594 405
594 414
594 467
595 139
595 150
595 360
595 542
595 805
596 708
596 999
597 31
597 75
597 145
597 232
597 331
597 353
597 454
597 677
597 715
597 921
597 997
598 1010
599 122
599 614
600 155
603 398
603 818
604 159
604 264
605 124
605 150
605 493
605 565
605 569
605 595
605 630
605 897
605 969
605 994
605 1014
606 161
606 468
607 8
607 68
607 70
607 81
607 139
607 178
607 213
607 279
607 305
607 443
607 664
607 960
608 209
608 854
609 228
609 345
609 412
609 634
609 790
609 847
609 856
609 890
611 65
611 102
611 158
611 478
611 955
611 972
612 114
612 239
612 326
612 417
612 540
612 567
612 652
612 716
612 958
613 5
613 555
613 662
614 863
618 194
618 219
618 254
618 326
618 489
618 501
618 625
618 639
618 658
618 667
618 765
618 931
619 174
621 890
622 101
622 337
622 481
623 583
624 319
624 918
626 111
626 181
626 221
626 666
626 969
628 338
629 6
629 172
629 213
629 224
629 346
629 371
629 839
629 1004
630 47
630 783
630 835
630 843
630 898
631 170
631 242
631 410
631 756
631 791
631 855
631 996
633 59
633 97
633 254
633 355
633 504
633 743
633 800
633 949
635 643
635 653
639 194
640 266
640 355
640 717
640 769
640 800
640 864
641 196
641 535
641 879
641 1003
642 197
643 635
644 199
644 846
644 884
645 94
645 266
645 297
645 539
645 659
645 727
645 984
646 201
646 1018
647 202
648 70
648 582
648 696
650 18
650 77
650 228
650 522
650 593
650 623
650 745
650 908
650 967
651 393
651 768
652 656
655 39
655 78
655 155
655 210
655 221
655 264
655 484
655 600
655 624
655 666
655 929
656 509
656 590
656 652
658 624
658 833
659 620
660 7
660 58
660 109
660 147
660 191
660 348
660 433
660 515
660 581
660 643
660 662
660 718
660 832
660 903
660 995
661 439
661 906
662 688
662 720
663 69
663 709
665 105
665 220
666 104
666 221
666 379
666 818
666 847
666 912
666 965
667 106
667 695
667 965
668 227
670 172
670 559
670 838
671 557
671 1022
674 996
676 116
676 130
676 277
676 521
676 575
676 1020
677 232
678 233
679 1
679 294
680 235
682 237
682 947
685 198
685 806
685 889
685 922
686 41
686 153
686 241
686 837
686 1019
687 771
688 281
690 113
690 240
690 245
690 493
691 200
694 535
695 667
695 965
696 496
696 918
697 252
700 334
700 389
700 982
702 378
702 411
702 708
703 258
707 262
708 327
709 31
709 77
709 500
709 522
709 622
709 663
709 921
709 967
712 780
713 59
713 204
713 217
713 296
713 329
713 433
713 504
713 571
713 799
713 862
713 949
715 192
715 227
715 406
715 412
715 827
715 890
715 935
716 380
716 450
719 21
719 274
719 334
719 466
719 911
719 1013
719 1018
720 821
721 276
721 587
724 745
725 68
726 146
726 192
726 279
727 411
727 413
727 687
727 946
729 284
730 561
731 793
732 287
734 342
735 290
735 404
735 849
736 197
736 291
736 642
736 899
737 73
737 424
738 293
740 201
740 646
741 194
741 639
743 110
744 19
744 196
744 227
744 299
744 464
744 550
744 641
744 909
746 301
747 302
747 860
750 237
750 339
750 517
750 682
751 778
753 275
753 308
753 342
754 175
754 192
754 771
755 716
757 312
757 391
758 87
759 163
759 282
759 939
762 78
762 254
762 748
762 956
763 263
763 947
764 216
765 397
765 407
765 675
765 852
765 890
766 119
766 321
766 806
767 257
767 739
768 727
768 791
772 773
773 113
773 832
775 654
775 856
775 966
776 818
776 858
776 888
777 332
777 657
779 992
781 336
781 463
782 160
783 247
785 182
786 0
790 345
791 631
792 213
794 155
794 600
794 1002
796 784
797 218
797 352
797 371
798 517
799 571
800 355
800 688
801 294
801 1016
802 357
804 370
805 360
806 321
806 766
807 209
809 364
809 557
809 917
811 256
811 326
811 544
812 598
813 368
814 15
814 50
814 905
815 586
817 372
820 892
821 47
822 377
823 181
823 626
824 319
824 366
824 429
824 543
824 816
825 389
825 945
825 982
826 148
827 420
827 846
828 925
831 403
831 860
832 455
833 406
836 210
836 655
837 425
837 870
839 495
841 396
841 935
841 1015
844 792
846 1009
847 60
849 404
852 407
855 300
855 410
856 161
856 606
860 4
861 416
862 204
862 296
862 713
862 764
863 892
863 982
864 288
864 393
866 146
866 712
867 94
867 539
867 984
868 60
868 218
868 445
869 528
870 425
872 427
873 122
873 181
873 233
873 350
873 390
873 626
873 678
874 17
874 907
875 743
876 857
876 869
877 228
877 325
877 432
877 897
877 914
877 969
878 503
878 1016
879 34
879 500
879 688
880 435
880 965
883 438
883 455
883 624
883 866
887 38
887 105
887 201
887 313
887 442
887 471
887 503
887 526
887 545
887 646
887 727
887 851
888 389
888 731
888 962
889 392
891 3
891 22
891 118
891 193
891 308
891 372
891 586
891 695
891 753
891 791
891 817
891 888
891 977
892 100
892 117
892 374
892 378
892 562
892 695
892 798
892 820
892 1007
893 45
893 147
893 191
893 580
893 761
893 986
894 286
894 488
894 687
894 930
894 1012
895 68
895 154
895 222
895 416
895 706
895 740
895 810
895 861
897 152
897 168
897 302
897 352
897 388
897 432
897 670
897 739
897 747
897 779
897 797
897 877
897 884
898 122
898 662
898 763
902 12
902 304
902 457
903 425
903 704
903 836
903 870
903 884
903 937
904 55
905 15
905 820
906 19
906 464
906 909
907 17
908 18
908 549
909 19
909 464
910 20
910 465
911 21
911 466
912 322
913 23
915 14
915 32
915 51
915 195
915 368
915 371
915 483
915 508
915 579
915 651
915 718
915 734
915 813
915 821
915 840
915 925
915 930
916 306
916 473
917 9
917 56
917 67
917 364
917 422
917 556
917 557
917 787
917 809
918 656
919 29
919 68
919 109
919 251
919 300
919 333
919 474
919 490
919 493
919 526
919 546
919 856
919 943
920 321
920 403
920 658
920 664
920 766
921 31
922 55
922 865
922 886
922 914
923 435
923 543
923 880
924 826
925 323
925 563
925 835
927 37
927 874
928 76
928 140
928 226
928 230
928 340
928 568
928 737
928 780
928 966
929 39
929 484
930 76
930 613
931 37
931 71
931 230
931 235
931 353
931 402
931 516
931 680
931 693
931 696
931 927
931 941
931 961
932 256
932 693
933 161
933 606
933 667
934 44
935 413
935 640
935 675
935 717
935 767
935 889
935 896
936 230
936 451
936 734
938 574
939 163
939 282
939 299
939 314
939 350
939 696
939 744
939 759
939 868
939 912
942 52
944 54
944 307
944 499
946 220
946 665
946 890
948 24
948 450
948 624
948 991
949 59
949 504
950 63
950 147
950 406
950 588
950 759
950 960
951 61
951 506
952 935
955 65
957 234
957 346
957 523
960 608
960 878
961 37
961 71
961 190
961 516
961 765
961 927
961 931
962 257
963 61
963 80
963 169
963 297
963 394
963 506
963 525
963 701
963 951
963 970
964 50
964 74
964 334
966 654
966 737
966 775
966 783
966 856
967 77
967 522
968 728
969 277
969 432
969 877
969 914
970 80
970 378
970 525
972 1019
974 84
975 85
975 530
976 251
976 265
976 299
976 317
976 351
976 353
976 432
976 442
976 491
976 514
976 567
976 671
976 702
976 706
976 744
976 763
976 863
976 877
976 887
977 156
977 359
977 362
977 431
977 496
977 512
977 590
977 920
978 88
978 229
978 273
978 411
978 450
978 533
978 750
978 818
979 89
979 534
980 119
980 227
980 251
980 415
980 469
980 483
980 731
981 95
981 103
981 169
981 188
981 611
981 881
981 946
981 989
982 863
983 93
983 538
984 94
984 539
984 956
985 182
985 454
985 702
985 715
985 740
986 189
986 408
986 424
986 542
986 733
988 111
988 294
988 360
988 362
988 414
988 443
988 448
988 579
988 610
988 805
988 916
990 556
990 610
990 615
990 915
990 994
991 225
992 5
992 12
992 246
992 317
992 399
992 457
992 608
992 779
992 902
992 997
993 218
993 348
993 965
994 238
994 247
994 454
994 598
995 761
998 552
998 599
1000 96
1000 132
1000 134
1000 181
1000 262
1000 626
1000 632
1000 695
1000 707
1000 798
1000 989
1003 288
1003 570
1003 576
1005 425
1005 870
1007 117
1007 159
1007 184
1007 204
1007 562
1007 604
1007 730
1007 935
1010 598
1010 1002
1011 121
1011 566
1014 54
1014 66
1014 124
1014 194
1014 499
1014 569
1014 639
1014 699
1014 944
1015 323
1015 723
1015 784
1016 801
1017 127
1017 363
1017 572
1018 376
1020 130
1020 256
1020 575
1021 66
1021 294
1021 411
1021 438
1021 476
1021 536
1021 712
1021 749
1021 883
1021 930
1021 1013
1022 279
1022 356
1022 431
1022 557
1022 588
1022 623
1022 671
1022 692
1022 725
1022 941
1023 202
1023 227
1023 616
1023 647
1023 826
