256 253
0 86
0 196
0 249
2 156
2 186
3 7
5 66
5 186
9 42
9 222
9 231
10 57
10 154
11 157
13 171
13 174
16 20
16 55
16 210
16 230
23 134
24 39
24 111
24 183
26 59
26 147
26 153
30 22
32 119
33 98
33 166
35 7
35 15
35 36
35 200
35 222
37 219
39 127
43 193
46 40
46 254
47 172
52 147
55 243
56 140
57 82
57 199
61 120
63 113
63 123
64 192
65 96
65 98
65 123
65 124
65 138
65 186
65 241
67 45
67 74
67 144
68 73
68 154
68 210
69 114
69 232
70 77
70 120
72 26
72 66
72 74
72 90
72 141
72 153
72 170
72 198
74 72
76 29
76 93
76 224
77 70
78 144
79 116
81 23
81 124
82 123
84 163
86 47
86 92
86 221
89 223
90 35
90 72
90 112
90 163
90 254
91 13
91 18
91 88
91 102
91 146
91 251
94 10
94 29
94 78
94 185
96 37
96 65
96 186
96 196
96 229
98 251
104 112
104 114
104 223
104 226
106 45
108 175
108 243
110 13
110 83
110 157
111 24
111 105
111 183
112 104
112 223
115 7
123 63
126 31
126 189
127 39
128 17
129 10
129 59
129 88
129 222
133 233
133 238
134 23
134 103
137 87
138 24
138 252
139 46
139 236
140 56
141 12
141 40
141 52
141 83
143 1
143 184
143 202
144 78
144 116
146 80
147 52
147 168
148 78
150 236
150 254
152 124
153 5
153 26
153 49
153 59
153 120
153 147
153 217
155 209
155 220
155 225
156 237
157 57
159 42
159 184
160 115
165 161
165 233
165 244
169 174
172 54
173 15
178 83
178 110
178 208
180 98
180 255
183 207
184 195
185 50
185 163
185 235
188 131
190 131
190 170
190 200
190 210
190 242
193 125
194 37
194 234
195 92
196 75
196 96
197 53
197 57
199 57
199 82
199 127
203 12
203 114
203 162
203 208
203 214
204 181
206 1
206 37
206 52
206 239
207 183
209 116
212 63
213 56
214 108
214 179
215 184
215 235
216 53
221 86
221 122
222 9
226 104
226 114
227 240
231 9
232 27
247 24
247 114
248 18
248 153
248 212
249 0
249 158
250 37
250 128
251 18
251 91
251 98
251 135
253 202
255 180
