128 79
0 33
1 125
3 79
7 48
10 89
12 56
12 112
13 78
14 121
16 20
16 69
19 122
21 9
21 89
24 85
26 28
26 87
28 26
28 87
33 98
33 99
35 77
39 45
41 84
46 28
47 5
47 49
47 119
55 20
58 84
61 3
61 102
65 96
65 98
67 6
67 45
68 102
71 87
72 26
72 90
72 120
80 95
81 125
83 36
83 106
84 109
87 2
89 9
89 21
90 35
90 72
90 118
90 120
92 113
93 52
96 37
96 65
96 111
98 60
100 7
101 29
104 22
106 118
110 48
110 83
110 96
110 117
110 123
111 68
111 69
112 2
112 70
113 92
116 78
117 48
118 40
118 90
120 72
120 90
