256 332
0 86
0 95
0 202
0 218
0 249
3 174
3 194
3 226
5 77
6 91
8 21
8 59
8 98
8 110
8 112
9 132
9 232
10 189
11 42
11 194
11 209
13 19
16 20
16 60
16 230
21 8
23 206
24 85
24 183
25 18
25 102
25 204
26 91
26 147
26 153
30 22
30 69
31 20
31 109
31 135
31 148
32 148
33 98
33 255
35 77
35 200
38 60
39 45
46 224
46 254
47 137
47 179
47 218
48 181
48 192
48 196
49 43
51 179
51 233
52 147
55 237
60 38
60 43
61 3
61 120
65 96
65 98
65 124
65 138
65 241
67 45
67 123
67 154
68 73
68 202
69 22
69 30
69 39
69 176
69 188
69 204
69 240
70 120
71 60
71 131
71 178
71 212
72 26
72 66
72 90
72 141
72 153
72 170
72 209
74 217
77 5
78 50
78 159
78 163
81 53
81 124
86 132
86 212
89 136
89 155
89 233
90 25
90 35
90 72
90 129
90 254
92 30
92 122
92 162
92 183
92 188
92 228
92 241
93 209
95 5
95 126
96 37
96 65
96 111
96 229
98 142
98 251
100 7
100 74
100 80
100 163
100 170
104 144
104 213
104 216
104 238
108 144
108 175
108 180
108 243
109 31
110 96
110 117
110 189
111 250
112 2
112 70
112 191
113 149
115 79
115 164
121 97
121 99
125 92
126 95
126 220
128 41
128 43
131 27
131 128
131 178
131 180
132 9
132 130
132 212
132 250
133 18
133 38
133 194
133 238
135 43
135 88
135 248
136 215
137 47
138 24
139 46
139 236
140 89
140 185
141 12
141 52
141 209
141 215
143 74
143 213
144 64
144 108
144 115
144 199
147 52
147 168
150 236
150 254
151 246
152 225
153 18
153 26
153 49
153 120
153 147
154 67
154 184
155 99
157 38
159 78
159 94
159 192
159 228
160 56
161 40
163 78
165 106
165 121
166 52
166 74
167 32
169 33
169 128
169 234
172 137
173 5
173 34
174 3
178 113
178 131
178 181
178 202
178 205
181 209
182 228
184 154
185 50
185 91
185 119
185 162
185 213
189 53
189 54
190 154
190 170
190 200
191 26
191 59
191 112
191 242
192 159
196 18
196 57
196 97
196 116
197 29
199 82
199 127
199 217
200 123
201 116
201 135
201 215
203 3
203 12
203 99
203 114
203 149
203 214
203 242
206 1
206 23
206 37
206 52
206 239
213 50
213 88
213 185
214 108
214 179
214 242
215 136
216 99
217 74
217 127
217 160
217 199
217 254
220 42
220 148
220 219
222 32
222 41
222 114
222 231
226 114
227 123
228 14
228 17
229 76
231 218
231 222
233 25
233 51
233 89
233 179
233 183
233 198
235 73
235 83
235 91
235 95
235 124
235 138
235 163
235 219
235 236
242 214
245 164
247 24
247 114
247 171
248 135
248 153
249 0
249 158
251 98
251 107
252 119
253 123
253 215
253 241
255 33
255 50
255 98
255 252
