256 240
0 2
0 157
0 171
0 184
1 247
2 186
3 101
3 148
3 228
8 20
8 29
8 95
8 97
8 232
9 45
10 81
10 194
10 216
10 240
13 103
13 174
15 56
15 194
16 29
16 63
16 89
16 91
16 137
16 160
17 254
18 87
21 9
21 178
22 18
22 105
23 195
26 112
31 2
31 56
31 104
31 139
32 85
35 136
37 48
37 80
37 180
39 105
39 226
41 9
41 149
47 95
47 119
47 179
49 86
51 179
51 227
53 98
53 225
57 58
57 120
58 70
60 5
60 99
61 102
61 157
61 232
62 189
67 86
67 110
67 184
67 227
68 102
68 136
68 160
72 90
72 118
74 130
77 204
79 49
79 132
82 197
83 106
83 134
83 251
90 12
90 72
90 165
90 197
90 225
90 247
92 52
92 120
92 207
92 241
94 243
95 207
95 242
96 22
98 53
99 60
101 1
103 129
104 116
104 199
104 213
104 249
106 12
106 94
106 157
107 54
107 80
107 144
108 29
110 52
110 83
110 221
110 252
111 218
111 237
113 28
113 139
113 147
122 243
123 148
124 136
128 179
129 125
129 181
130 120
131 74
131 125
132 79
135 154
137 16
140 159
140 190
140 204
141 6
143 25
143 102
143 194
143 233
144 80
144 107
146 3
147 113
147 251
155 247
157 66
158 115
159 206
159 221
160 68
160 96
163 64
163 109
166 49
166 85
166 254
173 30
173 66
173 87
173 115
173 171
173 185
173 229
176 14
184 245
185 42
187 63
187 169
187 239
190 250
191 55
191 105
191 207
191 226
191 229
194 15
194 65
194 184
195 1
195 23
200 29
200 145
200 231
204 49
204 77
204 128
204 152
204 223
205 17
205 63
205 210
205 234
205 236
205 254
206 14
206 106
206 159
206 234
212 175
213 114
217 100
217 230
217 252
220 219
221 110
221 150
221 252
222 244
222 250
227 51
228 3
228 202
229 173
234 203
235 53
235 80
235 196
235 219
240 152
242 73
242 155
243 122
245 203
245 240
245 254
248 30
248 95
248 226
248 242
250 190
253 241
255 26
255 36
255 98
255 99
255 116
255 252
