256 247
0 51
1 247
2 167
2 182
2 194
2 241
3 167
6 112
7 46
7 191
8 44
8 87
8 251
9 45
9 136
9 218
10 26
12 40
13 39
13 42
13 85
13 169
13 247
16 63
16 69
16 137
17 254
19 87
22 29
22 105
25 175
28 51
29 108
31 56
35 109
35 196
37 80
39 13
39 79
39 225
39 233
39 235
44 8
44 150
44 237
46 204
47 203
49 86
54 193
55 20
55 161
56 31
58 70
59 183
59 209
59 243
61 78
61 102
61 128
61 172
62 140
62 211
67 86
67 131
68 102
69 16
69 133
71 116
71 124
71 243
72 60
72 87
72 90
72 91
72 118
74 73
74 115
76 153
76 169
76 185
76 192
78 137
79 23
82 197
83 29
85 13
85 96
85 130
90 12
90 72
90 91
90 167
90 197
90 225
90 247
91 72
91 90
92 58
92 173
94 243
95 175
95 222
96 22
96 255
101 1
103 166
104 96
104 191
104 241
110 49
110 185
111 58
111 157
111 232
112 6
112 86
113 64
113 94
113 174
113 241
113 246
121 97
122 243
128 147
129 133
129 137
130 120
131 112
131 219
134 190
135 164
137 16
140 33
141 6
142 227
143 75
143 205
146 88
146 99
147 128
147 251
148 15
148 51
148 173
148 220
153 184
154 162
158 115
159 151
159 194
159 206
160 129
161 55
163 189
164 126
165 36
165 92
165 101
165 132
165 252
166 30
167 43
169 76
169 185
169 186
169 196
173 15
173 69
173 254
176 14
176 171
181 114
181 222
181 244
182 44
185 31
185 110
186 54
186 88
186 119
186 130
186 141
187 63
187 239
189 118
190 78
191 118
191 120
191 142
192 120
195 1
195 21
195 194
196 35
196 109
196 161
196 169
200 145
200 255
201 80
202 50
202 69
202 125
202 227
206 14
206 60
206 159
206 234
210 130
210 197
210 209
215 12
215 59
215 71
215 123
215 135
215 138
217 104
217 107
217 157
218 182
219 81
224 157
224 193
227 158
228 160
228 242
231 79
232 46
232 111
232 157
234 203
240 245
243 122
245 203
245 254
248 23
248 30
248 215
248 226
252 83
252 120
255 22
255 70
255 84
255 96
255 226
