1024 3061
1 36
1 443
1 509
1 723
1 890
2 121
2 177
2 183
2 205
2 289
2 290
2 386
2 434
2 566
2 735
2 814
2 821
2 843
2 848
2 917
2 1011
4 49
4 116
4 681
4 1009
7 28
7 275
7 431
7 520
7 536
7 711
7 976
7 1016
8 363
9 160
9 174
9 416
9 447
9 548
9 598
9 619
9 631
9 656
9 695
9 730
9 742
9 861
9 898
9 918
9 940
9 969
11 564
12 43
12 457
12 902
13 5
13 120
13 176
13 183
13 218
13 406
13 728
13 765
13 945
13 1004
14 835
15 905
16 157
16 202
16 239
16 267
16 540
16 647
16 718
16 782
16 1006
17 907
18 908
19 464
19 589
19 909
20 465
20 573
20 910
21 466
21 911
22 322
23 913
25 22
25 62
25 112
25 431
25 546
25 674
25 749
25 769
25 862
25 882
25 912
26 381
26 726
27 198
27 427
27 872
27 937
28 663
29 5
29 109
29 160
29 251
29 309
29 358
29 474
29 546
29 573
29 616
29 648
29 692
29 711
29 919
29 943
29 958
29 976
29 1001
30 54
30 94
30 106
30 280
30 312
30 431
30 499
30 539
30 645
30 685
30 693
30 757
30 944
30 984
31 921
32 136
32 259
32 331
32 384
32 531
32 637
32 640
32 696
32 793
32 933
32 963
35 134
35 187
35 300
35 383
35 411
35 416
35 446
35 617
35 663
35 815
35 825
35 857
35 861
37 927
38 153
38 214
38 297
38 330
38 443
38 505
38 700
38 758
38 788
38 894
38 985
39 81
39 395
39 484
39 929
40 923
41 74
41 108
41 283
41 335
41 620
41 837
41 859
41 964
42 24
42 58
42 75
42 92
42 149
42 160
42 253
42 312
42 429
42 461
42 584
42 658
42 715
42 757
42 783
42 791
42 953
43 12
43 236
43 253
43 405
43 434
43 457
43 546
43 573
43 782
43 836
43 902
44 934
45 717
46 17
46 39
46 91
46 122
46 138
46 211
46 484
46 532
46 803
46 907
46 929
46 931
48 391
48 447
48 503
48 529
48 714
48 756
48 835
49 137
49 205
49 206
49 341
49 384
49 421
49 863
49 879
50 23
50 77
50 84
50 97
50 105
50 116
50 382
50 467
50 511
50 522
50 527
50 551
50 559
50 669
50 913
50 967
50 974
50 985
51 74
51 964
52 942
53 845
54 499
54 944
55 171
55 288
55 798
56 370
56 402
56 435
56 804
56 880
56 953
56 1006
59 504
59 949
60 63
60 147
60 186
60 531
60 625
60 652
60 759
60 1023
61 402
61 506
61 951
62 25
62 79
63 60
63 137
63 147
63 173
63 186
63 531
63 625
63 759
63 794
63 889
63 1023
65 955
67 741
67 760
67 839
70 246
71 37
71 516
71 927
71 961
73 6
73 368
73 433
73 770
73 776
73 813
73 937
74 334
74 964
75 315
76 725
77 522
77 612
77 832
77 967
77 990
78 99
78 256
78 343
78 426
78 494
78 505
78 694
78 706
78 834
79 469
80 177
80 378
80 525
80 970
81 39
81 78
81 146
81 256
81 283
81 356
81 363
81 395
81 426
81 484
81 505
81 591
81 706
81 929
82 393
82 428
82 823
84 974
85 530
85 717
85 975
86 13
86 116
86 119
86 124
86 127
86 216
86 235
86 281
86 282
86 328
86 333
86 372
86 437
86 569
86 572
86 680
86 726
86 771
86 817
86 1014
86 1017
87 622
87 843
88 229
88 328
88 397
88 533
88 627
88 717
88 750
88 818
88 856
88 978
89 534
89 795
89 979
91 19
91 33
91 46
91 96
91 116
91 255
91 357
91 464
91 537
91 650
91 684
91 802
91 837
91 909
91 1001
91 1003
92 3
92 321
92 624
92 766
93 479
93 538
93 983
94 539
94 751
94 851
94 984
95 8
95 127
95 141
95 179
95 256
95 541
95 572
95 578
95 580
95 610
95 632
95 723
95 854
95 878
95 938
95 1017
96 104
96 376
96 839
96 867
97 186
97 283
97 542
97 868
97 943
99 154
99 743
100 296
100 541
100 754
102 12
102 24
102 246
102 317
102 439
102 457
102 521
102 608
102 751
102 779
102 895
102 902
102 915
102 940
102 997
103 96
103 192
103 303
103 381
103 385
103 463
103 513
103 751
103 875
103 976
104 47
104 65
104 79
104 150
104 236
104 501
104 574
104 595
104 651
104 955
106 30
106 80
106 89
106 144
106 239
106 344
106 525
106 534
106 634
106 636
106 673
106 840
106 965
106 970
106 979
106 986
106 1013
107 119
107 187
107 298
108 381
108 532
108 980
109 786
110 12
110 39
110 48
110 57
110 67
110 75
110 408
110 416
110 457
110 484
110 493
110 628
110 743
110 861
110 902
110 929
111 11
111 270
111 373
111 429
111 483
111 826
113 76
113 386
113 387
113 389
113 458
114 260
114 459
114 478
114 645
114 866
116 352
116 649
116 797
117 28
117 159
117 562
117 604
117 881
117 1007
118 3
118 102
118 225
118 279
118 498
118 528
118 634
118 733
118 795
118 960
119 86
120 363
121 566
121 1011
123 177
124 54
124 66
124 194
124 238
124 385
124 499
124 569
124 639
124 699
124 944
124 1014
125 962
126 663
127 572
127 1017
128 376
128 977
130 575
130 1020
131 586
132 8
132 120
132 821
133 24
133 491
133 810
133 839
133 874
134 35
134 857
135 61
135 506
135 509
135 672
135 714
135 903
135 951
136 356
136 548
136 958
139 146
140 139
143 253
144 174
144 619
146 866
147 60
147 63
147 163
147 173
147 186
147 191
147 463
147 482
147 497
147 531
147 579
147 625
147 759
147 771
147 878
147 889
147 893
147 993
147 1023
149 267
150 139
150 360
150 550
150 595
150 805
152 27
152 61
152 119
152 168
152 190
152 245
152 259
152 260
152 297
152 364
152 485
152 506
152 622
152 653
152 690
152 809
152 824
152 854
152 857
152 897
152 948
152 951
154 10
154 99
154 179
154 338
154 436
154 524
154 702
154 743
154 848
154 888
154 966
155 600
156 359
156 564
157 528
158 611
159 264
159 604
161 468
161 521
161 606
162 418
162 1006
163 126
163 759
167 0
167 74
167 148
167 182
167 596
167 825
167 906
167 930
167 964
168 551
169 174
169 619
170 386
170 422
171 409
172 616
173 70
173 107
173 161
173 197
173 201
173 442
173 606
173 609
173 642
173 646
173 685
173 818
173 887
173 956
173 981
174 619
176 278
176 407
176 852
177 284
177 383
177 410
177 568
177 729
177 855
177 906
178 394
179 293
179 440
179 738
179 792
179 931
180 290
180 735
181 221
181 626
181 666
182 217
182 268
184 177
184 244
184 763
184 780
185 162
185 249
185 317
185 318
185 333
185 394
185 571
185 574
185 614
185 617
185 688
185 958
186 248
186 293
186 738
187 35
187 446
188 27
188 101
188 197
188 211
188 271
188 310
188 431
188 642
188 926
189 704
190 1015
192 510
192 691
192 893
193 848
194 639
196 209
196 535
196 641
196 879
197 642
198 512
199 644
199 846
199 1003
201 128
201 557
201 646
201 795
202 647
203 18
203 243
203 251
203 468
203 505
203 614
203 749
203 815
203 908
205 49
205 271
205 869
205 953
206 716
208 256
208 751
210 39
210 155
210 221
210 264
210 484
210 502
210 600
210 655
210 666
210 929
211 68
211 338
211 434
211 531
211 560
213 298
213 745
213 848
213 958
213 1006
215 44
215 564
215 598
215 814
215 934
216 286
216 350
216 769
216 851
219 129
219 312
219 391
219 757
219 947
219 971
220 388
220 665
220 935
220 995
221 22
221 374
221 477
221 666
221 818
221 994
222 191
223 345
223 790
225 991
226 661
226 1023
227 58
228 594
229 234
229 850
230 4
230 126
230 780
231 643
231 785
232 677
232 842
233 678
235 680
236 104
236 183
236 651
236 664
236 818
237 57
237 340
237 682
239 551
239 779
240 155
240 600
240 667
240 691
240 1003
241 198
241 325
241 686
241 837
245 240
245 690
245 755
249 20
249 140
249 465
249 910
249 966
251 485
252 697
253 992
255 91
255 225
255 357
255 476
255 590
255 802
255 890
255 1002
255 1003
258 703
262 33
262 105
262 707
262 717
262 938
264 274
264 719
264 1021
265 529
265 554
267 149
270 11
270 556
270 826
273 514
274 21
274 128
274 334
274 394
274 466
274 719
274 761
274 784
274 793
274 911
276 304
276 721
277 90
278 212
280 332
280 777
280 834
281 14
281 625
284 729
287 732
288 55
288 171
288 1016
289 2
289 293
289 310
289 434
289 541
289 738
289 891
289 993
289 1021
290 404
290 735
290 849
291 16
291 197
291 642
291 736
293 310
293 738
295 345
295 421
295 733
295 790
297 178
297 254
297 980
299 19
299 196
299 464
299 641
299 672
299 744
299 909
301 746
302 213
302 395
302 747
302 924
306 36
306 246
306 320
308 275
308 753
310 188
312 219
312 391
312 547
312 757
312 971
314 324
314 768
314 854
317 168
317 429
317 430
317 980
317 992
319 343
319 444
321 33
321 119
321 122
321 766
322 22
322 345
322 373
322 590
322 790
329 109
329 395
330 412
330 478
330 584
331 53
331 653
331 906
332 777
332 828
335 247
336 463
336 781
341 798
342 937
345 784
345 790
347 773
347 792
349 126
349 276
349 493
349 721
350 901
351 31
351 921
352 797
353 403
353 579
355 398
355 688
355 800
357 311
357 802
358 812
359 8
359 659
359 761
359 879
360 805
361 545
364 809
365 54
365 499
365 944
366 512
366 616
366 834
368 813
369 239
371 661
372 436
372 817
374 517
377 673
377 822
379 478
379 648
384 623
384 811
384 1012
385 786
386 170
386 422
391 18
391 219
391 272
391 312
391 470
391 757
391 908
391 971
391 1010
392 410
392 544
392 832
392 855
394 178
395 109
395 362
395 376
395 770
396 841
396 1015
399 559
402 897
403 779
404 849
407 852
409 171
410 855
414 517
414 879
414 890
416 861
417 819
419 150
419 595
419 801
419 991
420 6
420 235
420 311
420 680
420 756
421 61
421 506
421 596
421 597
421 951
422 581
424 416
424 861
424 1008
425 870
427 872
430 172
431 851
431 856
431 914
432 549
432 652
432 662
432 725
432 877
432 897
432 977
435 880
435 976
436 372
436 817
438 866
438 883
440 724
440 1019
441 834
442 75
442 173
442 201
442 646
442 887
442 995
444 631
444 724
445 1
445 297
445 363
445 598
445 695
445 820
445 965
445 973
446 35
446 187
446 343
446 361
446 617
446 693
446 763
447 48
447 172
447 344
447 391
447 529
447 651
447 898
447 1003
449 44
449 66
449 241
449 285
449 376
449 408
449 462
449 489
449 537
449 686
449 779
449 824
449 934
449 941
450 154
450 322
450 363
450 447
450 456
450 479
450 673
450 700
450 758
450 848
450 876
450 903
451 327
451 737
452 231
452 429
452 439
452 537
452 561
452 952
452 959
453 116
453 390
453 500
453 668
453 764
453 847
454 34
454 107
454 222
454 311
454 346
454 390
454 564
454 603
454 693
454 748
454 755
454 779
454 858
454 900
454 904
454 928
454 1010
456 821
457 12
457 43
457 902
458 113
458 169
458 212
458 264
458 377
458 389
458 515
458 710
458 822
459 301
459 746
460 70
460 169
461 351
461 413
462 220
462 665
463 197
463 642
463 692
464 19
464 589
464 909
465 20
465 573
465 910
466 21
466 911
467 6
468 553
469 673
470 18
470 204
470 206
470 230
470 272
470 277
470 344
470 391
470 392
470 437
470 513
470 535
470 551
470 616
470 705
470 720
470 750
470 764
470 869
470 903
470 908
470 923
472 712
474 5
474 29
474 109
474 160
474 251
474 309
474 358
474 546
474 573
474 616
474 648
474 692
474 711
474 919
474 943
474 958
474 976
474 1001
475 88
475 155
475 201
475 210
475 225
475 517
475 533
475 600
475 646
475 655
475 828
475 894
475 978
475 991
476 683
477 68
477 88
477 149
477 168
477 221
477 272
477 340
477 377
477 381
477 462
477 491
477 520
477 533
477 666
477 760
477 818
477 822
477 978
478 294
478 396
478 841
479 933
480 185
480 237
480 330
480 487
480 540
480 570
480 663
480 682
480 839
480 867
480 938
480 989
481 347
481 848
482 830
483 168
483 672
483 709
483 838
484 39
484 81
484 395
484 929
485 251
486 310
486 400
486 426
486 585
486 893
487 37
487 117
487 144
487 201
487 276
487 330
487 404
487 480
487 523
487 562
487 570
487 635
487 646
487 685
487 704
487 721
487 741
487 792
487 810
487 849
487 889
487 927
487 930
487 936
487 980
487 1002
487 1007
488 936
489 59
489 504
489 949
491 139
491 354
491 544
491 709
491 767
491 866
493 374
493 675
494 511
494 889
495 237
495 409
495 471
495 497
495 629
495 682
495 696
495 741
496 55
497 372
497 394
497 817
498 277
498 762
498 773
498 804
499 54
499 944
500 240
501 145
504 59
504 949
505 14
505 232
505 284
505 677
505 729
506 61
506 402
506 951
508 191
508 248
508 334
508 514
509 507
510 846
511 50
515 218
515 472
515 555
515 608
515 764
515 874
516 37
516 71
516 927
516 961
517 157
518 145
518 512
520 342
522 77
522 612
522 832
522 967
522 990
523 3
523 97
523 183
523 303
523 598
523 749
523 837
523 1022
524 160
524 862
525 80
525 177
525 378
525 970
526 40
526 72
526 179
526 278
526 391
526 611
526 625
526 740
526 811
526 914
526 937
527 50
527 195
527 573
528 812
529 535
530 85
530 717
530 975
531 27
531 32
531 60
531 63
531 147
531 173
531 180
531 186
531 196
531 211
531 307
531 323
531 625
531 641
531 692
531 709
531 759
531 808
531 889
531 993
531 1023
532 40
532 46
532 108
532 353
532 796
532 803
532 980
533 88
533 229
533 328
533 397
533 627
533 717
533 750
533 818
533 856
533 978
534 89
534 795
534 979
535 811
536 649
536 701
536 991
538 93
538 479
538 983
539 94
539 751
539 851
539 984
540 16
540 101
540 108
540 201
540 318
540 444
540 496
540 508
540 532
540 541
540 577
540 588
540 646
540 649
540 687
540 694
541 100
541 296
541 667
541 754
542 607
542 958
543 321
543 459
543 723
543 766
543 836
543 839
543 864
543 943
543 988
545 18
545 354
545 657
545 908
546 45
546 869
547 40
547 85
547 312
547 364
547 387
547 530
547 573
547 635
547 718
547 757
547 807
547 809
547 966
547 975
548 11
548 19
548 136
548 156
548 217
548 356
548 464
548 517
548 909
548 958
548 1018
549 70
549 173
549 366
549 409
549 432
549 459
549 477
549 523
549 598
549 652
549 659
549 739
549 844
549 865
549 871
549 877
549 897
549 1022
550 819
551 23
551 238
551 239
551 339
551 494
551 913
552 257
553 261
553 278
553 295
553 351
553 468
553 602
553 723
553 863
553 906
554 468
554 982
555 94
555 172
555 515
555 539
555 568
555 603
555 613
555 669
555 670
555 771
555 831
555 878
555 890
555 895
555 984
555 987
556 250
556 270
556 285
556 347
556 356
556 362
556 755
556 881
556 939
556 1004
558 307
558 807
559 145
559 378
559 589
559 673
559 925
559 943
559 959
560 190
560 334
561 914
562 28
562 117
562 159
562 604
562 881
562 1007
563 84
563 130
563 237
563 249
563 303
563 331
563 333
563 341
563 451
563 455
563 575
563 682
563 713
563 733
563 740
563 761
563 839
563 846
563 863
563 926
563 960
563 974
563 1020
566 121
566 1011
568 382
568 996
569 54
569 66
569 124
569 194
569 238
569 385
569 499
569 639
569 699
569 944
569 1014
570 62
570 957
572 127
572 1017
573 19
573 464
573 909
575 130
575 1020
576 128
576 265
576 321
576 407
576 514
576 515
576 547
576 584
576 766
576 845
576 852
576 884
577 129
577 346
577 367
577 414
577 557
577 628
577 633
577 709
577 815
577 826
577 943
577 956
578 724
580 63
580 89
580 95
580 112
580 206
580 275
580 277
580 289
580 381
580 461
580 534
580 554
580 570
580 579
580 610
580 723
580 804
580 938
580 979
581 247
581 324
581 422
581 456
581 795
582 50
582 616
584 313
584 443
585 788
585 965
586 3
587 601
587 631
587 972
588 210
588 655
588 858
589 15
589 19
589 45
589 76
589 79
589 155
589 181
589 203
589 207
589 295
589 366
589 378
589 415
589 464
589 472
589 496
589 559
589 586
589 600
589 626
589 815
589 824
589 864
589 871
589 888
589 905
589 909
589 915
589 925
589 943
589 959
590 112
591 343
591 775
592 289
592 394
592 749
592 796
592 847
592 860
592 895
594 280
594 384
595 139
595 150
595 360
595 550
595 805
596 999
597 31
597 46
597 145
597 232
597 266
597 300
597 331
597 441
597 625
597 677
597 713
597 921
597 965
597 997
599 481
599 798
600 155
603 818
603 973
604 159
604 264
605 191
605 240
605 249
605 262
605 293
605 630
605 691
605 707
605 717
605 738
605 779
605 803
605 989
606 161
606 468
606 521
607 139
607 223
607 305
607 542
607 713
607 933
607 958
608 68
608 164
608 326
608 854
609 229
609 409
609 787
609 810
610 436
610 701
611 65
611 158
611 955
611 972
611 992
612 77
612 164
612 189
612 460
612 495
612 498
612 522
612 616
612 628
612 668
612 789
612 812
612 832
612 839
612 967
612 990
612 1018
613 555
613 831
613 895
616 34
618 67
618 191
618 227
618 410
618 846
618 855
618 916
618 982
619 174
622 119
622 152
622 297
622 364
622 424
622 809
622 824
622 854
622 1021
623 404
623 849
624 92
624 321
624 670
624 766
626 181
626 221
626 666
628 338
629 699
629 739
630 51
630 75
630 157
630 209
630 221
630 235
630 246
630 274
630 348
630 364
630 408
630 620
630 666
630 669
630 680
630 719
630 809
630 878
630 917
633 59
633 69
633 98
633 254
633 355
633 504
633 695
633 743
633 800
633 949
633 987
639 194
640 245
640 690
640 973
641 196
641 209
641 535
641 879
642 197
644 199
644 846
644 1003
646 128
646 201
646 557
646 795
647 202
648 350
650 52
650 263
650 740
650 942
651 104
651 236
652 432
652 549
652 877
652 897
655 39
655 155
655 210
655 221
655 264
655 484
655 502
655 600
655 666
655 929
658 17
658 168
658 462
658 907
659 149
660 4
660 37
660 207
660 307
660 453
660 478
660 514
660 599
660 727
660 785
660 922
660 927
660 1001
661 371
662 74
662 360
662 805
662 964
663 28
663 35
663 249
663 416
663 667
663 815
663 861
664 153
664 231
664 236
664 250
664 312
664 448
664 503
664 757
664 818
664 844
665 220
665 388
665 935
665 995
666 22
666 221
666 374
666 477
666 818
666 994
667 958
668 390
668 453
668 847
669 294
670 34
670 172
670 399
670 559
670 568
671 112
671 578
673 145
673 559
676 54
676 148
676 499
676 944
677 232
677 842
678 233
679 187
679 237
679 272
679 399
679 406
679 552
679 615
679 682
679 683
680 235
681 567
682 57
682 237
682 340
683 476
685 348
685 487
685 635
685 741
685 889
686 198
686 241
686 325
686 837
688 281
688 371
688 773
690 240
690 245
690 755
696 496
696 782
696 789
697 252
698 820
700 101
701 536
703 258
704 189
704 390
705 36
707 33
707 105
707 262
707 717
707 938
709 31
709 77
709 522
709 921
709 945
709 967
709 973
710 438
710 883
710 926
711 675
713 266
713 563
713 839
714 594
714 794
715 89
715 534
715 559
715 979
716 340
716 825
718 689
719 21
719 128
719 274
719 334
719 394
719 466
719 761
719 784
719 793
719 911
720 821
721 276
721 304
722 885
724 440
725 55
726 146
726 192
727 31
727 244
727 269
727 308
727 348
727 753
727 867
727 921
729 284
732 287
733 250
733 427
733 478
733 669
733 791
733 872
734 168
734 437
734 764
734 807
735 290
735 404
735 849
736 16
736 197
736 291
736 642
737 963
738 293
738 310
739 844
742 616
743 110
744 19
744 196
744 299
744 464
744 641
744 672
744 909
745 213
745 848
745 1006
746 301
747 213
747 302
747 395
747 924
748 98
749 3
750 178
750 237
750 682
750 798
750 858
750 923
751 94
751 539
751 851
751 984
753 275
753 308
754 434
755 429
756 6
756 128
756 235
756 311
756 420
756 680
757 219
757 312
757 391
757 547
757 971
758 38
758 328
758 505
758 591
758 985
759 126
759 163
762 69
762 254
762 748
762 787
763 57
764 422
765 224
766 33
766 119
766 122
766 321
767 739
771 72
772 122
773 347
773 792
776 818
777 332
777 828
779 102
780 10
780 897
781 336
781 463
782 278
783 931
786 65
786 111
786 955
790 345
790 784
791 1002
792 398
793 824
794 594
794 714
795 89
795 534
795 979
796 692
796 745
797 352
798 55
800 355
800 398
800 688
801 485
801 675
802 311
802 357
803 46
803 532
804 370
804 649
805 360
806 824
807 413
808 83
809 364
811 256
812 272
812 418
813 368
814 2
815 586
815 589
816 259
816 482
817 372
817 436
819 500
819 550
821 47
822 377
822 673
823 181
823 626
824 129
826 148
827 249
827 420
827 846
829 112
831 151
831 273
832 795
836 210
836 655
837 425
837 870
838 117
838 257
838 562
838 1007
839 67
839 760
840 90
840 412
840 617
840 904
840 930
841 396
841 1015
843 675
844 739
844 767
844 924
846 1009
847 4
847 390
847 453
847 510
847 668
847 1018
848 214
848 363
849 404
852 407
855 410
856 266
856 378
858 588
860 541
860 586
860 987
861 416
862 369
862 784
864 505
866 146
867 94
867 539
867 984
868 950
870 425
871 413
872 427
875 743
877 432
877 549
877 652
877 662
877 725
877 897
877 977
879 688
879 945
879 1016
880 435
880 976
881 383
881 428
881 601
881 962
881 985
881 1022
882 411
883 438
883 866
885 463
887 75
887 173
887 201
887 442
887 646
887 995
888 904
889 46
889 392
889 439
891 180
891 294
892 395
892 767
892 948
893 147
893 191
894 27
894 30
894 38
894 158
894 163
894 201
894 214
894 301
894 313
894 330
894 388
894 475
894 517
894 560
894 646
894 700
894 726
894 746
894 762
895 171
895 555
895 577
895 592
895 613
895 831
895 847
895 933
897 6
897 122
897 152
897 168
897 250
897 273
897 302
897 352
897 432
897 549
897 652
897 670
897 739
897 747
897 779
897 780
897 797
897 877
898 12
898 222
898 249
898 387
898 457
898 489
898 902
898 918
899 21
899 96
899 159
899 255
899 415
899 441
899 466
899 601
899 604
899 845
899 911
899 997
901 350
902 12
902 43
902 457
903 61
903 135
903 236
903 363
903 450
903 456
903 479
903 506
903 573
903 617
903 951
904 643
904 793
905 15
907 17
908 18
909 19
909 464
909 589
910 20
910 465
910 573
911 21
911 466
912 163
912 399
913 23
915 225
915 288
915 322
915 443
915 512
915 532
915 694
915 785
915 838
915 922
916 276
916 711
916 721
916 873
917 2
917 100
917 177
917 235
917 348
917 408
917 471
917 630
917 680
918 52
918 668
918 942
919 5
919 29
919 109
919 160
919 251
919 309
919 358
919 474
919 546
919 573
919 616
919 648
919 692
919 711
919 943
919 958
919 976
919 1001
920 222
920 401
920 442
920 503
920 597
920 617
920 634
920 643
920 863
920 887
920 995
921 31
922 117
922 314
922 343
922 494
922 562
922 660
922 727
922 915
922 1007
925 93
925 151
925 210
925 301
925 460
925 496
925 538
925 655
925 746
925 896
925 935
925 983
926 743
927 37
929 39
929 81
929 395
929 484
930 217
930 859
931 17
931 46
931 138
931 179
931 211
931 293
931 542
931 738
931 856
931 907
932 28
932 48
932 148
932 185
932 354
932 418
932 447
932 596
932 640
932 688
932 845
932 935
932 954
932 1008
933 4
933 84
933 130
933 348
933 409
933 479
933 550
933 554
933 575
933 752
933 814
933 818
933 864
933 895
933 974
933 995
933 1020
934 44
936 37
936 425
936 487
936 704
936 803
936 810
936 815
936 870
936 927
937 27
938 33
938 105
938 244
938 262
938 344
938 705
938 707
939 296
939 335
939 437
939 681
940 9
940 102
940 176
940 201
940 203
940 317
940 356
940 393
940 447
940 460
940 548
940 557
940 579
940 646
940 730
940 751
940 759
940 946
942 52
944 54
944 499
945 96
945 571
945 601
946 203
946 683
946 940
946 1015
949 59
949 504
950 127
950 434
950 572
950 1017
951 61
951 402
951 506
953 791
953 869
954 932
955 65
956 230
959 20
959 465
959 833
959 910
960 121
960 237
960 249
960 331
960 333
960 451
960 563
960 566
960 682
960 774
960 1008
960 1011
961 37
961 71
961 516
961 927
963 22
963 205
963 334
963 427
963 725
963 820
963 832
963 868
963 872
964 74
964 334
965 358
965 585
965 687
965 788
966 6
966 165
967 77
967 522
967 612
967 832
967 990
968 123
968 188
968 287
968 471
968 596
968 711
968 732
968 759
968 795
968 999
970 80
970 177
970 378
970 525
971 53
971 207
971 211
971 219
971 312
971 331
971 333
971 382
971 390
971 391
971 455
971 471
971 571
971 651
971 659
971 699
971 757
971 763
971 767
971 895
971 941
971 996
971 1008
973 445
974 84
975 85
975 530
975 717
976 5
976 29
976 358
976 474
976 692
976 711
976 919
977 149
977 988
978 88
978 229
978 328
978 397
978 533
978 627
978 717
978 750
978 818
978 856
979 89
979 534
979 795
980 119
980 129
980 251
980 348
980 672
980 886
981 24
981 83
981 122
981 392
981 471
981 623
983 93
983 479
983 538
984 94
984 539
984 751
984 851
985 38
985 82
985 505
985 684
985 758
985 831
985 881
985 962
986 106
986 239
986 294
986 309
986 322
986 328
986 598
986 636
986 843
987 202
987 269
987 284
987 633
987 647
987 729
988 46
988 458
988 543
988 585
988 611
988 623
988 839
988 864
990 361
990 708
991 225
992 58
992 65
992 168
992 253
992 259
992 279
992 309
992 317
992 430
992 440
992 473
992 611
992 807
992 955
992 972
992 980
993 727
994 22
994 116
994 181
994 221
994 246
994 323
994 374
994 494
994 517
994 552
994 626
994 666
994 836
994 879
995 296
995 421
995 509
996 211
996 267
996 382
996 455
996 568
996 971
998 65
998 242
998 247
998 282
998 544
998 557
998 578
998 598
998 873
998 955
1000 72
1000 134
1000 181
1000 193
1000 262
1000 446
1000 626
1000 632
1000 707
1000 708
1000 752
1000 789
1000 891
1000 989
1000 1001
1001 29
1001 474
1001 514
1001 660
1001 919
1004 692
1005 425
1005 870
1006 56
1007 28
1007 117
1007 159
1007 562
1007 604
1007 881
1008 105
1011 121
1011 566
1013 593
1013 837
1014 54
1014 66
1014 124
1014 194
1014 238
1014 385
1014 499
1014 569
1014 639
1014 699
1014 944
1015 40
1015 723
1017 127
1017 572
1018 77
1018 329
1018 460
1018 522
1018 884
1018 967
1020 130
1020 575
1021 8
1021 68
1021 81
1021 130
1021 218
1021 264
1021 272
1021 279
1021 283
1021 289
1021 293
1021 310
1021 337
1021 379
1021 406
1021 424
1021 541
1021 552
1021 575
1021 607
1021 620
1021 622
1021 738
1021 962
1021 993
1021 1006
1021 1020
1022 14
1022 358
1022 428
1022 523
1022 837
1022 881
1022 958
1023 60
1023 63
1023 147
1023 226
1023 531
1023 661
