1024 3084
1 33
1 88
1 199
1 222
1 533
1 644
1 827
1 830
1 978
1 993
2 45
2 62
2 323
2 613
2 614
2 794
2 799
2 1002
3 147
3 191
4 8
4 34
4 160
4 163
4 201
4 301
4 326
4 334
4 472
4 536
4 544
4 567
4 603
4 646
4 726
4 746
4 765
4 775
4 803
4 832
4 1005
5 416
5 423
5 501
5 667
5 706
5 810
5 861
5 1019
7 302
7 313
7 352
7 397
7 429
7 432
7 451
7 613
7 670
7 739
7 747
7 797
7 877
7 968
8 94
8 181
8 193
8 221
8 361
8 539
8 549
8 615
8 626
8 666
8 767
8 916
8 984
8 1002
8 1013
9 11
9 57
9 102
9 120
9 141
9 146
9 301
9 385
9 436
9 512
9 570
9 672
9 746
9 803
9 985
9 1023
12 457
12 902
12 933
13 47
13 217
13 425
13 612
13 750
13 870
13 1000
14 500
14 754
14 812
15 905
16 19
16 464
16 909
17 907
18 908
19 464
19 909
20 465
20 910
21 466
21 911
21 1009
22 163
23 913
25 22
25 28
25 87
25 340
25 557
25 688
25 758
25 779
25 862
25 876
25 882
25 912
25 952
26 83
26 326
26 842
27 799
27 953
28 656
28 976
29 111
29 223
29 251
29 300
29 354
29 356
29 389
29 450
29 474
29 754
29 858
29 919
29 985
30 222
30 344
30 442
30 617
30 675
30 706
30 785
30 887
31 921
32 104
32 154
32 419
32 432
32 549
32 818
32 873
32 877
32 933
33 435
33 652
33 880
34 711
35 146
35 475
35 787
37 927
38 2
38 76
38 585
38 671
38 780
38 812
38 815
38 1003
39 484
39 929
40 278
40 954
41 535
41 598
42 63
42 253
42 272
42 305
42 312
42 326
42 520
42 558
42 584
42 651
42 757
42 928
43 116
43 182
43 194
43 317
43 343
43 448
43 461
43 579
43 639
43 661
43 701
43 804
43 936
44 934
45 475
46 202
46 409
46 480
46 647
46 651
47 472
48 112
48 529
48 714
48 884
48 892
49 97
49 115
49 197
49 202
49 223
49 262
49 444
49 479
49 573
49 642
49 647
49 694
49 706
49 707
49 773
49 819
49 821
49 882
49 892
49 923
49 938
49 945
49 1018
52 495
52 942
53 795
54 499
54 944
55 33
59 504
59 949
60 127
60 434
60 572
60 1017
61 506
61 847
61 951
62 838
63 960
64 819
64 932
65 826
65 955
67 234
67 319
67 376
67 1009
70 564
70 608
70 793
70 878
71 37
71 177
71 228
71 516
71 765
71 774
71 927
71 961
72 257
73 53
73 61
73 80
73 506
73 525
73 614
73 731
73 951
73 970
74 940
74 964
75 826
76 224
76 556
76 654
77 522
77 967
77 990
78 287
78 402
78 456
78 578
78 596
78 708
78 732
78 826
78 1013
79 375
79 399
79 416
79 861
80 378
80 439
80 525
80 970
81 87
81 325
81 448
81 599
81 650
81 664
81 700
81 752
81 869
81 933
81 954
81 988
82 129
84 974
85 381
85 426
85 509
85 530
85 975
86 35
86 135
86 208
86 243
86 251
86 299
86 351
86 385
86 386
86 432
86 442
86 669
86 702
86 706
86 744
86 762
86 763
86 782
86 877
86 887
86 1013
87 25
87 137
87 608
88 273
88 533
88 674
88 818
88 840
88 842
88 853
88 856
88 978
89 534
89 979
90 251
90 393
90 469
90 574
90 750
91 99
91 160
91 230
91 337
91 451
91 614
91 637
91 701
91 749
91 770
91 808
93 538
93 983
94 66
94 330
94 539
94 984
95 140
95 182
95 296
95 624
95 672
95 702
95 715
95 716
96 141
96 163
96 241
96 297
96 686
97 202
97 208
97 269
97 284
97 325
97 647
97 729
101 158
101 240
101 521
101 651
101 652
101 714
101 764
101 796
101 827
101 840
101 876
102 65
102 82
102 90
102 142
102 209
102 215
102 250
102 554
102 613
102 660
102 704
102 724
102 740
102 754
102 762
102 875
102 894
102 918
102 955
102 1003
103 98
103 324
103 461
103 718
103 831
103 842
103 885
103 886
103 1022
104 245
104 690
106 737
106 860
107 448
108 75
108 221
108 329
108 333
108 379
108 418
108 543
108 666
108 863
108 912
108 1013
109 113
109 119
109 460
109 544
109 687
109 689
109 699
109 712
109 828
109 1002
110 99
110 111
110 113
110 136
110 181
110 185
110 262
110 579
110 588
110 626
110 632
110 689
110 695
110 707
111 29
111 474
111 914
111 919
111 959
113 44
113 137
113 156
113 391
113 468
113 513
113 934
113 1010
114 344
115 412
115 425
115 870
117 159
117 473
117 562
117 604
117 629
117 807
117 1007
118 593
119 442
119 887
120 112
120 458
121 566
121 1011
124 54
124 194
124 418
124 499
124 569
124 639
124 699
124 830
124 944
124 956
124 1014
127 572
127 1017
128 77
128 460
128 522
128 708
128 967
129 571
130 575
130 577
130 659
130 1020
131 116
131 130
131 185
131 230
131 264
131 293
131 326
131 513
131 567
131 575
131 607
131 620
131 717
131 724
131 728
131 738
131 801
131 806
131 839
131 1020
132 51
132 158
132 171
132 295
132 452
132 551
132 557
132 568
132 623
132 716
132 731
132 876
133 202
133 647
134 351
134 398
134 998
135 105
135 386
135 545
135 730
135 763
135 819
136 44
136 66
136 210
136 221
136 255
136 263
136 293
136 342
136 379
136 461
136 490
136 511
136 594
136 625
136 655
136 666
136 704
136 738
136 798
136 859
136 891
136 934
139 146
142 207
142 648
143 202
143 647
143 1022
144 72
144 93
144 480
144 538
144 543
144 545
144 551
144 615
144 700
144 725
144 737
144 763
144 844
144 897
144 983
144 1008
147 3
147 13
147 70
147 163
147 176
147 177
147 191
147 271
147 406
147 463
147 482
147 497
147 527
147 771
147 810
147 878
147 889
147 950
147 976
149 33
150 139
150 360
150 542
150 595
150 805
152 217
152 375
152 415
152 453
152 524
152 590
152 640
152 702
152 783
152 885
152 1023
154 387
154 413
155 600
157 66
159 264
159 604
160 4
160 91
160 157
160 176
160 242
160 248
160 337
160 339
160 373
160 435
160 472
160 475
160 490
160 590
160 775
160 808
160 880
160 882
161 468
161 606
161 966
162 116
162 832
163 334
163 1016
164 195
164 640
164 756
164 864
164 889
164 948
166 608
167 58
167 170
167 421
167 611
167 814
167 834
169 18
169 908
170 167
170 287
170 421
170 672
170 732
170 814
170 834
172 243
173 192
173 281
173 321
173 613
173 766
174 619
176 269
176 608
176 833
176 962
177 70
177 71
177 147
177 228
177 406
177 516
177 742
177 771
177 889
177 950
177 961
177 976
181 8
181 221
181 626
181 666
182 445
183 344
184 257
184 618
184 659
184 668
184 953
184 957
185 179
185 262
185 369
185 434
185 614
185 654
185 707
185 833
186 226
186 306
186 335
186 388
186 773
186 839
186 879
186 959
187 701
188 234
188 347
188 486
188 918
190 238
190 823
193 233
193 273
193 394
193 546
193 678
194 639
195 48
195 493
196 641
196 879
196 980
196 991
197 642
198 444
198 858
199 567
199 571
199 644
201 564
201 646
201 1002
201 1018
202 647
203 217
203 315
203 349
203 388
203 426
203 749
203 1004
203 1023
204 337
204 843
206 404
206 849
210 39
210 155
210 221
210 264
210 286
210 333
210 344
210 484
210 600
210 655
210 666
210 929
211 106
211 231
215 23
215 55
215 95
215 385
215 418
215 421
215 452
215 503
215 608
215 871
215 913
216 97
216 158
216 586
217 31
217 203
217 426
217 749
217 921
217 1023
220 45
220 665
221 75
221 108
221 379
221 418
221 543
221 666
221 818
221 912
222 191
223 556
225 165
226 629
226 784
228 495
229 178
231 763
231 990
232 677
233 678
234 421
234 675
235 680
236 242
236 253
236 628
236 669
236 818
236 826
237 682
237 947
239 190
239 414
240 155
240 313
240 600
240 667
240 943
241 129
241 602
241 643
241 686
243 509
245 171
245 240
245 690
245 997
245 1015
246 936
247 120
249 636
251 930
252 697
255 973
256 698
258 703
259 712
259 853
260 278
260 286
261 349
261 359
261 383
261 602
261 625
261 765
261 780
261 806
262 49
262 707
262 923
262 938
264 131
264 274
264 719
265 159
265 335
265 356
265 604
265 840
265 990
267 109
267 254
267 514
268 149
268 281
273 630
274 21
274 123
274 381
274 466
274 719
274 911
274 1018
276 721
276 770
276 812
277 535
279 524
279 826
280 325
280 347
280 634
280 810
283 588
283 685
284 729
285 206
287 732
288 289
288 439
288 585
288 734
288 807
288 864
289 141
289 313
289 383
289 392
289 584
289 692
289 730
289 962
289 988
290 404
290 630
290 735
290 849
291 197
291 642
291 736
291 906
293 567
293 738
295 145
295 193
295 274
295 719
295 923
296 631
298 494
299 19
299 196
299 464
299 641
299 744
299 806
299 909
301 395
301 508
301 746
302 153
302 268
302 747
303 771
304 158
304 263
304 976
306 685
308 275
308 753
309 542
309 783
309 904
312 113
312 555
312 633
312 757
313 7
313 240
313 414
314 216
314 227
314 654
314 947
317 848
319 67
319 234
319 243
319 376
319 1009
320 390
321 478
321 766
321 779
321 923
324 298
328 12
328 457
328 902
330 371
330 853
332 657
332 777
334 4
334 1005
336 463
336 781
337 808
341 812
341 987
345 790
345 833
349 128
349 526
349 583
351 31
351 921
351 982
352 218
352 797
353 226
355 800
356 29
356 286
356 474
356 490
356 637
356 803
356 919
357 802
359 261
359 467
359 625
359 879
360 805
364 809
365 342
366 0
366 3
366 69
366 227
366 485
366 722
366 816
366 1023
367 888
368 813
369 276
369 586
369 721
369 825
371 54
371 499
371 944
372 154
372 817
372 881
374 84
374 142
374 514
374 974
375 463
377 822
378 358
379 66
379 308
379 559
379 671
379 724
379 753
379 982
385 127
385 572
385 1017
388 186
389 808
391 244
391 857
392 282
392 634
394 320
394 786
394 906
395 345
395 403
395 790
396 841
399 79
399 416
399 861
401 137
402 158
402 179
402 269
402 413
404 849
405 731
407 852
410 300
410 855
412 399
412 444
414 283
416 771
416 861
418 546
419 174
419 426
419 619
419 672
419 681
421 554
425 870
427 119
427 872
428 309
428 651
428 741
429 272
431 299
431 363
431 744
431 901
432 7
432 388
432 408
432 787
432 877
432 914
435 75
435 880
436 340
436 362
438 455
438 883
440 72
441 82
441 176
441 224
441 438
441 638
441 770
441 883
441 972
442 201
442 271
442 520
442 646
442 785
442 851
442 887
443 528
444 198
444 399
444 412
444 858
446 221
446 230
446 362
446 666
446 803
447 72
447 121
447 290
447 395
447 424
447 434
447 443
447 456
447 566
447 576
447 616
447 628
447 663
447 735
447 831
447 943
447 1011
449 71
449 282
449 384
449 515
449 516
449 612
449 622
449 628
449 675
449 961
449 965
451 679
452 23
452 125
452 163
452 215
452 553
452 585
452 823
452 846
452 913
452 941
452 985
453 103
453 114
453 150
453 297
453 308
453 309
453 325
453 385
453 542
453 585
453 589
453 595
453 629
453 648
453 673
453 693
453 753
453 783
453 845
453 903
453 904
453 947
454 16
454 40
454 158
454 258
454 263
454 313
454 332
454 428
454 550
454 588
454 627
454 663
454 693
454 703
454 767
454 772
454 777
454 875
454 940
457 12
457 902
457 933
458 1
458 10
458 19
458 70
458 88
458 112
458 120
458 166
458 186
458 229
458 344
458 397
458 446
458 464
458 502
458 533
458 544
458 673
458 791
458 819
458 869
458 909
458 924
458 937
458 940
458 978
459 37
459 239
459 927
460 207
460 297
460 361
460 614
460 971
461 74
461 964
462 220
462 665
463 197
463 642
464 19
464 909
465 20
465 910
466 21
466 911
466 1009
468 998
470 18
470 215
470 277
470 350
470 393
470 437
470 479
470 630
470 705
470 717
470 720
470 789
470 837
470 901
470 908
470 958
470 980
471 88
471 533
471 903
471 978
472 47
472 263
472 427
472 643
472 872
474 29
474 111
474 223
474 251
474 300
474 354
474 356
474 389
474 450
474 754
474 858
474 919
474 985
475 35
475 45
475 52
475 146
475 248
475 332
475 343
475 459
475 496
475 574
475 583
475 618
475 777
475 942
476 439
476 835
477 111
477 133
477 208
477 270
477 825
477 900
477 922
477 995
478 10
478 425
478 492
478 870
479 470
480 157
480 226
480 320
480 414
480 710
480 856
481 85
481 473
481 530
481 799
481 975
481 987
483 74
483 125
483 185
483 498
483 623
483 914
483 964
484 39
484 929
486 188
486 345
486 790
487 37
487 90
487 117
487 201
487 276
487 280
487 307
487 404
487 562
487 576
487 587
487 645
487 646
487 658
487 683
487 685
487 721
487 775
487 849
487 889
487 927
487 1007
488 262
488 298
488 367
488 383
488 570
488 660
488 707
488 712
488 814
488 940
489 59
489 183
489 504
489 605
489 638
489 949
490 136
490 221
490 263
490 293
490 500
490 511
490 594
490 625
490 634
490 666
490 738
490 859
490 1004
491 121
491 284
491 566
491 727
491 729
491 1011
493 884
494 239
494 298
494 301
494 424
494 578
494 630
494 670
494 746
494 987
495 543
496 74
496 730
496 787
496 964
496 988
497 372
497 673
497 817
497 900
498 834
498 869
499 54
499 944
500 240
500 783
501 93
501 362
501 538
501 983
501 1009
503 973
504 59
504 949
505 388
505 419
506 61
506 847
506 951
507 114
507 355
507 800
510 657
511 277
511 676
512 44
512 931
512 934
516 37
516 71
516 177
516 228
516 765
516 774
516 927
516 961
518 47
518 247
518 334
518 368
518 433
518 451
518 512
518 523
518 776
518 813
518 960
520 315
521 479
522 77
522 967
522 990
523 47
523 226
523 247
523 368
523 451
523 495
523 518
523 713
523 750
523 776
523 813
523 960
524 279
524 293
524 738
524 826
525 80
525 378
525 439
525 970
526 105
526 124
526 129
526 349
526 369
526 467
526 569
526 888
526 1000
526 1014
529 980
530 85
530 381
530 426
530 509
530 975
531 124
531 127
531 149
531 154
531 224
531 235
531 268
531 281
531 322
531 372
531 437
531 441
531 477
531 561
531 569
531 572
531 587
531 638
531 679
531 680
531 726
531 727
531 817
531 903
531 985
531 1014
531 1017
532 246
532 969
533 88
533 273
533 674
533 818
533 840
533 842
533 853
533 856
533 978
534 89
534 979
536 221
536 231
536 400
536 666
536 878
536 956
536 958
538 93
538 983
539 66
539 94
539 330
539 984
540 134
540 153
540 158
540 382
540 481
540 556
540 838
541 90
541 211
541 343
541 513
541 552
541 711
541 868
541 935
542 41
542 334
542 884
543 306
543 495
543 685
544 4
544 163
544 803
545 18
545 135
545 317
545 799
545 908
546 16
546 99
546 193
546 201
546 273
546 350
546 354
546 360
546 418
546 636
546 646
546 694
546 708
546 805
546 844
547 44
547 70
547 124
547 260
547 278
547 286
547 529
547 552
547 569
547 615
547 934
547 1014
548 34
548 208
548 521
548 623
548 668
548 716
549 363
549 708
550 568
552 90
552 541
552 711
552 868
553 90
553 92
553 266
553 324
553 363
554 237
554 421
554 429
554 620
554 669
554 682
554 717
554 780
554 848
554 986
555 68
555 96
555 113
555 236
555 312
555 423
555 424
555 467
555 608
555 633
555 757
555 794
555 812
555 916
555 987
555 998
558 5
558 34
558 61
558 80
558 98
558 394
558 421
558 427
558 506
558 521
558 525
558 650
558 784
558 847
558 872
558 951
558 970
559 406
559 788
561 352
561 797
561 1003
562 117
562 159
562 473
562 604
562 629
562 807
562 1007
563 138
563 182
563 225
563 231
563 248
563 346
563 428
563 456
563 527
563 683
563 724
563 734
563 801
563 868
563 992
566 121
566 1011
567 173
567 188
569 54
569 124
569 194
569 418
569 499
569 639
569 699
569 830
569 944
569 956
569 1014
570 179
570 230
570 581
572 127
572 1017
573 350
573 591
575 130
575 577
575 659
575 1020
576 117
576 153
576 185
576 201
576 206
576 244
576 259
576 265
576 270
576 307
576 364
576 400
576 404
576 443
576 447
576 452
576 487
576 562
576 620
576 633
576 646
576 684
576 809
576 831
576 846
576 849
576 882
576 906
576 937
576 995
576 1007
577 130
577 333
577 359
577 370
577 394
577 420
577 441
577 575
577 591
577 597
577 659
577 1020
578 57
578 257
580 145
580 369
580 378
580 705
580 750
581 67
581 179
581 292
581 342
581 366
581 570
583 379
585 139
587 170
588 32
588 60
588 110
588 317
588 632
588 876
589 45
589 116
589 182
589 213
589 351
589 460
589 701
589 941
590 557
591 350
592 415
592 796
594 405
594 467
594 488
594 834
594 859
594 962
595 139
595 150
595 360
595 542
595 805
596 385
596 708
597 18
597 40
597 158
597 203
597 270
597 280
597 298
597 325
597 501
597 521
597 628
597 643
597 681
597 810
597 853
597 873
597 908
597 923
597 1003
599 769
599 845
600 155
601 359
601 843
602 261
602 349
602 383
602 765
602 780
602 806
603 28
603 675
604 159
604 264
605 65
605 155
605 183
605 233
605 297
605 406
605 431
605 489
605 600
605 638
605 678
605 698
605 786
605 796
605 955
605 991
606 161
606 468
606 966
607 70
607 139
607 178
607 272
607 491
607 668
607 807
608 209
608 513
608 854
608 868
609 60
609 247
609 281
609 397
609 843
612 313
612 423
612 706
612 833
614 174
614 619
615 422
615 547
615 831
618 1
618 67
618 84
618 134
618 184
618 278
618 475
618 476
618 565
618 612
618 631
618 659
618 974
618 1023
619 174
622 374
622 445
622 699
622 725
622 963
624 689
625 245
625 690
626 8
626 181
626 221
626 666
628 168
629 351
629 815
630 52
630 68
630 71
630 78
630 290
630 345
630 394
630 404
630 409
630 473
630 516
630 696
630 735
630 790
630 849
630 904
630 941
630 942
630 961
630 966
630 999
631 347
631 437
631 544
631 617
633 93
633 265
633 400
633 538
633 576
633 684
633 886
633 906
633 983
637 339
637 962
637 982
638 183
638 224
638 406
638 441
638 489
638 605
639 194
640 83
640 152
640 183
640 355
640 800
640 874
640 989
641 196
641 879
641 980
641 991
642 197
644 199
644 567
644 571
645 463
645 835
646 201
646 564
646 1002
646 1018
647 202
648 96
648 142
648 207
648 290
648 335
648 392
648 421
648 730
648 735
649 624
649 791
650 34
650 76
650 782
651 370
653 715
653 865
654 314
655 39
655 155
655 210
655 221
655 264
655 286
655 333
655 344
655 484
655 600
655 666
655 929
656 590
657 795
658 183
658 397
660 234
660 248
660 287
660 298
660 343
660 383
660 488
660 732
660 881
662 373
662 490
662 694
663 625
663 709
663 831
664 158
664 698
664 808
664 846
664 878
665 45
665 220
666 75
666 108
666 221
666 379
666 418
666 543
666 818
666 912
667 5
668 325
668 345
668 790
669 791
670 172
670 924
670 1004
672 502
673 497
674 243
674 461
674 850
674 871
675 153
675 603
676 130
676 277
676 486
676 511
676 561
676 575
676 612
676 673
676 689
676 830
676 1009
676 1020
677 232
678 233
679 294
680 235
682 237
682 947
685 280
685 292
685 487
685 597
685 889
686 129
686 241
686 602
686 643
690 171
690 240
690 245
690 997
690 1015
693 26
693 334
693 723
694 28
694 49
694 97
694 130
694 197
694 360
694 546
694 575
694 642
694 696
694 756
694 805
694 892
694 941
694 1020
695 75
695 791
696 28
696 164
696 165
696 941
696 948
697 252
702 378
702 708
702 856
703 258
705 188
707 49
707 262
707 923
707 938
708 327
709 31
709 77
709 387
709 522
709 663
709 843
709 844
709 921
709 945
709 967
710 137
710 380
713 216
713 388
714 398
714 731
715 406
715 711
715 724
715 827
715 890
718 103
718 1022
719 21
719 123
719 274
719 381
719 466
719 911
719 1018
721 276
721 770
721 812
725 770
726 146
729 284
732 287
733 153
733 673
734 11
735 290
735 404
735 630
735 849
736 197
736 291
736 642
736 906
738 293
738 567
740 102
740 510
740 554
740 709
741 309
741 428
741 651
741 853
742 33
742 559
742 1009
744 19
744 196
744 299
744 464
744 641
744 806
744 909
746 301
746 395
746 508
747 153
747 268
747 302
749 91
750 207
750 226
750 312
750 363
750 427
750 495
750 523
750 757
750 782
750 872
751 469
751 496
753 275
753 308
756 536
757 113
757 312
757 555
757 633
758 305
758 325
758 339
758 374
758 834
759 528
759 769
759 854
762 90
762 102
762 209
762 215
762 613
762 875
763 263
763 947
764 444
765 407
765 852
765 890
766 321
766 478
766 779
766 923
768 168
768 333
768 518
772 773
774 199
774 644
774 824
774 1019
775 584
775 810
776 713
776 818
777 332
777 657
781 336
781 463
786 65
786 605
786 955
788 407
788 852
790 345
790 833
791 344
791 397
791 458
791 940
794 112
794 155
794 330
794 551
794 600
794 1003
795 122
795 311
795 656
796 784
796 820
796 886
797 218
797 352
798 848
800 355
801 171
801 528
801 563
801 724
802 357
804 343
804 398
804 865
805 360
807 288
809 364
811 649
812 276
812 721
813 368
814 68
814 488
815 513
816 16
816 168
817 154
817 372
817 881
820 150
820 595
822 377
823 181
823 626
824 316
826 65
826 955
827 183
828 367
828 823
829 388
829 793
830 786
831 422
831 615
837 410
837 570
837 855
838 391
839 344
840 101
841 396
843 204
845 177
847 7
848 554
849 404
850 441
852 407
853 97
855 300
855 410
856 378
856 702
856 708
856 711
857 886
859 0
859 263
859 625
859 879
861 416
861 771
863 235
863 680
864 24
864 126
864 514
864 857
864 956
864 1006
866 61
866 506
866 596
866 951
867 94
867 170
867 354
867 539
867 984
869 194
869 639
870 425
871 896
872 119
872 427
873 181
873 233
873 390
873 626
873 678
875 172
876 24
876 856
877 7
877 388
877 408
877 432
877 787
877 914
878 126
878 645
879 125
879 171
879 186
879 826
879 839
879 945
880 75
880 435
881 76
881 154
881 286
881 372
881 817
882 411
883 438
883 455
884 848
885 239
885 502
885 591
885 808
885 901
887 201
887 271
887 442
887 520
887 646
887 785
887 851
889 189
889 436
889 837
891 191
891 255
891 322
891 803
891 930
892 48
892 112
892 172
892 348
892 529
892 789
893 284
893 729
893 939
894 40
894 122
894 564
894 771
894 1012
895 40
895 98
895 171
895 215
895 268
895 272
895 316
895 323
895 337
895 429
895 467
895 486
895 508
895 564
895 892
896 327
897 13
897 24
897 384
897 490
897 791
897 879
898 93
898 216
898 347
898 426
898 446
898 476
898 538
898 553
898 554
898 585
898 601
898 650
898 761
898 801
898 814
898 891
898 892
898 948
898 983
899 222
899 225
899 832
899 972
902 12
902 457
902 933
903 114
903 193
903 304
903 450
903 471
903 628
903 945
904 528
904 875
905 15
906 46
906 56
906 68
906 116
906 202
906 244
906 265
906 400
906 576
906 633
906 647
906 663
906 684
906 712
906 824
907 17
908 18
909 19
909 464
910 20
910 465
911 21
911 466
911 1009
913 23
914 483
915 205
915 225
915 239
915 265
915 322
915 354
915 369
915 371
915 403
915 940
915 972
916 549
916 726
916 994
917 390
919 29
919 111
919 223
919 251
919 300
919 354
919 356
919 389
919 450
919 474
919 754
919 858
919 985
920 14
920 397
920 513
920 671
921 31
922 3
922 557
922 579
922 598
922 660
923 406
925 513
925 632
925 996
927 37
928 46
928 51
928 105
928 123
928 156
928 350
928 384
928 431
928 459
928 772
929 39
929 484
930 251
931 44
931 512
931 934
932 2
932 45
932 48
932 64
932 67
932 118
932 178
932 473
932 596
932 799
932 892
932 914
933 12
933 236
933 405
933 434
933 457
933 664
933 752
933 756
933 902
934 44
935 211
935 235
935 321
935 364
935 379
935 442
935 513
935 541
935 680
935 766
935 809
935 887
935 940
936 43
936 116
936 246
936 317
936 379
936 701
936 720
937 1015
938 49
938 262
938 322
938 479
938 707
938 789
938 891
938 923
939 17
939 50
939 140
939 178
939 196
939 256
939 296
939 421
939 434
939 565
939 623
939 641
939 903
939 907
940 382
941 55
942 52
942 495
943 157
944 54
944 499
945 624
945 664
945 689
946 319
946 769
948 898
949 59
949 504
950 70
950 147
950 177
950 406
950 771
950 814
950 976
951 61
951 506
951 847
952 25
952 305
955 65
955 826
957 298
957 760
958 801
961 37
961 71
961 177
961 228
961 516
961 765
961 774
961 927
962 488
962 594
962 834
963 145
963 480
964 74
964 940
967 77
967 522
967 990
968 7
968 27
968 417
968 527
968 621
968 692
968 916
968 956
969 116
970 80
970 378
970 439
970 525
971 36
971 190
971 296
971 297
971 361
971 460
971 610
971 700
971 725
972 441
974 84
975 85
975 381
975 426
975 509
975 530
976 28
976 70
976 147
976 177
976 196
976 304
976 406
976 472
976 578
976 641
976 656
976 709
976 771
976 889
976 904
976 943
976 950
977 35
977 835
978 88
978 273
978 533
978 674
978 818
978 840
978 842
978 853
978 856
979 89
979 534
981 19
981 27
981 111
981 357
981 464
981 561
981 782
981 784
981 801
981 802
981 909
981 923
981 969
983 93
983 538
984 66
984 94
984 330
984 539
985 29
985 474
985 858
985 919
986 47
986 56
986 84
986 229
986 242
986 550
986 734
986 794
986 804
986 974
991 105
991 196
991 245
991 361
991 431
991 527
991 565
991 605
991 641
991 690
991 702
991 796
991 879
991 914
991 980
992 12
992 96
992 107
992 271
992 337
992 361
992 457
992 608
992 691
992 762
992 902
992 915
992 966
993 217
993 246
993 312
993 346
993 565
993 613
993 757
995 489
995 567
995 875
998 134
998 297
998 351
998 398
998 468
998 723
999 67
999 78
999 187
999 469
999 473
999 537
999 551
999 564
999 630
999 632
999 637
999 643
999 816
1000 13
1000 135
1000 138
1000 151
1000 195
1000 200
1000 359
1000 360
1000 377
1000 402
1000 526
1000 556
1000 640
1000 750
1000 805
1000 822
1000 918
1000 968
1001 945
1003 38
1003 85
1003 146
1003 244
1003 290
1003 530
1003 561
1003 603
1003 623
1003 710
1003 735
1003 794
1003 815
1003 975
1004 145
1004 358
1004 378
1006 24
1006 864
1007 117
1007 159
1007 473
1007 562
1007 604
1007 629
1007 807
1008 36
1008 84
1008 122
1008 130
1008 144
1008 237
1008 279
1008 331
1008 341
1008 408
1008 458
1008 536
1008 573
1008 575
1008 622
1008 682
1008 748
1008 896
1008 974
1008 994
1008 1020
1009 21
1009 466
1009 911
1010 35
1010 888
1011 121
1011 566
1012 962
1014 54
1014 124
1014 194
1014 418
1014 499
1014 569
1014 639
1014 699
1014 830
1014 944
1014 956
1015 723
1015 924
1016 904
1017 127
1017 572
1018 49
1018 821
1020 130
1020 575
1020 577
1020 659
1021 40
1021 56
1021 123
1021 294
1021 438
1021 476
1021 812
1021 856
1021 874
1021 883
1021 928
1022 103
1022 122
1022 143
1022 265
1022 546
1022 633
1022 651
1022 718
1022 727
1023 205
1023 523
1023 661
1023 973
