128 101
0 40
2 29
2 43
2 62
2 84
3 27
3 61
5 57
5 73
5 78
5 82
6 86
7 40
7 92
9 13
9 110
10 22
10 124
12 89
12 123
13 9
13 54
15 40
15 48
16 20
16 69
16 123
17 117
21 85
21 118
22 10
22 124
26 73
26 83
26 102
29 36
30 22
33 98
34 36
34 98
37 106
38 66
38 110
39 4
39 93
39 114
40 0
40 69
40 88
50 80
50 122
51 127
57 5
57 73
57 78
57 92
60 55
61 124
62 21
62 22
62 43
62 44
63 127
64 47
64 92
65 98
67 89
68 73
69 40
72 66
72 90
74 48
76 23
85 21
85 116
85 118
85 121
88 69
90 35
90 72
93 44
95 32
96 112
103 22
105 7
105 83
108 104
108 114
108 126
109 42
110 9
111 1
111 41
111 61
112 96
114 113
115 79
124 10
124 22
126 108
127 51
