128 92
0 20
0 75
0 116
2 43
2 51
2 65
2 77
2 93
3 45
4 6
4 14
4 90
5 25
5 63
8 12
9 93
10 77
12 8
13 54
14 98
14 113
16 63
20 26
20 112
26 20
26 112
30 97
30 127
31 56
31 104
31 118
34 74
38 28
38 103
39 54
43 102
47 62
47 80
49 123
50 57
51 2
51 107
54 39
58 70
61 39
61 94
64 11
64 19
65 29
67 110
68 5
68 42
72 80
72 83
72 90
74 79
76 23
76 56
78 10
78 110
78 111
85 124
89 59
89 74
89 75
89 96
90 4
90 72
90 77
92 118
94 39
94 61
97 30
102 43
102 62
102 96
102 121
102 124
109 42
109 92
109 93
110 3
118 31
118 95
119 123
120 66
123 12
123 49
123 119
123 125
124 25
125 123
