4096 4200
1 1504
2 787
4 2447
4 3688
5 731
5 2896
6 1274
6 2006
10 1225
10 1883
15 278
16 145
18 4074
19 726
19 2772
20 1427
22 1792
23 771
25 690
25 2445
25 2738
28 2772
31 1132
31 2309
31 2806
31 4025
32 3585
33 56
34 3135
36 1393
36 1812
38 2386
38 4030
39 2931
40 856
40 2689
43 1772
43 2936
44 3884
45 3322
46 3567
47 3048
47 3222
48 2149
49 2550
50 3752
52 2235
52 3263
52 3928
54 886
56 1661
57 1108
59 1001
60 1187
61 368
62 217
62 1923
62 3223
63 2013
63 3556
64 1618
64 1958
65 2455
68 3742
69 1037
69 3507
72 359
73 3049
73 3561
74 3517
75 2069
75 3400
80 271
80 2387
80 4043
82 173
82 2425
87 2301
88 840
94 434
94 774
94 3764
96 3470
96 3954
102 1275
103 2607
105 2412
107 3754
109 3836
109 3958
111 751
114 1764
114 2467
115 3531
119 491
119 2521
121 681
123 2091
123 4003
124 2810
125 2779
126 2226
127 1164
129 1477
130 3750
132 986
134 219
134 4065
135 730
135 2455
136 644
136 3331
136 3708
137 2504
138 3419
139 708
139 2099
140 3810
140 3930
144 362
144 3449
146 3960
147 1904
149 2190
150 1667
150 2830
153 3316
156 1266
156 2417
157 370
158 902
158 1922
158 2897
160 2105
162 509
162 1168
162 2254
162 3638
163 985
164 1518
164 2097
165 1509
165 2202
166 1397
167 858
169 2496
170 234
170 570
172 449
173 2425
174 1941
174 2532
175 2494
177 3431
178 2401
178 3501
181 904
181 1366
181 2025
185 3474
187 2981
189 2180
189 3056
190 2994
191 1180
191 3584
192 742
192 1208
193 1284
193 2617
194 167
194 858
196 1389
197 1382
198 3723
200 2351
201 2634
201 3931
202 1369
209 2026
209 3835
211 2312
212 2121
212 3531
213 2012
214 670
215 1411
215 3722
215 4045
216 2042
216 2816
217 1923
218 776
218 1744
218 3325
219 134
219 4065
221 364
221 1775
221 3948
222 657
222 2194
222 2817
222 3144
223 2520
223 3324
226 313
226 3788
227 1035
228 1407
229 617
231 1458
232 3827
233 2480
234 170
234 570
235 428
235 719
235 1848
235 3856
236 3315
236 4006
237 3285
238 1008
239 108
241 378
241 2422
242 1368
242 2766
243 3925
244 2383
244 2406
245 1502
246 2547
247 2905
249 222
249 657
249 2090
250 3951
251 3832
252 1628
253 1501
253 4051
254 999
256 1381
257 602
257 633
257 1804
257 3998
258 767
258 3846
261 3330
262 476
263 697
263 2008
263 4053
264 1435
264 2434
264 2542
265 3043
265 3276
265 3523
266 1353
266 3834
267 2026
267 2028
267 2303
268 1499
268 2257
268 2705
269 2008
269 2754
269 2776
269 4053
271 509
272 153
272 3316
276 1237
276 4082
277 2769
278 15
279 2266
280 3706
281 3567
282 2305
283 3332
284 1341
285 1013
287 861
287 2051
290 516
291 2720
292 4090
296 2614
298 361
299 376
299 1773
299 3502
300 3456
300 3944
304 111
306 861
307 135
308 1844
309 435
309 621
309 3572
311 3325
312 684
312 1634
313 226
313 3788
314 1375
318 1328
319 1013
319 2534
319 3220
320 2720
320 3922
322 502
322 4036
323 1232
324 3155
325 1415
326 452
326 2606
328 3604
329 1024
330 908
330 3406
336 1722
337 1962
338 732
338 3265
338 3534
340 3965
344 3256
345 2945
346 3212
346 3563
347 1391
350 374
350 1233
351 2091
351 3404
352 3127
352 3195
353 265
354 401
354 3786
355 336
355 1722
356 1305
356 1404
356 1642
357 365
362 3449
364 221
364 3948
365 357
365 3032
367 1099
367 1751
367 2287
368 61
368 3337
369 735
369 2099
370 157
371 648
373 380
373 3044
373 3988
374 350
374 1233
374 2638
375 3213
376 3502
378 493
378 2422
379 3033
380 373
380 3044
383 1413
383 2424
384 1211
385 453
385 1499
385 2257
388 3026
391 965
391 1293
391 1799
391 2386
392 1876
392 2315
392 2730
394 688
396 1491
396 3308
397 3176
398 1580
398 2203
400 3922
401 3786
402 2485
404 2985
405 779
407 2261
407 3789
411 770
411 2813
411 3334
412 966
413 477
413 2771
414 2499
417 1163
418 2483
419 3971
422 896
422 1691
422 3946
424 2992
425 2704
425 3408
426 3037
428 235
428 1848
428 3856
431 2989
434 774
434 981
434 3764
435 309
435 621
435 3572
436 3540
439 710
439 3448
440 2018
440 2751
443 1887
444 2521
445 2545
446 1968
447 3809
448 3236
449 172
452 2215
452 2606
453 385
453 1499
453 2257
456 782
457 2190
457 3326
457 3800
457 3842
460 1998
460 3087
461 1402
462 1930
462 2823
462 3432
467 1367
467 2216
467 2495
468 3055
470 383
470 1413
471 1037
472 3049
472 4056
473 3500
474 1515
474 1692
474 3029
475 2383
475 2406
475 2538
475 2724
475 4055
476 262
477 1766
477 2412
477 3030
478 495
478 1500
478 2027
478 4055
479 3034
479 3545
479 3844
480 197
480 1382
481 4081
482 3788
483 782
484 1401
485 3243
485 4067
486 2601
486 2901
488 1795
488 3557
489 721
489 1496
490 1906
490 2305
491 119
491 2521
491 3043
493 596
493 1517
493 1758
494 2427
494 3050
495 478
495 2027
496 77
500 2945
500 3582
502 1498
502 4036
504 2417
504 3219
504 3229
505 1611
506 1220
507 3562
508 2701
509 271
510 1021
510 1532
510 2043
510 2554
510 3065
510 3576
510 4087
512 3037
515 338
515 732
515 3265
515 3534
516 3937
517 483
517 782
520 1480
520 3668
521 4038
522 2020
522 2184
522 2256
523 250
524 860
524 973
525 3798
527 487
528 2753
532 1222
535 2886
537 2509
539 1507
543 76
546 3570
547 1770
547 2136
547 3646
548 4062
552 2480
553 3824
555 681
558 269
559 3171
560 3440
561 1536
562 2996
564 1640
564 3823
565 877
566 742
566 1208
566 2418
567 2785
569 485
569 3243
570 170
570 234
573 728
573 2725
574 2536
575 2385
575 3994
577 2417
580 2531
581 1738
582 1543
582 3525
584 1418
585 3006
586 2841
587 341
592 2432
593 2249
596 493
596 1517
597 1788
597 3313
599 872
600 753
602 257
602 1804
603 1596
606 1400
607 385
607 453
608 2178
609 3503
611 4095
613 187
615 632
615 820
616 1059
619 975
621 309
621 435
621 3572
622 2797
623 3924
624 2025
624 2348
624 2768
625 1995
626 2522
628 1284
628 1369
630 2925
632 820
633 257
633 1804
633 3998
635 99
638 653
639 3900
641 2473
641 2998
642 3795
643 3031
644 3331
644 3708
645 255
646 3280
647 3970
648 371
649 46
650 222
650 4031
652 3281
653 215
656 449
657 222
657 2090
657 2194
657 2817
658 2021
658 2384
658 4069
660 773
661 776
661 1744
665 572
666 1249
666 2943
666 3608
667 1794
668 1910
668 2432
668 3640
669 883
669 2533
670 214
671 2842
672 4014
673 1075
673 4086
674 1109
677 2103
679 881
679 1395
679 2746
679 4068
680 2565
680 2620
682 2678
688 2150
689 3407
690 2445
691 548
691 4062
694 573
694 728
694 2725
695 1014
697 263
697 2008
697 4053
698 2727
702 1238
702 2808
703 1894
704 3211
706 1178
707 3143
708 139
708 369
708 2099
709 1291
709 1546
710 439
710 3448
711 659
713 399
714 3923
715 4044
716 3562
719 1177
719 3856
720 932
720 1792
720 2012
721 489
721 1496
722 1503
722 2458
722 2984
723 1396
725 3840
726 751
727 2826
728 573
728 2725
729 2263
729 3818
730 769
730 1049
730 1702
730 3855
731 489
731 3024
732 3265
733 3540
734 775
735 369
738 891
738 2265
739 499
741 669
741 883
742 566
742 1208
742 2418
748 1213
748 1787
751 111
751 726
752 475
752 2406
753 2471
753 3057
756 223
758 2821
758 2933
759 2823
760 2530
763 662
766 2992
766 3440
767 258
767 3846
768 2201
768 2768
768 3129
768 3503
769 730
769 1049
770 2813
770 3334
771 2022
771 2258
772 2011
773 660
774 1756
774 3842
775 734
775 3308
775 3544
776 218
776 1517
776 1744
776 3325
777 3417
779 3402
780 3791
781 2519
781 3328
781 3752
784 1036
787 339
791 1596
793 1283
796 2805
796 3520
799 3694
801 1540
803 2416
803 3119
804 443
804 1887
807 2208
808 2421
809 2030
810 949
810 2380
813 952
813 1511
813 3279
814 2408
817 223
817 2878
818 1408
818 3061
819 4047
820 2037
820 2683
821 2347
822 1835
823 3487
824 3944
825 1249
825 3608
828 2437
828 3267
832 478
833 3738
834 549
835 1624
837 395
838 3972
839 343
839 1485
841 1820
842 978
843 1109
844 907
845 3231
847 390
847 3345
848 1931
849 3776
849 3844
850 2547
850 2549
851 3426
852 1280
854 1400
856 2689
858 167
860 973
861 2051
864 2263
868 1392
870 262
871 1898
874 4038
875 1235
876 4076
878 3649
880 3212
881 1395
881 2746
881 4068
882 3281
882 3449
882 3717
883 669
883 741
883 2533
884 3029
884 3561
887 2930
888 1751
889 988
889 1181
890 2714
891 738
891 2265
892 1513
892 1791
895 1241
896 1691
896 3946
897 3255
898 3412
899 1495
899 2010
899 3333
900 1797
900 2312
901 1915
901 2908
902 1463
902 1922
902 2822
903 3592
904 1366
904 2025
905 1363
908 146
908 3406
909 2234
911 2507
912 3654
913 2390
914 3430
914 4027
917 1419
917 1475
921 455
921 3205
923 1242
923 1279
924 379
925 500
925 2000
928 3299
929 183
930 2482
930 2545
931 1265
932 720
934 1099
935 3648
939 2794
940 1777
940 3196
940 3211
942 1773
942 3502
943 243
943 1304
943 2568
943 3925
944 3785
945 3710
946 1077
946 1803
947 2071
947 3575
948 1488
949 2380
949 2895
950 1233
952 1511
952 3279
953 1117
956 2264
957 1610
960 1879
963 3927
964 389
965 391
965 972
965 1293
965 1799
965 2386
968 2516
968 4046
970 997
970 3971
972 965
972 2386
974 2553
975 4078
976 3792
977 3277
979 1936
979 3018
981 434
981 1429
982 1289
983 165
985 2023
986 1292
986 2533
987 2922
988 1181
988 1516
988 3034
988 3545
989 2007
989 2538
989 3557
989 3845
989 4055
990 2753
991 2407
992 1167
992 1432
992 4080
994 1470
994 3337
995 1129
996 2294
997 970
997 3971
1000 1802
1000 3558
1001 3329
1002 479
1002 3844
1003 3049
1003 3561
1004 2518
1004 2547
1004 2714
1004 3333
1004 3335
1005 1500
1005 2770
1005 3334
1005 4055
1006 3528
1008 238
1010 3723
1011 1278
1011 2259
1011 2311
1011 2537
1012 1283
1012 3554
1013 2534
1013 3220
1014 1405
1014 1612
1016 2642
1017 1489
1017 3287
1018 1388
1019 1253
1019 1647
1019 1744
1019 3325
1020 3427
1021 510
1021 1532
1021 2043
1021 2554
1021 3065
1021 3576
1021 4087
1023 3243
1026 3660
1026 3672
1027 270
1027 2526
1028 2517
1029 2897
1030 674
1030 1109
1031 2748
1033 3919
1035 3272
1036 3786
1037 3507
1038 1288
1038 3430
1038 3454
1040 512
1041 3550
1042 1661
1043 1929
1044 2051
1045 3415
1046 2882
1047 3624
1048 1527
1048 3020
1049 730
1049 769
1051 3806
1053 2800
1056 2541
1057 3725
1059 616
1060 752
1061 2456
1062 1143
1062 1331
1064 557
1065 2920
1065 3548
1066 311
1067 1779
1068 3209
1068 3949
1069 988
1069 1960
1070 1407
1070 2826
1072 1792
1075 4086
1077 946
1077 1803
1078 4079
1079 178
1081 150
1081 2830
1082 2923
1084 3687
1086 530
1087 2193
1087 3734
1088 2513
1090 1816
1090 2650
1090 3514
1091 344
1092 264
1092 1435
1092 2434
1093 3543
1094 1996
1096 3357
1099 367
1099 2287
1100 2425
1100 4040
1102 2299
1103 1503
1103 2984
1104 2302
1105 3762
1107 2218
1107 2699
1108 57
1108 2393
1114 1724
1116 3261
1117 3829
1118 1606
1119 3659
1120 131
1121 438
1122 1073
1123 1410
1123 2420
1126 892
1127 1593
1128 1451
1129 995
1130 2239
1132 2309
1132 2806
1132 4025
1133 3444
1135 1390
1136 2672
1137 2953
1137 3446
1138 3369
1143 1331
1144 1018
1144 1388
1145 3127
1150 1311
1156 3840
1157 1490
1157 1919
1162 2315
1163 1811
1167 992
1167 1432
1167 4080
1168 509
1168 2254
1168 2660
1168 3638
1169 2530
1169 3049
1169 3320
1170 1365
1172 3844
1173 1756
1173 2633
1174 2023
1174 2934
1174 4042
1176 1908
1177 2319
1177 3014
1178 1796
1179 770
1179 2813
1180 191
1180 3584
1181 889
1181 988
1181 1516
1182 1213
1182 1666
1182 1787
1185 3512
1189 2634
1194 669
1194 883
1194 2533
1198 3297
1198 3760
1200 3423
1201 2795
1201 2937
1202 1708
1203 1643
1206 2282
1207 1811
1208 566
1208 742
1208 2418
1212 2916
1213 1787
1213 2185
1214 415
1216 2011
1220 506
1222 1471
1223 1710
1223 1744
1224 380
1225 1883
1226 471
1229 1816
1230 3965
1232 257
1233 950
1233 3947
1235 875
1238 702
1238 2808
1238 3044
1240 1912
1241 895
1241 1268
1241 2702
1242 1279
1243 1795
1245 1286
1247 1474
1248 1852
1249 666
1249 2943
1249 3608
1251 2712
1252 1914
1253 1019
1253 1647
1253 1744
1253 3325
1254 2740
1256 1434
1258 3626
1259 1587
1259 1643
1260 2916
1261 621
1262 452
1262 2215
1262 2606
1265 1514
1266 156
1266 2417
1268 1241
1268 2702
1269 2421
1269 2775
1271 1199
1274 2006
1274 2701
1277 367
1277 2287
1278 2259
1278 2311
1278 2537
1279 1242
1279 3310
1282 986
1283 1012
1283 2259
1283 2537
1283 3554
1284 1369
1284 2617
1285 2534
1286 1245
1286 1290
1286 2267
1288 3430
1288 3454
1288 3455
1289 982
1289 1005
1290 1286
1290 2267
1291 4068
1292 986
1292 2533
1293 391
1293 965
1293 1799
1293 2386
1295 1482
1296 1285
1298 2940
1302 900
1303 773
1304 243
1304 2568
1304 3925
1305 1404
1305 1642
1305 3314
1305 3680
1307 967
1308 2038
1309 150
1309 1667
1309 2830
1311 1150
1314 3
1314 1329
1315 596
1319 3405
1319 3446
1320 3916
1321 1257
1322 3968
1324 3682
1325 1072
1326 1889
1326 1966
1328 2485
1329 3
1330 1505
1330 3892
1332 173
1334 429
1338 2803
1339 1460
1339 3955
1340 1113
1341 4032
1342 4086
1345 470
1346 1719
1351 3515
1352 1974
1353 266
1353 3834
1354 3664
1357 2838
1358 1497
1358 2310
1358 2311
1359 3864
1360 4034
1361 3416
1362 3957
1364 3327
1366 904
1366 2025
1367 467
1367 3031
1368 242
1368 2766
1369 1284
1370 893
1370 3524
1371 1411
1371 2419
1373 3518
1374 2618
1375 1816
1378 1595
1379 1520
1380 1010
1381 256
1382 197
1383 1994
1383 3027
1384 2223
1385 1514
1385 2926
1387 492
1387 2404
1388 1018
1390 1135
1391 347
1391 2741
1392 3447
1393 1278
1393 3508
1394 3281
1395 881
1395 1006
1395 2746
1395 4068
1396 723
1396 1501
1396 4066
1397 2539
1397 4056
1400 854
1403 3965
1404 1305
1404 1642
1404 2219
1405 1612
1407 2826
1408 3061
1410 2420
1411 215
1411 1902
1411 3722
1411 4045
1412 2203
1412 3089
1413 383
1413 2424
1414 3543
1415 325
1416 1173
1416 1756
1416 2633
1418 3467
1419 1475
1420 1516
1420 3032
1421 493
1421 3667
1423 1547
1428 227
1428 1035
1429 434
1429 981
1430 786
1431 909
1431 2234
1432 992
1432 1167
1432 4080
1433 505
1435 264
1435 2434
1438 2295
1440 1588
1440 2540
1442 2289
1443 3365
1444 1415
1445 854
1445 1400
1446 820
1446 2683
1448 490
1450 3305
1451 1128
1453 2912
1454 1620
1454 3054
1455 3749
1456 362
1458 231
1458 1364
1460 3955
1462 163
1463 902
1463 2822
1464 2071
1465 2252
1466 1758
1467 3940
1469 1682
1470 994
1470 3337
1472 2147
1472 2420
1472 4061
1473 893
1475 1419
1475 2913
1476 1487
1479 3573
1480 2414
1480 3457
1481 2931
1482 1403
1482 3965
1484 2544
1485 343
1486 1245
1486 1286
1488 948
1489 1017
1489 1756
1489 3287
1490 1157
1490 1919
1491 396
1491 3308
1493 2010
1493 2518
1493 3333
1493 3787
1495 899
1495 2010
1495 3333
1496 1754
1496 2411
1497 2310
1497 2311
1498 502
1498 4036
1499 268
1499 2257
1499 2483
1500 478
1500 1005
1500 2027
1500 3334
1500 4055
1501 2025
1501 2768
1501 4051
1502 245
1503 722
1503 2458
1503 2984
1504 3289
1506 1897
1506 2300
1506 2936
1508 946
1508 1077
1509 165
1509 2202
1510 1886
1510 3545
1511 4066
1512 3145
1513 892
1513 1791
1514 1265
1515 474
1515 3029
1516 988
1516 2819
1516 3032
1516 3034
1516 3545
1517 776
1518 2097
1519 1264
1520 2391
1521 3843
1523 2209
1525 509
1525 2182
1525 3591
1526 1903
1526 3569
1527 1793
1527 3020
1528 1580
1529 211
1529 3109
1532 510
1532 1021
1532 2043
1532 2554
1532 3065
1532 3576
1532 4087
1533 1182
1533 1666
1535 403
1537 1495
1538 2009
1540 857
1541 1620
1543 3525
1545 2816
1546 709
1546 1291
1547 1423
1548 1875
1548 2310
1549 385
1549 2257
1550 458
1551 2047
1552 2436
1552 2899
1554 659
1554 711
1555 83
1557 2952
1560 685
1561 3348
1563 1275
1566 384
1566 1211
1569 1460
1569 3955
1570 3942
1572 1665
1572 1912
1573 3419
1576 2770
1576 2797
1577 2147
1579 1497
1580 398
1580 2203
1582 2799
1583 1255
1587 1643
1588 2540
1589 1814
1589 4050
1590 1889
1590 1966
1592 1401
1593 2201
1594 156
1594 2211
1599 1576
1599 2770
1599 2797
1603 263
1603 697
1603 2008
1603 4053
1604 480
1604 1676
1605 2915
1607 588
1608 3549
1608 3787
1611 505
1612 1405
1614 2461
1614 2780
1617 2005
1619 662
1620 3054
1623 562
1623 2996
1625 2962
1625 3294
1626 2465
1627 1730
1628 252
1629 1862
1630 2696
1633 3630
1634 312
1635 369
1636 2175
1637 1403
1637 3062
1639 466
1640 3823
1641 3062
1642 1305
1642 1404
1643 1203
1643 1587
1644 2288
1647 1019
1647 1253
1647 1744
1647 3325
1650 879
1652 1270
1653 3872
1655 1626
1655 2465
1656 987
1657 1670
1658 1703
1659 3420
1660 2411
1661 3773
1662 985
1662 2536
1665 1572
1665 1912
1666 1213
1666 1787
1667 150
1667 2830
1668 3916
1672 971
1673 3528
1676 197
1676 480
1678 2308
1679 3919
1680 1513
1682 1469
1682 2872
1682 3794
1683 1280
1684 1801
1684 3030
1685 3711
1691 896
1691 3946
1692 474
1692 3029
1696 2033
1697 1972
1697 2311
1697 2537
1699 1100
1699 2425
1699 4040
1700 3128
1700 3874
1701 1473
1702 730
1702 769
1702 3855
1704 4056
1705 3416
1710 1223
1710 1744
1713 2277
1715 2397
1715 3819
1717 437
1719 1346
1722 336
1724 3058
1726 3290
1729 2529
1732 158
1732 2897
1734 2649
1735 2523
1735 3264
1736 1009
1737 2211
1740 3404
1741 3430
1741 3454
1743 2825
1744 218
1744 776
1744 3325
1745 2199
1745 2265
1745 3278
1745 3920
1746 3046
1747 3323
1747 4064
1748 2007
1748 3557
1750 722
1752 2533
1753 3331
1753 3845
1754 1496
1755 3322
1755 3332
1756 774
1756 3842
1757 159
1758 493
1761 2327
1763 3143
1764 2245
1764 2665
1766 477
1766 3030
1768 3348
1769 2413
1770 2136
1770 3646
1771 2942
1771 3251
1772 43
1772 2936
1773 376
1773 3502
1774 2250
1775 221
1779 890
1780 1785
1782 873
1783 1774
1784 364
1785 1780
1786 2021
1787 1213
1787 1666
1788 597
1788 3313
1789 3835
1789 3861
1791 892
1791 1513
1792 720
1792 2012
1793 3020
1793 4075
1794 3736
1794 3837
1795 488
1796 1748
1796 1985
1797 2312
1797 3361
1798 3843
1798 3941
1800 2195
1800 2815
1800 3033
1801 1684
1801 3030
1801 3575
1801 4072
1802 1000
1802 3558
1803 946
1803 1077
1803 2534
1804 257
1804 633
1804 2046
1804 3998
1805 2207
1807 1013
1808 2058
1808 3825
1809 3054
1809 4058
1810 2520
1811 1207
1812 1393
1813 991
1814 4050
1815 2229
1816 1375
1818 2387
1819 3271
1819 4070
1821 2676
1822 3759
1824 322
1824 502
1824 4036
1825 201
1825 2634
1825 3931
1826 1620
1827 7
1829 261
1830 2286
1830 3244
1832 1076
1834 1466
1835 1002
1837 3422
1838 681
1839 2602
1840 2801
1842 2924
1843 1288
1843 3455
1844 308
1845 874
1848 235
1848 428
1848 3856
1849 2405
1850 4059
1851 3499
1853 3227
1854 620
1855 1484
1855 2544
1857 481
1859 1774
1859 2250
1861 790
1863 267
1867 2319
1867 3014
1870 2192
1872 3945
1875 2310
1875 3742
1876 2315
1876 2730
1877 1901
1879 2506
1879 2517
1881 3457
1882 2506
1883 1225
1885 702
1885 2808
1886 1510
1886 2899
1887 443
1888 2426
1888 3017
1889 1966
1890 1512
1890 3949
1891 3715
1892 3624
1893 3264
1895 1914
1896 1963
1897 1506
1897 2300
1897 2936
1900 2602
1901 1877
1902 215
1902 1411
1903 1526
1903 3569
1904 147
1904 3326
1906 490
1908 1176
1909 1510
1909 3545
1910 668
1911 2012
1911 2122
1912 1240
1914 1895
1915 901
1915 2908
1915 3543
1916 2773
1916 3799
1918 3946
1919 1157
1919 1490
1921 2935
1922 158
1922 902
1922 2897
1923 217
1923 3223
1925 341
1929 2825
1930 462
1930 3432
1934 3952
1936 3018
1936 3841
1937 3981
1940 2927
1941 174
1941 2532
1941 3418
1945 1728
1947 179
1948 4035
1949 2121
1950 3685
1951 3431
1952 2802
1953 447
1953 3809
1954 1012
1955 309
1955 435
1955 621
1955 3572
1956 3197
1958 1618
1960 1069
1961 2798
1962 337
1963 1896
1965 3311
1966 1889
1967 2400
1967 3778
1969 2487
1969 3574
1971 147
1971 1904
1972 2311
1972 2537
1974 2770
1976 2729
1977 738
1978 2193
1981 3434
1981 3949
1982 1003
1983 2702
1984 491
1984 2308
1984 2521
1985 1796
1988 3287
1989 2195
1990 3039
1992 1745
1992 2199
1992 3278
1993 4073
1994 1383
1994 3027
1995 3409
1997 2764
1998 460
1998 3087
1999 3282
2000 500
2000 2945
2001 720
2001 1792
2001 2012
2003 3632
2003 3756
2004 888
2006 1274
2006 2701
2006 4018
2007 989
2007 2538
2007 3048
2007 3157
2007 3557
2008 269
2008 2754
2008 4053
2010 899
2010 1493
2010 1495
2010 2518
2010 3333
2010 3787
2012 720
2012 1792
2013 63
2014 1914
2016 2300
2016 2304
2016 2936
2018 2751
2019 2423
2019 3472
2020 2184
2020 2256
2021 658
2021 2384
2021 4069
2022 771
2022 2258
2023 985
2023 1174
2023 2934
2023 4042
2024 3545
2025 1501
2025 2768
2025 4051
2026 267
2026 2028
2026 3835
2027 478
2027 1500
2027 4055
2028 267
2028 2026
2029 2822
2030 3288
2030 3943
2031 1020
2031 3427
2032 2201
2033 1680
2034 1747
2035 268
2035 1499
2035 2257
2036 3795
2037 820
2037 2683
2038 1801
2039 2522
2042 216
2042 2816
2042 3282
2043 510
2043 1021
2043 1532
2043 2554
2043 3065
2043 3576
2043 4087
2044 390
2044 847
2046 1804
2048 323
2051 861
2052 3818
2054 284
2055 2314
2056 3155
2058 492
2058 1808
2058 3825
2062 3421
2062 3580
2063 1421
2063 3667
2064 3732
2066 2687
2066 3449
2070 1170
2070 1365
2071 947
2071 3575
2072 3203
2074 989
2074 3331
2074 3845
2075 375
2076 729
2076 2263
2076 3818
2077 128
2078 170
2078 234
2078 570
2080 1339
2083 3454
2083 3551
2085 875
2087 3262
2089 2222
2090 222
2090 657
2091 351
2091 3404
2091 4003
2092 177
2092 3431
2094 2790
2096 792
2097 1518
2098 157
2099 369
2099 708
2101 3385
2102 3818
2103 3548
2104 1410
2104 3173
2107 474
2107 1692
2107 3029
2108 1443
2108 3365
2111 2647
2113 1556
2114 279
2114 2266
2115 1293
2116 406
2117 2817
2117 4070
2119 36
2120 1558
2122 1911
2124 4072
2126 2894
2129 2610
2130 1487
2134 1210
2136 1770
2136 3646
2137 3361
2140 3219
2141 523
2142 2861
2142 2948
2143 2749
2145 126
2145 2226
2147 1472
2147 4061
2149 2022
2150 688
2151 4043
2153 3822
2155 914
2155 4027
2157 426
2157 3037
2158 746
2165 1908
2167 262
2167 476
2169 669
2169 741
2169 883
2170 1692
2170 2107
2171 3564
2172 730
2173 1881
2178 3279
2179 2898
2180 189
2181 855
2182 509
2182 1525
2184 2020
2184 2256
2185 1213
2187 3263
2187 3928
2189 1360
2189 2846
2190 457
2190 3326
2190 3800
2190 3842
2191 2821
2191 3409
2191 3556
2192 3040
2193 3734
2193 3800
2194 222
2194 657
2194 2817
2195 1800
2198 3055
2199 1745
2199 3278
2200 2820
2201 768
2201 2768
2201 3129
2202 165
2203 398
2203 1580
2204 1790
2205 3692
2207 2616
2209 1523
2211 156
2211 1594
2212 2738
2213 2242
2215 452
2215 2606
2216 467
2216 1367
2216 2495
2217 218
2217 776
2217 1744
2217 3325
2218 2433
2218 3493
2219 1404
2220 1525
2220 3898
2221 492
2221 1387
2221 2929
2222 2409
2222 3327
2223 1384
2229 901
2229 1915
2229 2908
2230 964
2233 945
2233 3710
2234 909
2235 3263
2235 3928
2236 3303
2240 3056
2241 2326
2242 3951
2245 1764
2247 223
2247 2520
2247 3324
2250 1774
2251 3115
2252 724
2253 2421
2253 2775
2254 509
2254 1168
2254 3638
2255 4071
2256 2020
2256 3329
2257 268
2257 385
2257 453
2257 1499
2258 771
2258 2022
2259 1278
2259 1283
2259 2311
2259 2537
2259 3554
2260 3847
2261 3560
2261 3789
2261 3952
2262 2523
2263 729
2263 3818
2264 2812
2264 2962
2264 3045
2265 891
2266 279
2267 1286
2267 1290
2268 1306
2271 2901
2273 1779
2276 888
2277 380
2277 1713
2277 3504
2280 1459
2281 2814
2283 376
2283 3502
2286 3408
2287 367
2287 1099
2287 1277
2289 1386
2292 2481
2293 3047
2294 996
2295 1803
2295 2534
2298 2932
2299 2535
2300 2304
2300 2523
2300 2936
2302 2916
2302 3543
2303 267
2304 2300
2304 2523
2305 490
2306 2259
2306 3554
2308 491
2308 1984
2308 2521
2309 1132
2309 2806
2309 4025
2310 1497
2310 2311
2311 1278
2311 2259
2311 2310
2311 2537
2312 1797
2313 1288
2313 3262
2315 3283
2317 852
2317 1280
2318 3924
2319 1177
2319 3014
2321 152
2322 2501
2324 199
2325 3928
2326 2241
2330 3571
2331 3145
2332 1654
2334 1751
2335 3429
2337 1097
2338 265
2338 353
2339 2358
2342 1260
2343 1386
2348 2025
2348 2768
2349 362
2349 1456
2351 2822
2353 490
2353 1448
2354 2279
2356 2662
2356 3097
2359 3286
2359 4026
2361 3041
2362 1698
2364 2065
2366 618
2368 610
2370 906
2371 2579
2371 2899
2371 3616
2372 2395
2378 3525
2380 949
2380 4032
2381 2269
2383 244
2383 475
2383 2406
2383 2724
2384 658
2384 2021
2384 4069
2386 391
2386 965
2386 1293
2386 1799
2386 4030
2387 271
2387 4043
2388 1407
2389 3846
2390 3839
2391 1520
2392 3537
2395 890
2397 1715
2397 3819
2398 2500
2399 2022
2400 1967
2400 3778
2401 178
2401 3501
2402 2241
2404 1387
2406 475
2406 752
2406 2383
2406 2724
2408 3833
2409 2222
2409 3327
2410 950
2411 1496
2412 477
2412 3030
2413 2021
2414 1480
2414 3457
2416 381
2416 3119
2417 156
2417 1266
2419 1371
2419 1411
2420 1410
2420 4061
2421 1269
2421 2253
2421 2775
2422 493
2423 2757
2424 383
2424 1413
2425 173
2426 3017
2427 494
2427 3050
2429 3838
2429 4046
2431 669
2431 2686
2431 3913
2432 668
2432 3640
2433 2791
2434 264
2434 1435
2436 1886
2436 2899
2438 3335
2439 154
2442 709
2444 780
2445 690
2445 2661
2446 3435
2446 3529
2447 3688
2449 973
2451 4052
2453 3483
2455 135
2455 730
2456 1061
2458 722
2458 1503
2458 2984
2460 2632
2461 2780
2461 2928
2464 694
2464 4094
2467 1764
2467 2665
2469 2451
2470 1172
2471 753
2473 641
2473 2998
2475 1035
2476 2036
2478 494
2480 3742
2482 2260
2482 2545
2483 1499
2484 4070
2487 1969
2487 3574
2488 3614
2489 1902
2490 4008
2491 3667
2494 175
2495 467
2495 1367
2495 2216
2498 4065
2499 414
2501 2322
2503 2767
2503 3721
2504 757
2505 222
2505 657
2505 2194
2505 2817
2506 1879
2506 1882
2506 2517
2516 968
2516 2429
2516 4046
2517 1879
2517 2506
2518 1004
2518 2547
2518 2714
2518 3333
2519 2732
2519 3125
2520 2537
2520 3324
2521 119
2521 491
2521 1984
2521 2308
2522 2039
2523 2300
2523 2304
2523 3264
2524 3559
2525 3433
2526 270
2529 1729
2530 1169
2530 3049
2533 986
2533 1292
2533 1752
2534 1285
2534 1803
2535 3555
2536 574
2536 985
2537 1278
2537 1972
2537 2259
2537 2311
2538 475
2538 989
2538 3845
2538 4055
2539 1397
2539 4056
2540 1588
2541 2918
2542 264
2543 3284
2544 1484
2545 2260
2545 2482
2547 1004
2547 2518
2547 2714
2547 3333
2548 732
2548 3175
2548 3265
2549 850
2552 3823
2553 974
2554 510
2554 1021
2554 1532
2554 2043
2554 3065
2554 3576
2554 4087
2560 4070
2561 2836
2563 245
2563 1502
2564 1484
2565 680
2565 2620
2567 1394
2568 243
2568 1304
2568 3925
2569 2243
2574 562
2575 1366
2576 2569
2577 899
2577 1495
2577 2010
2577 3333
2579 2371
2579 3616
2583 3456
2584 1789
2584 3835
2585 3173
2587 3824
2590 1223
2590 1710
2590 1744
2592 748
2592 1787
2597 2558
2601 486
2601 2901
2602 1900
2604 926
2606 452
2606 2215
2607 103
2608 3315
2610 667
2611 3863
2615 2665
2616 3261
2617 1284
2619 3536
2620 680
2620 2565
2621 2582
2622 3212
2622 3568
2624 864
2626 3851
2629 85
2630 717
2633 1173
2633 1756
2634 201
2634 3931
2635 479
2635 1002
2635 3844
2636 1240
2636 1912
2637 1017
2637 1489
2638 374
2639 1290
2642 1016
2645 2313
2647 770
2648 128
2649 1734
2650 1816
2650 3514
2651 331
2654 771
2654 2258
2655 311
2655 3325
2657 193
2657 2617
2658 2235
2658 3263
2660 1168
2661 690
2661 2445
2662 2024
2662 3097
2663 2551
2664 2194
2665 1764
2666 2300
2668 1734
2670 937
2671 983
2677 2725
2678 682
2682 1392
2683 820
2683 2037
2685 3520
2685 3896
2686 669
2686 2431
2686 3913
2687 3449
2689 856
2690 3912
2691 790
2693 1986
2694 2709
2695 1878
2697 1664
2699 1107
2699 2218
2699 2433
2699 3493
2700 962
2701 508
2701 2006
2701 4018
2702 1241
2702 1268
2704 3408
2705 268
2705 2257
2706 346
2706 3212
2707 2722
2708 385
2708 453
2708 1499
2708 2257
2710 1234
2714 890
2714 1004
2714 2518
2714 2547
2714 3333
2720 2535
2720 3023
2720 3922
2722 2707
2724 475
2724 2383
2724 2406
2725 573
2725 728
2726 949
2726 2380
2726 4032
2727 488
2727 3557
2728 2038
2730 1876
2730 2315
2731 1150
2731 1311
2732 2519
2732 3125
2735 616
2735 1059
2738 25
2738 2445
2739 2754
2740 1254
2741 347
2741 1391
2742 3827
2743 726
2743 751
2744 3210
2746 881
2746 1395
2746 4068
2747 151
2748 2042
2749 1173
2750 762
2751 2018
2752 3204
2752 3947
2753 990
2754 269
2754 2008
2754 4053
2755 135
2755 730
2755 2455
2756 502
2756 1498
2757 2423
2758 1679
2758 3919
2759 1752
2760 1302
2761 2970
2764 779
2765 3687
2766 242
2768 1501
2768 2025
2768 2348
2768 4051
2769 491
2769 3992
2770 1005
2770 1500
2770 1974
2771 413
2771 477
2772 19
2772 726
2773 1916
2773 3799
2774 2312
2774 3919
2775 2253
2775 2421
2775 2967
2776 269
2776 4053
2778 3337
2779 4045
2780 2461
2780 2928
2781 2470
2782 3604
2783 203
2786 3024
2789 662
2791 2433
2793 1083
2794 1940
2795 1201
2795 2937
2796 3695
2797 1576
2797 2770
2799 1582
2800 1053
2801 1840
2801 2797
2805 3520
2806 1132
2806 2309
2806 4025
2808 702
2808 1238
2811 3848
2812 2264
2812 3045
2813 770
2813 1179
2813 3334
2815 1800
2815 3033
2815 3773
2816 2042
2816 3282
2817 222
2817 657
2817 2117
2817 2194
2817 4070
2819 1516
2819 3032
2819 3034
2820 1004
2821 758
2821 2933
2821 3556
2822 3056
2823 4052
2825 1929
2826 727
2826 1407
2827 1491
2827 3364
2830 150
2830 1081
2830 1667
2832 2011
2833 526
2834 1179
2834 2813
2835 1986
2835 2693
2838 1357
2839 3141
2840 2153
2840 3822
2845 2898
2846 2189
2847 137
2849 3635
2850 1080
2852 1968
2853 756
2854 318
2855 1278
2856 1211
2859 299
2860 873
2861 2948
2863 1892
2863 3624
2865 1377
2866 3137
2869 744
2870 3499
2872 1682
2872 3794
2873 2753
2875 1115
2876 2734
2878 223
2879 3505
2880 1176
2881 2978
2884 260
2885 992
2885 1167
2887 13
2888 1036
2889 15
2893 3529
2895 949
2896 731
2897 158
2897 902
2897 1922
2899 1886
2899 3616
2900 3459
2901 2271
2902 2825
2903 3017
2905 247
2906 3735
2908 901
2908 1915
2910 2431
2910 3913
2911 3733
2913 1475
2914 949
2916 2302
2917 2993
2917 3569
2918 3544
2918 4085
2922 987
2923 1082
2926 1385
2926 1514
2929 1387
2929 2221
2930 1000
2930 3558
2931 39
2931 1481
2932 3273
2933 758
2933 2821
2934 1174
2934 2023
2934 4042
2935 1921
2936 1506
2936 1897
2936 2300
2936 2304
2937 1201
2937 2795
2938 3959
2940 4084
2941 1192
2942 3251
2944 3939
2945 500
2946 3540
2947 3951
2949 85
2950 463
2951 1485
2953 3446
2955 3590
2956 2776
2956 4063
2958 2304
2959 3859
2961 403
2962 2264
2962 2812
2962 3294
2963 2903
2963 3017
2964 1400
2966 1526
2967 2775
2970 2761
2971 1461
2974 701
2975 558
2976 3393
2981 1413
2982 2546
2983 886
2984 722
2984 1503
2984 2458
2987 2796
2987 3695
2988 2900
2988 3459
2989 431
2991 1796
2992 3440
2993 2917
2993 3569
2994 4012
2996 562
2996 1491
2998 641
2998 2473
2999 2784
3000 3216
3001 463
3001 2950
3003 2915
3008 3323
3011 3285
3013 3920
3014 1177
3014 2319
3015 2010
3017 2426
3017 2903
3018 3841
3020 1793
3021 1240
3023 2535
3023 2720
3023 3922
3024 489
3024 731
3025 776
3025 3036
3026 388
3027 1383
3027 1994
3028 3564
3029 474
3029 884
3029 1692
3029 3561
3030 477
3030 1801
3030 2412
3030 3575
3030 4072
3032 1420
3032 1516
3032 2819
3032 3034
3033 1800
3033 2815
3034 479
3034 988
3034 1516
3034 3545
3035 2940
3035 4084
3036 776
3037 426
3037 512
3039 1990
3040 2192
3041 2767
3042 375
3043 491
3044 1238
3044 3437
3046 1746
3047 2293
3047 2821
3047 3796
3048 2007
3048 3157
3049 3561
3049 4056
3050 494
3050 2427
3050 3790
3054 1620
3054 4058
3055 2198
3056 2822
3057 753
3058 1724
3059 1531
3059 3425
3060 2923
3061 1408
3062 1403
3062 1641
3063 489
3063 731
3063 3024
3063 3121
3064 2818
3065 510
3065 1021
3065 1532
3065 2043
3065 2554
3065 3576
3065 4087
3067 987
3067 2922
3070 720
3070 932
3071 3796
3073 986
3073 1292
3073 2533
3076 1168
3076 2660
3079 1168
3079 2254
3080 1014
3080 1612
3081 781
3082 3966
3085 2649
3086 3871
3087 460
3087 1998
3088 267
3088 2303
3089 1412
3089 2203
3090 3080
3091 185
3093 3773
3097 2024
3097 2662
3100 775
3100 3308
3100 3544
3105 622
3106 4015
3107 2176
3108 382
3109 1529
3111 689
3112 3443
3114 1357
3114 2838
3115 2251
3116 2792
3117 2007
3117 3048
3119 2416
3121 3024
3121 3063
3123 4051
3124 1521
3125 2519
3125 2732
3128 1700
3128 3874
3129 768
3129 2201
3129 2768
3130 383
3130 2424
3131 2472
3133 3344
3136 145
3137 2866
3138 824
3139 1755
3140 1493
3140 3252
3141 2839
3143 707
3144 222
3144 2817
3145 1512
3146 1041
3146 3550
3147 2434
3148 7
3149 3541
3149 3542
3153 2314
3154 782
3155 3521
3157 2007
3157 3048
3158 3904
3159 2734
3163 709
3164 191
3164 3584
3166 3632
3167 639
3172 1192
3173 2104
3174 3451
3175 2548
3175 3265
3176 3554
3176 3942
3178 2613
3179 629
3180 2798
3181 3965
3182 2109
3184 2149
3185 1666
3185 1787
3186 1578
3188 1193
3189 1005
3189 1500
3189 2770
3190 3799
3191 1934
3191 3952
3193 2778
3194 2802
3195 3127
3196 1777
3196 3211
3198 1748
3198 3557
3200 662
3200 1619
3201 502
3201 1498
3201 4036
3204 2752
3204 3947
3205 455
3207 976
3207 3792
3208 3553
3208 3624
3209 1068
3211 1777
3211 3196
3212 346
3212 880
3212 3563
3213 375
3213 3541
3213 3542
3214 3336
3216 3000
3216 3819
3216 3953
3219 504
3219 3229
3220 1013
3220 2534
3222 47
3223 217
3223 1923
3225 1236
3229 504
3229 3219
3230 301
3236 448
3238 2543
3243 485
3243 4067
3244 2286
3244 3408
3250 1789
3250 3861
3251 2942
3252 1493
3254 3289
3256 344
3257 1269
3257 2421
3257 2775
3258 1754
3259 1306
3259 2268
3260 662
3261 2616
3262 2313
3263 2187
3263 2235
3263 3928
3264 2523
3265 338
3265 732
3265 3534
3266 3631
3267 828
3267 2437
3270 3972
3271 1819
3271 4070
3272 1035
3273 2932
3274 3539
3276 265
3276 3523
3278 1745
3278 2265
3278 3920
3279 952
3279 1511
3280 646
3281 3732
3282 2042
3282 2816
3283 2315
3284 2543
3286 2359
3286 3451
3286 3933
3286 4026
3287 1489
3287 1756
3287 1988
3288 2030
3288 3943
3290 1726
3291 574
3292 646
3292 3280
3294 2962
3295 3320
3298 2800
3306 1461
3307 499
3308 775
3308 1491
3308 3544
3309 2551
3310 1279
3311 3176
3311 3554
3311 3942
3312 1900
3312 2602
3313 597
3313 1788
3314 1305
3314 1404
3314 3680
3315 4006
3316 153
3318 1970
3320 1169
3320 3295
3322 1755
3322 3332
3323 1747
3324 223
3324 2520
3325 218
3325 776
3325 1019
3325 1253
3325 1647
3325 1744
3326 457
3326 2190
3326 3800
3326 3842
3326 4071
3327 2409
3328 781
3329 1001
3330 261
3331 989
3331 1753
3331 2074
3331 3845
3333 1004
3333 1493
3333 2010
3333 2518
3333 2547
3333 2714
3333 3787
3334 770
3334 1005
3334 1500
3334 4055
3335 1004
3335 3333
3337 368
3337 994
3337 1470
3338 3875
3341 1178
3342 1520
3342 2391
3343 1706
3345 847
3346 1085
3347 899
3349 2511
3353 338
3353 3534
3354 1146
3355 2999
3359 3283
3361 1797
3362 45
3362 3322
3363 3403
3364 1491
3365 1443
3366 3511
3368 622
3368 3105
3369 1373
3370 3181
3371 707
3371 3143
3372 1283
3372 2259
3372 2537
3372 3554
3374 720
3374 932
3376 1285
3376 2534
3377 3029
3380 3839
3381 91
3382 876
3384 1397
3384 2539
3384 4056
3386 546
3390 1383
3391 1687
3392 3747
3393 1924
3398 1804
3398 2046
3400 75
3400 2069
3402 779
3404 351
3404 2091
3405 3446
3406 146
3408 2286
3408 2704
3409 2191
3409 2821
3409 3556
3416 1361
3416 1705
3417 777
3418 174
3418 1941
3419 767
3421 898
3421 3580
3425 3059
3427 1020
3428 2409
3430 1288
3430 1741
3430 3454
3431 177
3432 462
3432 2823
3434 3949
3435 1515
3435 3529
3437 3044
3439 3555
3440 560
3440 2992
3441 1802
3442 2766
3443 3112
3444 1133
3446 2953
3448 439
3448 710
3449 882
3449 2687
3449 3281
3451 3286
3451 3933
3454 1288
3454 3430
3455 1288
3456 3944
3457 1881
3458 2423
3459 2900
3459 2988
3460 1481
3460 2931
3463 1364
3464 438
3465 1748
3465 2007
3465 3557
3466 736
3467 1418
3468 3465
3470 3954
3472 2019
3474 185
3475 3348
3479 3063
3479 3121
3482 770
3482 1179
3482 2813
3483 2453
3484 2825
3487 853
3488 2227
3490 2433
3490 2791
3491 498
3493 2218
3493 2433
3500 473
3502 376
3502 1773
3503 768
3504 380
3507 1037
3508 1393
3509 1204
3510 489
3512 1185
3513 3315
3513 4006
3514 1375
3514 1816
3514 2650
3516 2035
3517 4060
3518 1373
3520 2685
3520 3560
3520 3896
3523 265
3523 3276
3524 1370
3525 1543
3526 1685
3528 1006
3529 2893
3529 3435
3531 212
3531 2121
3532 2027
3532 3559
3532 3836
3534 338
3534 732
3534 3265
3536 3051
3537 2392
3538 3834
3540 436
3540 3050
3541 3542
3542 3213
3542 3541
3543 1915
3544 775
3544 3308
3545 988
3545 1516
3545 2024
3545 3034
3548 1065
3548 2920
3549 3787
3550 1041
3551 3454
3553 3624
3554 1283
3554 2259
3554 2306
3554 2537
3555 2028
3555 3439
3556 2191
3556 2821
3556 3409
3557 989
3557 1748
3557 2007
3557 2538
3558 1000
3558 1802
3558 2930
3559 2027
3559 3532
3559 3836
3560 2261
3560 3952
3561 1003
3561 3049
3562 507
3563 346
3563 3212
3564 3028
3565 1238
3567 281
3568 880
3568 3212
3569 2917
3569 2993
3570 1691
3570 3946
3571 3046
3572 309
3572 435
3572 621
3573 1479
3574 1969
3574 2487
3575 947
3575 1801
3575 2071
3575 3030
3575 4072
3576 510
3576 1021
3576 1532
3576 2043
3576 2554
3576 3065
3576 4087
3577 3696
3580 898
3580 3412
3582 500
3584 191
3584 1180
3587 214
3588 2503
3588 3721
3589 391
3589 1293
3590 468
3591 1525
3593 498
3596 1009
3600 1219
3601 3092
3602 975
3605 3863
3606 1870
3606 2192
3608 666
3608 1249
3608 2943
3612 132
3613 1401
3613 1592
3615 1016
3616 1886
3616 2899
3618 2035
3618 3516
3619 550
3620 337
3622 1715
3622 2397
3622 3819
3623 3325
3624 1047
3624 3553
3626 1258
3627 1261
3632 2003
3632 3756
3633 2477
3634 3748
3636 1242
3638 509
3638 1168
3638 2254
3639 2916
3640 668
3640 2432
3641 2716
3643 1051
3643 3806
3644 3088
3646 1770
3646 2136
3648 1794
3648 3736
3648 3837
3649 878
3651 368
3651 3337
3657 2956
3657 4063
3660 3672
3663 2008
3664 947
3667 1421
3668 1480
3668 2414
3668 3457
3670 3525
3672 3660
3674 2413
3676 191
3676 1180
3676 3584
3677 3761
3678 2096
3679 3926
3680 1305
3680 1404
3680 3314
3682 872
3685 1950
3686 3718
3687 2765
3688 2447
3689 3317
3689 4033
3691 3264
3692 2493
3695 2796
3696 1133
3696 3444
3697 3301
3703 3483
3704 2037
3704 2683
3706 2933
3708 644
3708 3331
3710 945
3711 1685
3712 150
3713 2511
3713 3349
3715 4079
3716 4041
3717 882
3718 3686
3721 2503
3722 215
3722 1411
3722 4045
3723 1010
3726 243
3726 3925
3729 1745
3731 2191
3731 3926
3732 3281
3734 2193
3734 3326
3734 3800
3735 2906
3736 1794
3736 3837
3739 2726
3739 4032
3740 1536
3742 1875
3748 2266
3748 3634
3750 130
3751 3953
3752 781
3752 2519
3753 37
3756 2003
3756 3632
3757 383
3757 1413
3757 2424
3758 3409
3760 3297
3762 1105
3763 3941
3764 434
3764 774
3766 2482
3770 1884
3771 285
3773 1800
3773 2815
3773 3093
3776 3844
3778 1967
3778 2400
3781 475
3781 2383
3781 2406
3781 2724
3782 263
3782 4053
3783 1308
3784 719
3786 401
3787 1493
3787 2010
3787 2518
3787 3333
3788 226
3788 313
3789 2261
3789 3560
3790 3050
3791 780
3792 478
3793 259
3795 2036
3796 2821
3796 3047
3797 3956
3799 2773
3800 457
3800 2190
3800 3326
3800 3842
3806 1403
3809 447
3810 3930
3811 110
3813 3249
3815 3756
3816 549
3818 729
3818 2263
3819 3216
3819 3953
3821 2006
3821 2701
3821 4018
3822 2153
3822 3289
3823 2552
3825 1808
3825 2058
3826 1775
3833 2408
3834 266
3834 1353
3835 2026
3836 2027
3836 3532
3836 3559
3837 1794
3837 3736
3838 2429
3840 725
3842 774
3842 3326
3842 4071
3843 1798
3844 479
3844 1002
3844 3034
3845 989
3845 2074
3845 2538
3845 3331
3845 4055
3846 258
3846 767
3848 2811
3849 3928
3855 730
3855 769
3855 1702
3856 719
3858 3966
3861 1789
3862 2765
3865 1657
3873 3837
3874 1700
3874 3128
3878 4079
3882 1918
3887 446
3887 1968
3890 856
3892 1505
3893 1898
3895 3682
3896 2685
3896 3520
3897 95
3898 1525
3899 271
3899 509
3900 639
3902 855
3903 1946
3904 4014
3905 736
3906 3544
3907 397
3908 4047
3913 669
3913 2431
3913 2686
3914 2392
3919 1679
3919 2774
3920 1745
3920 2265
3920 3013
3920 3278
3922 2535
3922 2720
3922 3023
3925 243
3925 1304
3925 2568
3926 2191
3927 2409
3927 3327
3928 2187
3928 3263
3929 1860
3931 201
3931 2634
3933 3286
3933 3451
3938 1220
3939 2944
3940 1467
3941 1798
3941 3763
3942 3176
3942 3554
3943 2030
3943 3288
3944 3456
3945 1872
3946 1691
3946 1918
3947 1233
3947 2752
3947 3204
3948 221
3948 364
3949 1512
3949 1890
3950 4071
3951 250
3952 2261
3952 3560
3953 3216
3953 3819
3955 1460
3958 3836
3959 2938
3960 2259
3960 4028
3962 778
3964 2411
3965 340
3965 1403
3967 2714
3968 989
3969 3515
3970 647
3971 970
3971 997
3972 838
3974 525
3977 2395
3978 208
3979 3309
3982 905
3985 437
3986 1524
3988 373
3991 1780
3992 491
3992 2769
3993 4091
3994 2385
3998 257
3998 633
3998 1804
3999 1702
4001 261
4001 3330
4002 3261
4003 2091
4006 3315
4007 492
4011 902
4012 2994
4013 574
4015 218
4018 2006
4018 2701
4020 1523
4021 1257
4023 244
4023 2383
4025 1132
4025 2309
4025 2806
4026 2359
4026 3286
4027 914
4027 2155
4028 2259
4028 3960
4030 2386
4031 222
4031 650
4032 949
4032 1341
4032 2380
4033 3317
4034 1360
4036 322
4036 502
4036 1498
4037 213
4037 2012
4038 874
4040 1100
4040 2425
4041 487
4042 1174
4042 2023
4042 2934
4043 271
4043 2387
4045 215
4045 1411
4045 2779
4045 3722
4046 2429
4047 158
4047 902
4047 1922
4047 2897
4050 1814
4051 253
4051 1501
4051 2025
4051 2768
4052 495
4052 2451
4053 263
4053 269
4053 697
4053 2008
4053 2754
4054 2518
4055 989
4055 1005
4055 1500
4055 2538
4055 3334
4055 3845
4056 2539
4056 3049
4058 3054
4059 1221
4060 3517
4061 1410
4061 1472
4061 2420
4062 548
4063 2776
4063 2956
4064 1747
4065 134
4065 219
4065 2028
4066 1501
4066 1511
4067 485
4067 3243
4068 1006
4068 1291
4068 1395
4069 658
4069 2021
4069 2384
4070 1819
4070 2117
4070 2817
4070 3271
4071 2255
4071 3326
4071 3842
4072 1801
4072 3030
4072 3575
4074 3531
4075 1793
4076 876
4078 975
4079 3715
4080 992
4081 481
4082 1237
4083 2544
4084 2940
4085 2918
4085 3544
4087 510
4087 1021
4087 1532
4087 2043
4087 2554
4087 3065
4087 3576
4088 864
4088 2263
4089 108
4090 292
4090 1236
4092 889
4092 988
4092 1181
4093 1266
4094 694
