256 212
2 156
2 186
3 7
3 11
5 236
6 71
6 235
8 135
9 37
9 40
9 42
10 183
13 74
13 174
16 20
16 41
16 117
16 230
18 129
19 42
21 196
26 55
26 59
26 104
26 147
26 153
28 38
29 46
30 22
33 98
35 7
35 15
35 36
35 92
35 191
35 200
38 148
43 77
43 219
46 29
46 41
46 254
49 86
52 147
58 117
58 180
61 32
61 120
63 69
64 192
65 96
65 98
65 124
65 138
65 173
65 186
65 241
67 45
67 145
68 73
68 233
69 116
70 77
70 120
72 26
72 66
72 90
72 141
72 153
72 170
72 209
74 124
74 227
76 11
76 21
76 93
76 224
77 70
81 23
81 124
84 163
89 223
90 35
90 41
90 72
90 82
90 113
90 163
90 181
90 231
90 254
96 65
96 186
96 229
98 247
100 231
102 136
103 129
106 98
106 166
106 173
108 119
108 166
108 243
111 105
115 7
123 44
126 235
128 42
128 142
128 204
129 228
133 238
133 250
136 102
138 145
138 252
141 12
141 52
141 209
143 1
143 202
144 169
146 80
147 52
147 94
147 119
147 168
148 78
150 201
153 26
153 49
153 59
153 120
153 147
153 213
154 64
154 111
156 237
159 42
163 117
165 225
167 198
173 112
178 11
178 210
180 112
185 50
185 163
187 38
187 100
187 115
187 139
187 164
190 37
190 127
190 170
190 200
190 249
191 58
195 11
197 11
197 53
197 57
198 15
203 12
203 99
203 114
203 162
203 173
203 214
206 1
206 52
206 180
206 239
210 3
210 24
210 61
211 117
212 22
213 153
214 92
214 108
214 179
214 236
215 125
216 53
216 82
216 99
218 196
220 222
221 74
221 122
221 231
225 165
226 114
229 160
229 193
231 148
231 194
232 27
232 123
234 208
236 214
241 157
246 169
247 84
247 119
248 129
248 153
248 160
253 177
