1024 3159
0 40
0 153
0 263
0 375
0 695
0 701
0 706
0 965
0 1003
1 36
1 221
1 273
1 666
2 858
2 930
3 189
3 271
3 511
4 42
4 159
4 168
4 523
4 574
4 604
4 706
4 924
7 191
7 229
7 279
7 347
7 366
7 386
7 673
7 890
7 972
8 5
8 121
8 524
8 566
8 722
8 749
8 1011
8 1023
9 54
9 69
9 94
9 165
9 169
9 192
9 218
9 222
9 239
9 278
9 308
9 331
9 369
9 373
9 413
9 431
9 468
9 499
9 539
9 590
9 681
9 740
9 753
9 876
9 944
9 968
9 984
9 1009
10 103
12 457
12 902
13 166
13 316
13 377
13 475
13 500
13 614
13 672
13 709
13 822
13 834
13 915
14 309
14 784
14 812
15 614
15 905
16 658
16 796
16 936
17 220
17 528
17 665
17 765
17 907
18 197
18 411
18 642
18 908
19 464
19 909
20 128
20 465
20 910
21 466
21 911
22 6
22 70
23 713
23 913
25 7
25 8
25 14
25 77
25 132
25 174
25 192
25 275
25 286
25 345
25 357
25 360
25 408
25 433
25 437
25 522
25 529
25 574
25 619
25 672
25 774
25 790
25 802
25 805
25 827
25 848
25 890
25 892
25 900
25 915
25 948
25 967
25 985
27 712
27 835
28 218
29 5
29 128
29 203
29 227
29 309
29 354
29 413
29 420
29 474
29 696
29 711
29 745
29 919
29 940
29 945
29 958
30 56
31 771
31 921
32 438
32 857
32 883
33 396
33 739
33 841
34 488
35 11
35 278
35 966
37 4
37 830
37 927
38 58
38 197
38 223
38 243
38 610
38 642
38 694
38 816
38 1016
39 3
39 348
39 484
39 929
40 658
41 188
41 203
41 241
41 348
41 392
41 493
41 563
41 686
41 689
41 698
41 714
41 727
41 779
41 863
41 897
42 4
42 150
42 159
42 417
42 595
42 604
42 748
42 893
43 705
43 1018
44 59
44 160
44 183
44 253
44 286
44 504
44 638
44 934
44 949
45 44
45 79
45 92
45 201
45 241
45 319
45 352
45 376
45 448
45 563
45 629
45 633
45 646
45 686
45 687
45 695
45 769
45 797
45 850
45 934
46 121
46 282
46 284
46 566
46 729
46 752
46 767
46 995
46 1011
47 111
48 32
48 130
48 316
48 549
48 565
48 568
48 575
48 716
48 889
48 937
48 986
48 1020
49 211
49 245
49 658
49 690
49 803
49 823
49 959
49 1004
50 89
50 136
50 340
50 534
50 676
50 768
50 831
50 979
52 372
52 817
52 942
53 92
53 345
53 790
53 820
53 878
53 937
54 499
54 944
56 527
56 557
56 586
56 712
56 924
59 504
59 949
60 232
60 284
60 677
60 729
61 402
61 506
61 951
62 178
62 413
62 638
62 731
63 248
63 382
63 691
63 799
64 378
65 955
69 477
70 22
70 111
70 163
70 433
71 482
71 516
71 961
73 6
73 47
73 325
73 331
73 368
73 658
73 676
73 706
73 813
73 826
73 878
73 960
74 964
75 253
75 760
76 280
77 522
77 967
78 71
78 164
78 337
78 516
78 532
78 625
78 683
78 791
78 834
78 961
80 525
80 823
80 970
81 106
81 167
81 276
81 287
81 387
81 546
81 662
81 721
81 732
81 818
81 832
81 937
81 957
82 765
82 968
84 348
84 974
84 980
85 530
85 717
85 975
87 90
87 122
87 296
87 351
87 353
87 358
87 413
87 423
87 541
88 182
88 373
88 397
88 533
88 674
88 717
88 978
89 350
89 534
89 979
90 129
90 696
91 101
91 256
91 698
93 34
93 538
93 692
93 983
94 330
94 406
94 539
94 829
94 984
95 156
95 863
96 68
96 90
96 266
96 339
96 456
96 532
96 718
96 863
97 345
97 790
97 1016
98 156
98 326
98 414
98 420
98 432
98 444
98 453
98 467
98 698
98 788
98 877
98 906
98 935
99 84
99 249
99 479
99 737
99 974
100 510
101 670
102 85
102 128
102 312
102 364
102 371
102 530
102 537
102 651
102 757
102 765
102 809
102 926
102 966
102 973
102 975
103 110
103 280
103 507
103 518
103 568
103 662
103 701
104 63
104 115
104 146
104 270
104 287
104 325
104 329
104 461
104 491
104 635
104 656
104 732
104 776
104 889
105 218
106 81
106 234
106 337
106 435
106 439
106 546
106 565
106 591
106 832
106 845
106 880
106 1022
107 405
108 57
108 64
108 129
108 356
110 1
110 55
110 103
110 362
110 363
110 375
110 568
110 837
110 915
110 943
110 1012
113 62
113 346
113 383
113 649
113 767
115 425
115 870
115 998
117 28
117 159
117 424
117 562
117 604
117 881
117 1007
118 995
121 566
121 1011
123 827
124 10
124 54
124 194
124 254
124 385
124 499
124 569
124 639
124 944
124 956
124 1014
125 316
127 509
127 572
127 1017
128 19
128 464
128 909
130 575
130 1020
131 36
131 269
131 322
131 372
131 408
131 492
131 727
131 730
131 798
131 817
131 857
131 863
131 869
131 926
131 959
131 963
132 225
132 228
132 858
132 889
132 973
132 1004
133 724
134 796
135 2
135 186
135 299
135 366
135 367
135 404
135 583
135 609
135 699
135 701
135 712
135 744
135 758
135 784
135 845
135 849
135 900
136 189
136 691
136 733
136 816
136 954
137 718
138 716
138 824
140 523
141 448
142 141
142 170
142 359
142 503
142 751
143 210
143 655
143 824
144 34
144 51
144 94
144 299
144 539
144 576
144 681
144 744
144 948
144 984
147 351
147 415
147 486
147 645
147 660
147 847
147 895
150 360
150 584
150 595
150 805
151 109
152 139
152 559
152 936
153 780
154 108
154 123
154 200
154 202
154 208
154 259
154 281
154 284
154 438
154 567
154 596
154 647
154 714
154 729
154 730
154 787
154 883
154 943
155 600
156 816
157 761
159 604
159 709
160 44
160 155
160 183
160 233
160 351
160 431
160 510
160 570
160 600
160 638
160 678
160 679
160 851
160 856
160 922
160 934
160 988
160 993
161 23
161 521
161 606
161 913
162 46
162 70
162 268
162 488
162 584
162 750
162 958
162 981
163 68
163 409
163 654
164 34
164 78
164 320
164 337
164 479
164 834
165 843
166 163
166 333
166 734
166 932
167 4
167 69
167 81
167 183
167 189
167 273
167 276
167 342
167 387
167 444
167 526
167 540
167 594
167 699
167 721
167 755
167 837
167 898
167 986
169 463
169 742
170 287
170 421
170 727
170 732
170 814
173 2
173 172
173 223
173 251
173 329
173 338
173 349
173 442
173 455
173 476
173 483
173 502
173 509
173 535
173 556
173 624
173 700
173 808
173 812
173 820
173 878
173 887
173 948
173 995
174 619
175 362
176 567
176 687
176 803
177 364
177 379
177 409
177 541
177 809
178 62
178 413
178 731
178 865
180 245
180 690
181 221
181 556
181 626
181 666
181 982
184 356
184 482
185 148
185 249
185 379
185 402
185 723
185 811
186 111
186 202
186 647
186 829
186 876
188 168
188 200
188 210
188 216
188 564
188 655
188 712
188 946
190 34
190 334
190 545
193 209
193 233
193 678
194 639
195 245
195 273
195 690
195 899
196 434
196 641
196 980
196 982
197 642
198 67
199 230
199 567
199 644
199 819
200 188
200 259
200 596
201 350
201 646
202 647
203 261
204 787
205 807
205 821
209 255
210 39
210 57
210 155
210 221
210 341
210 470
210 484
210 600
210 655
210 666
210 709
210 929
211 140
211 920
213 183
214 973
215 108
215 205
215 287
215 298
215 436
215 732
215 985
215 1019
216 940
216 963
217 360
217 519
217 805
218 28
218 92
218 416
218 542
218 851
218 861
219 515
219 628
220 665
221 373
221 531
221 666
221 824
222 400
222 671
224 346
225 123
225 132
225 617
225 785
225 1004
226 265
228 400
228 590
228 1004
231 20
231 325
231 346
231 465
231 514
231 910
231 959
232 677
232 842
233 678
234 236
234 439
235 680
237 682
237 774
237 858
239 179
239 414
239 920
240 444
241 198
241 686
243 204
243 494
243 561
243 972
244 28
245 310
245 685
245 690
246 491
246 1010
249 899
250 1
250 632
250 671
251 337
251 789
251 941
252 697
254 86
256 346
258 703
260 85
260 463
260 530
260 930
260 975
262 707
262 717
263 594
264 77
264 476
264 522
264 737
264 967
265 226
265 286
266 761
268 266
268 594
268 1008
268 1018
269 149
269 349
269 795
270 89
270 534
270 979
270 1004
273 1
274 21
274 56
274 466
274 719
274 857
274 911
276 721
276 812
277 440
278 179
278 544
280 103
280 548
281 591
281 637
281 863
284 729
286 253
287 732
288 58
288 209
288 307
288 585
288 602
288 728
289 19
289 357
289 430
289 464
289 561
289 702
289 802
289 909
290 404
290 735
290 793
290 849
291 197
291 642
291 736
293 567
293 738
294 399
295 193
295 274
295 590
295 718
295 719
296 712
297 429
297 559
299 19
299 196
299 361
299 374
299 464
299 641
299 744
299 909
300 116
301 746
302 479
302 747
303 839
303 863
304 158
304 238
305 47
306 65
306 78
306 320
306 454
306 955
306 968
308 720
308 753
309 190
309 725
311 6
311 235
311 680
311 856
311 865
312 102
312 635
312 757
312 836
313 230
313 428
313 865
314 248
317 842
317 848
319 889
320 835
321 766
324 298
324 623
325 526
325 828
326 947
328 347
328 890
329 427
329 872
330 30
330 333
331 9
331 192
331 373
331 393
331 1009
332 383
332 558
332 777
332 935
333 483
334 608
336 18
336 781
336 908
337 723
339 527
344 734
344 832
344 917
345 374
345 790
345 833
346 231
347 7
349 149
349 269
349 795
350 89
350 534
350 979
351 222
351 300
352 663
352 687
352 778
352 797
353 186
353 716
353 848
355 800
356 108
357 802
358 87
358 413
359 815
360 805
362 858
364 411
364 809
366 576
366 598
366 649
367 443
368 813
369 141
369 276
369 721
372 436
372 817
377 228
377 822
378 181
378 626
379 129
382 183
382 865
384 121
384 566
384 889
384 1010
384 1011
386 615
386 867
391 720
392 634
393 838
395 324
395 783
396 125
396 841
398 752
399 294
399 479
399 853
404 849
407 852
408 916
410 745
410 855
415 141
415 158
415 408
415 616
416 861
417 771
417 954
418 235
418 680
418 990
419 620
419 834
420 625
422 94
422 170
422 354
422 539
422 984
424 818
425 870
426 187
427 454
427 872
431 299
431 551
431 744
432 217
432 280
432 388
432 532
432 652
432 829
432 877
433 25
433 271
433 788
433 948
434 190
434 381
434 394
434 571
434 924
435 880
436 372
436 817
436 1015
438 883
439 848
440 18
440 411
440 908
442 75
442 201
442 238
442 646
442 648
442 887
442 948
444 167
444 189
444 837
446 581
446 636
446 779
446 953
447 105
447 210
447 226
447 397
447 476
447 556
447 625
447 655
447 671
447 733
447 750
447 876
447 988
449 32
449 185
449 193
449 342
449 405
449 436
449 692
449 796
449 811
449 999
450 34
450 132
450 228
450 458
450 486
450 668
450 811
450 858
450 912
451 772
451 1016
452 28
452 91
452 354
452 447
452 477
452 520
452 571
452 711
452 720
452 876
452 926
453 53
453 72
453 261
453 531
453 640
453 669
454 44
454 62
454 65
454 67
454 78
454 126
454 150
454 306
454 320
454 369
454 427
454 443
454 463
454 520
454 595
454 638
454 828
454 846
454 872
454 925
454 934
454 941
454 955
457 12
457 902
458 34
458 61
458 128
458 172
458 450
458 506
458 668
458 681
458 715
458 778
458 811
458 951
459 55
459 239
459 482
460 981
464 19
464 909
465 20
465 128
465 910
466 21
466 911
467 608
468 401
470 28
470 39
470 54
470 210
470 484
470 499
470 655
470 709
470 726
470 827
470 929
470 944
470 947
471 276
471 428
471 570
471 711
471 721
471 1012
472 3
472 26
472 235
472 341
472 680
474 5
474 29
474 128
474 203
474 227
474 309
474 354
474 413
474 420
474 696
474 711
474 745
474 919
474 940
474 945
474 958
475 125
475 272
475 437
475 614
475 649
475 672
477 61
477 69
477 177
477 394
477 398
477 405
477 443
477 506
477 564
477 731
477 889
477 922
477 951
477 1004
479 540
479 593
479 795
480 329
480 357
480 411
480 417
480 511
480 579
480 675
480 691
480 696
480 802
480 823
480 894
480 938
480 987
481 886
482 737
483 57
483 171
483 201
483 275
483 333
483 607
483 624
483 646
483 782
484 3
484 39
484 348
484 929
485 238
485 421
486 8
486 274
486 441
486 489
486 719
486 868
487 27
487 69
487 72
487 79
487 100
487 115
487 150
487 169
487 414
487 437
487 492
487 595
487 624
487 768
487 928
487 946
487 947
488 34
488 35
488 83
488 130
488 169
488 307
488 373
488 423
488 529
488 575
488 710
488 854
488 895
488 1020
490 22
490 43
490 51
490 119
490 183
490 320
490 445
490 607
490 714
490 924
491 55
491 116
491 246
491 275
491 280
491 317
491 348
491 824
491 1010
493 41
493 217
493 607
493 629
493 630
493 689
493 714
493 727
493 733
493 891
493 986
494 227
494 400
494 952
495 129
495 130
495 469
495 574
495 575
495 1020
496 285
496 519
496 710
498 11
498 683
499 54
499 944
500 212
500 317
500 799
501 71
501 349
501 516
501 695
501 961
504 59
504 949
505 127
505 211
505 234
505 572
505 879
505 1017
506 61
506 402
506 951
507 389
508 70
508 329
508 349
508 444
508 578
508 582
508 592
508 851
509 173
514 214
515 693
516 71
516 482
516 961
517 236
517 286
517 387
517 591
517 628
517 748
518 67
518 590
518 675
519 782
522 77
522 967
523 140
523 168
523 365
524 340
524 960
525 80
525 823
525 970
526 64
526 233
526 325
526 431
526 650
526 678
526 683
526 828
526 850
527 378
528 923
530 85
530 717
530 975
531 20
531 37
531 39
531 221
531 321
531 360
531 362
531 373
531 453
531 465
531 484
531 576
531 603
531 666
531 766
531 784
531 805
531 910
531 927
531 929
531 991
532 96
532 339
532 863
532 936
533 88
533 182
533 373
533 397
533 674
533 717
533 978
534 89
534 350
534 979
535 455
535 948
536 26
536 122
536 306
536 501
536 833
536 837
536 846
538 34
538 93
538 692
538 983
539 94
539 330
539 406
539 829
539 984
540 83
540 339
540 379
540 479
540 593
540 669
540 672
540 767
540 795
540 1013
541 47
541 105
541 229
541 359
541 408
541 529
541 557
541 924
541 930
541 1023
542 421
543 274
543 709
543 719
543 890
543 930
543 941
543 1013
545 830
546 16
546 19
546 49
546 81
546 93
546 106
546 166
546 315
546 395
546 435
546 464
546 502
546 538
546 594
546 602
546 623
546 752
546 832
546 835
546 880
546 909
546 937
546 983
546 987
547 90
547 215
547 259
547 279
547 309
547 473
547 510
547 613
547 654
547 725
547 740
547 762
547 840
547 875
548 280
548 621
548 645
548 731
548 853
548 901
549 48
549 74
549 95
549 136
549 214
549 316
549 384
549 518
549 601
549 769
549 770
549 964
550 44
550 567
550 875
550 934
551 95
551 109
551 253
551 296
551 299
551 304
551 353
551 396
551 431
551 476
551 505
551 561
551 589
551 602
551 692
551 744
551 759
551 774
551 839
551 841
551 869
551 888
551 968
551 999
552 632
552 743
553 111
553 153
553 184
553 192
553 426
553 590
553 730
553 865
553 884
553 918
553 937
554 66
554 98
554 101
554 109
554 257
554 323
554 361
554 426
554 461
554 567
554 574
554 584
554 752
554 764
554 828
554 881
554 882
555 12
555 39
555 75
555 416
555 457
555 484
555 570
555 593
555 605
555 640
555 786
555 861
555 902
555 929
555 946
558 118
558 121
558 412
558 441
558 517
558 566
558 597
558 718
558 1011
559 33
559 851
561 352
561 401
561 797
562 28
562 117
562 159
562 424
562 604
562 881
562 1007
563 41
563 45
563 223
563 279
563 334
563 350
563 448
563 627
563 670
563 705
563 779
563 785
563 873
564 158
564 714
566 121
566 1011
568 1013
569 10
569 54
569 124
569 194
569 254
569 385
569 499
569 639
569 944
569 956
569 1014
570 160
570 739
572 127
572 509
572 1017
573 15
573 77
573 522
573 905
573 967
575 130
575 1020
576 34
576 37
576 39
576 94
576 100
576 143
576 144
576 215
576 299
576 366
576 404
576 484
576 524
576 531
576 539
576 598
576 712
576 730
576 744
576 825
576 849
576 881
576 927
576 929
576 984
577 359
577 460
577 573
578 508
578 592
578 671
579 412
580 281
580 352
580 365
580 439
580 491
580 544
580 698
580 737
580 797
581 199
581 391
581 568
581 644
581 770
581 843
581 866
581 954
581 972
583 258
583 500
583 703
584 591
584 853
585 584
587 337
587 342
587 671
587 840
588 269
588 310
589 250
589 801
589 844
591 517
592 18
592 37
592 52
592 70
592 230
592 253
592 326
592 329
592 433
592 444
592 470
592 508
592 517
592 578
592 608
592 636
592 675
592 716
592 851
592 908
592 927
592 933
592 942
593 656
594 411
595 150
595 360
595 584
595 805
597 14
597 17
597 71
597 77
597 85
597 106
597 149
597 162
597 165
597 421
597 516
597 522
597 530
597 558
597 656
597 715
597 723
597 907
597 961
597 962
597 967
597 975
599 124
599 159
599 311
599 317
599 438
599 569
599 604
599 875
599 883
599 1014
600 155
601 804
602 435
602 546
602 880
604 159
604 709
605 72
605 310
605 392
605 828
606 23
606 161
606 521
606 913
607 116
607 387
607 710
609 135
609 148
609 366
609 404
609 737
609 784
609 849
609 900
610 436
611 273
611 485
612 64
612 76
612 143
612 148
612 175
612 242
612 245
612 501
612 650
612 667
612 690
612 786
612 795
612 854
614 174
614 619
615 386
615 867
615 992
616 718
618 17
618 63
618 278
618 449
618 755
618 774
618 907
618 994
619 174
621 548
621 731
622 55
622 727
622 768
625 67
625 380
625 397
625 420
625 447
626 181
626 221
626 556
626 666
626 982
627 890
627 894
628 168
629 30
629 290
629 422
629 493
629 591
629 607
629 733
629 735
629 891
629 986
630 260
630 268
630 416
630 493
630 631
630 688
630 693
630 861
630 956
630 960
630 998
631 424
631 691
631 943
632 943
633 45
633 46
633 212
633 241
633 341
633 363
633 435
633 443
633 686
633 835
633 878
633 880
634 704
637 65
637 213
637 694
637 955
638 44
638 62
638 160
638 183
638 851
638 934
639 194
640 555
640 953
641 196
641 434
641 980
641 982
642 197
644 199
644 230
644 567
644 819
646 201
646 350
647 202
648 511
648 796
649 113
649 346
650 181
650 626
650 708
651 512
652 432
652 877
653 829
653 923
655 39
655 57
655 155
655 210
655 221
655 341
655 470
655 484
655 600
655 666
655 709
655 929
656 320
656 339
656 593
658 73
658 345
658 706
658 790
658 826
658 878
659 857
659 962
660 18
660 151
660 168
660 324
660 396
660 513
660 795
660 831
660 841
660 908
660 936
660 941
660 1012
661 406
664 228
664 426
664 611
664 914
664 992
665 220
666 221
666 373
666 531
666 824
667 355
667 643
667 800
667 873
667 969
668 450
668 458
669 772
670 101
671 578
673 360
673 805
674 405
675 206
677 232
677 842
678 233
680 235
681 224
681 373
681 628
682 237
682 774
682 858
683 430
685 155
685 553
685 600
686 198
686 241
688 58
690 245
690 310
690 685
692 476
693 455
695 603
695 667
696 222
696 316
696 673
696 853
696 954
697 252
700 300
700 341
700 507
700 882
703 258
704 634
704 767
705 43
706 980
707 262
707 717
708 178
709 274
709 543
709 719
710 387
717 925
719 21
719 56
719 274
719 466
719 857
719 911
721 276
721 812
722 535
723 884
727 308
727 420
727 422
727 476
727 689
727 714
727 753
727 779
729 284
730 404
730 524
730 576
730 849
732 287
733 447
733 503
734 31
734 921
735 290
735 404
735 793
735 849
736 197
736 291
736 642
738 293
738 567
740 65
740 195
740 264
740 461
740 547
740 955
741 206
741 371
741 873
742 367
743 1016
744 19
744 196
744 299
744 361
744 374
744 464
744 641
744 909
746 301
747 302
747 479
749 8
751 310
751 981
753 308
753 720
754 879
755 793
757 102
757 312
757 635
757 836
758 330
759 409
759 675
759 769
762 90
762 547
762 613
762 654
762 875
764 867
765 94
765 539
765 984
766 321
767 571
772 255
773 12
773 323
773 457
773 645
773 820
773 902
773 925
774 40
774 237
774 276
774 618
774 682
774 721
775 33
775 139
775 152
776 63
776 104
776 461
777 332
777 383
777 558
777 935
779 76
779 421
779 427
779 872
781 18
781 336
781 908
782 932
784 139
784 715
785 578
789 973
790 345
790 374
790 833
791 832
792 398
794 138
794 573
794 869
796 476
796 537
797 352
797 663
797 687
797 778
800 355
802 357
803 230
804 180
804 250
804 434
804 455
804 469
804 912
805 360
809 364
809 411
810 103
811 449
811 634
811 792
812 276
812 721
813 368
814 511
816 137
816 156
816 229
816 636
816 700
816 888
817 372
817 436
820 66
820 314
820 903
822 228
822 377
823 803
824 72
824 279
824 308
824 537
824 553
824 559
824 671
824 753
826 208
826 275
826 429
826 973
827 247
829 39
829 92
829 330
829 406
829 484
829 929
831 596
836 227
836 272
836 312
836 395
836 414
836 463
836 635
836 757
837 410
837 855
837 989
838 30
838 778
838 993
840 854
841 125
841 396
842 317
843 568
843 954
844 250
844 589
845 135
845 914
845 947
847 65
847 573
847 955
849 404
850 526
852 407
855 410
855 745
856 6
856 235
856 311
856 680
856 865
857 21
857 466
857 911
859 180
859 434
859 445
859 624
859 688
860 633
861 416
862 86
863 96
863 339
863 532
864 101
864 150
864 356
864 595
865 6
865 235
865 311
865 680
865 856
866 61
866 151
866 506
866 648
866 951
866 1013
870 425
871 761
872 427
872 454
873 200
873 206
873 371
873 741
875 617
876 3
876 389
876 406
877 217
877 280
877 388
877 432
877 532
877 652
877 829
878 173
880 435
882 786
883 438
884 590
884 865
885 726
886 573
887 75
887 201
887 238
887 442
887 646
887 648
887 948
888 421
888 816
889 413
889 687
889 724
891 141
891 241
891 586
891 608
891 621
891 686
894 67
894 87
894 239
894 249
894 340
894 403
894 469
894 492
894 574
894 669
895 78
895 147
895 226
895 253
895 273
895 306
895 413
895 488
895 831
895 838
895 847
895 853
895 1000
897 41
897 250
897 507
897 751
897 835
897 959
897 1006
898 217
898 362
898 614
898 711
898 831
898 858
898 879
898 917
899 109
899 112
899 195
899 215
899 230
899 249
899 257
899 343
899 361
899 430
899 586
899 640
899 727
899 810
899 893
899 953
899 954
902 12
902 457
903 41
903 66
903 204
903 245
903 314
903 363
903 405
903 425
903 480
903 507
903 558
903 633
903 681
903 690
903 793
903 820
903 859
903 870
903 952
904 788
904 875
905 15
905 614
907 17
907 220
907 528
907 665
907 765
908 18
908 197
908 411
908 642
909 19
909 464
910 20
910 128
910 465
911 21
911 466
913 23
913 713
915 13
915 25
915 66
915 78
915 129
915 144
915 316
915 405
915 636
915 661
915 679
915 726
915 885
915 971
916 10
916 217
916 408
916 508
916 537
916 565
916 585
916 723
916 776
916 785
917 157
917 193
917 246
917 344
917 734
917 832
918 497
919 5
919 29
919 128
919 203
919 227
919 309
919 354
919 413
919 420
919 474
919 696
919 711
919 745
919 940
919 945
919 958
920 179
920 239
920 414
921 31
921 771
922 111
922 140
922 235
922 236
922 264
922 373
922 461
922 680
922 740
922 864
922 948
922 969
922 1016
923 635
923 674
923 962
923 1006
924 56
925 242
925 287
925 364
925 424
925 643
925 645
925 653
925 717
925 724
925 732
925 773
925 809
925 810
925 920
925 1012
926 28
926 85
926 102
926 128
926 456
926 508
926 530
926 799
926 975
927 4
927 37
927 830
928 24
928 263
928 771
928 819
929 3
929 39
929 348
929 484
930 543
930 699
931 114
931 367
931 370
931 414
931 560
932 163
932 166
932 410
932 480
932 725
932 728
932 814
932 855
933 307
934 44
934 59
934 160
934 183
934 253
934 286
934 504
934 638
934 949
935 98
935 111
935 264
935 326
935 332
935 383
935 420
935 505
935 518
935 529
935 558
935 727
935 777
935 888
935 923
936 16
936 594
938 508
938 926
938 968
939 156
939 578
939 582
939 771
939 789
939 965
939 985
940 29
940 223
940 474
940 919
940 945
942 52
942 372
942 817
943 154
943 567
943 632
943 657
943 848
943 982
944 54
944 499
945 509
945 537
946 555
946 632
946 645
948 312
948 757
949 59
949 504
950 306
950 388
951 61
951 402
951 506
952 114
952 355
952 800
952 853
953 446
953 514
953 588
953 636
953 779
954 112
954 361
954 586
954 899
955 65
956 334
957 985
959 20
959 231
959 465
959 730
959 910
960 815
960 959
960 968
961 71
961 482
961 516
963 72
963 204
963 216
963 280
963 375
963 427
963 694
963 730
963 835
963 872
964 74
965 107
965 242
965 244
965 298
965 343
965 857
966 6
966 165
966 418
966 459
966 784
967 77
967 522
968 960
969 127
969 266
969 572
969 583
969 667
969 873
969 1017
970 80
970 525
970 823
971 99
971 271
971 332
971 374
971 415
971 424
971 519
971 536
971 587
971 696
971 777
972 128
972 243
972 869
974 84
974 348
974 980
975 85
975 530
975 717
976 43
976 47
976 157
976 240
976 349
976 365
976 390
976 411
976 470
976 485
976 550
976 612
976 706
976 723
976 762
976 768
976 775
976 811
976 818
977 27
977 207
977 326
977 429
977 440
977 602
977 847
977 1009
978 88
978 182
978 373
978 397
978 533
978 674
978 717
979 89
979 350
979 534
981 31
981 46
981 162
981 179
981 310
981 355
981 389
981 477
981 542
981 617
981 688
981 712
981 751
981 800
981 891
981 921
981 940
981 958
981 1004
983 34
983 93
983 538
983 692
984 94
984 330
984 406
984 539
984 829
985 189
985 275
985 298
985 437
985 957
985 1022
986 493
986 607
986 629
986 716
986 733
986 891
987 332
987 349
987 496
987 777
988 31
988 921
989 654
990 235
990 418
990 680
990 761
990 896
991 133
991 190
991 229
991 321
991 362
991 422
991 531
991 766
991 874
992 70
992 84
992 124
992 188
992 228
992 278
992 426
992 489
992 569
992 615
992 664
992 863
992 881
992 914
992 974
992 1014
992 1022
993 30
993 69
993 615
993 622
993 629
993 778
993 838
993 882
993 933
994 272
994 493
994 618
995 118
996 206
996 270
996 302
996 389
996 442
996 537
996 548
996 688
996 741
996 747
996 887
998 95
998 115
998 416
998 425
998 482
998 567
998 630
998 861
998 870
999 86
999 187
999 281
999 297
999 329
999 354
999 383
999 405
999 408
999 426
999 449
999 553
999 621
999 634
999 704
999 814
999 874
999 896
999 917
999 995
1000 86
1000 94
1000 123
1000 225
1000 226
1000 273
1000 292
1000 326
1000 433
1000 439
1000 445
1000 539
1000 617
1000 785
1000 788
1000 811
1000 831
1000 895
1000 915
1000 984
1001 634
1002 628
1003 0
1003 375
1003 501
1004 49
1004 228
1004 400
1004 590
1004 658
1004 803
1004 823
1004 959
1005 957
1007 28
1007 117
1007 159
1007 424
1007 562
1007 604
1007 881
1008 56
1008 122
1008 130
1008 237
1008 268
1008 451
1008 469
1008 481
1008 529
1008 575
1008 682
1008 748
1008 776
1008 1018
1008 1020
1009 39
1009 484
1009 675
1009 776
1009 929
1010 542
1011 121
1011 566
1013 80
1013 298
1013 525
1013 970
1013 1015
1014 10
1014 54
1014 124
1014 194
1014 254
1014 385
1014 499
1014 569
1014 639
1014 944
1014 956
1016 451
1017 127
1017 509
1017 572
1018 146
1019 624
1020 130
1020 575
1021 318
1021 441
1021 622
1021 756
1021 761
1021 769
1021 833
1022 84
1022 278
1022 295
1022 396
1022 489
1022 841
1022 974
1022 992
1023 118
