512 723
0 75
0 95
0 217
0 228
0 250
1 177
1 207
1 328
1 482
2 24
2 33
2 179
2 223
2 250
2 296
3 189
4 6
4 44
4 125
4 346
5 147
5 154
5 226
5 306
6 138
7 191
7 229
7 347
8 121
8 133
9 225
9 336
9 361
9 419
12 32
12 457
13 245
13 314
13 371
13 405
13 425
13 480
13 507
17 53
17 220
17 399
17 408
17 415
17 450
18 197
18 411
19 144
19 464
20 128
20 465
21 466
24 426
25 7
25 8
25 77
25 165
25 174
25 192
25 275
25 286
25 309
25 340
25 343
25 345
25 357
25 360
25 386
25 433
25 437
25 451
26 40
26 79
26 234
26 333
26 508
27 197
27 291
28 53
28 497
29 68
29 86
29 101
29 128
29 333
29 354
29 420
29 474
30 40
30 228
30 334
30 399
31 238
32 142
33 72
33 231
35 11
35 76
35 278
37 371
39 3
39 484
40 30
40 399
41 8
41 11
41 42
41 94
41 119
42 150
42 159
42 188
42 417
43 92
43 114
43 196
43 214
43 287
43 359
43 383
44 59
44 183
44 286
44 504
45 221
45 293
46 331
47 111
48 81
48 130
48 249
48 307
48 316
48 325
48 408
49 10
49 55
49 171
49 354
49 381
50 52
50 103
50 219
50 237
50 251
52 372
54 499
56 330
56 371
56 462
57 119
59 504
60 232
60 284
60 408
61 506
63 253
63 382
63 383
63 412
68 109
69 20
69 465
70 69
71 482
73 216
73 427
75 107
75 244
75 298
75 394
75 408
76 478
78 47
78 70
78 226
78 282
78 331
78 368
78 369
79 423
81 48
81 66
81 82
81 130
81 411
81 487
82 388
86 29
86 474
87 138
87 147
87 362
88 182
88 373
88 450
90 415
91 31
91 45
91 68
91 97
91 109
91 162
91 223
91 234
91 260
91 310
91 355
91 389
94 330
94 406
95 222
95 351
96 285
97 34
97 68
97 91
97 162
97 168
98 406
98 481
99 84
99 238
100 510
102 76
102 85
102 128
102 173
102 248
102 273
102 312
102 364
103 8
103 87
103 254
103 292
103 301
103 445
104 373
104 430
105 118
106 246
106 285
106 468
107 405
108 166
108 210
108 248
108 365
108 413
108 424
109 31
109 68
109 163
109 187
109 188
109 231
109 427
109 436
109 511
110 55
110 122
110 224
110 362
110 454
113 55
113 74
113 333
113 379
113 404
113 449
113 453
115 425
117 159
117 424
118 105
123 80
123 298
124 54
124 66
124 194
124 254
124 292
124 499
127 363
128 19
128 464
131 137
131 147
131 184
131 206
131 263
131 324
131 353
131 377
132 6
132 43
132 46
132 220
132 316
132 329
133 118
134 342
135 17
135 44
135 191
135 393
135 458
136 66
136 115
136 119
136 250
136 258
136 418
136 459
136 500
137 205
137 282
138 6
139 165
140 248
141 448
142 230
142 490
143 139
143 395
144 19
144 69
144 141
144 155
144 181
144 184
144 188
144 253
144 337
144 379
144 460
144 464
144 491
145 185
147 5
147 87
147 351
148 174
148 360
150 360
152 28
152 189
152 192
152 222
152 246
152 351
152 370
152 478
153 326
154 122
154 150
154 180
157 190
157 235
157 440
160 120
160 203
160 216
160 234
160 296
160 452
161 23
162 68
162 91
162 97
162 279
163 409
164 323
164 505
166 163
166 198
166 459
167 161
169 463
170 112
170 287
170 421
173 70
173 178
173 320
173 424
173 439
175 362
176 90
176 119
176 149
176 249
176 485
178 404
179 208
179 225
179 321
181 92
181 221
184 482
185 15
185 145
185 355
185 384
186 165
186 302
186 369
188 69
188 109
188 144
188 155
188 163
188 178
188 184
188 231
188 296
188 328
193 107
193 277
193 373
195 245
196 92
196 434
197 119
203 154
203 160
203 195
203 233
203 234
203 257
203 407
203 454
203 470
205 12
205 254
205 457
209 53
210 39
210 57
210 155
210 221
210 341
210 418
210 470
210 484
213 20
213 126
213 235
213 465
214 451
215 55
215 93
215 133
215 176
215 342
215 508
216 73
218 416
220 204
221 373
222 400
226 224
226 265
228 432
231 54
231 499
231 511
236 190
238 31
239 414
240 198
240 444
241 153
245 310
247 405
264 77
264 476
265 224
265 226
265 286
269 149
269 349
270 89
270 375
273 408
274 21
274 304
274 339
274 466
279 121
280 207
281 279
282 137
283 439
285 291
288 342
290 404
291 27
291 197
295 55
295 459
296 138
299 19
299 196
299 464
300 116
304 400
305 47
306 65
307 494
308 342
309 255
311 235
312 102
313 114
313 414
314 227
319 57
319 202
319 234
319 422
319 428
321 180
324 298
325 245
325 339
326 333
328 347
330 30
331 192
331 373
333 194
336 18
337 475
338 185
340 187
340 494
345 339
347 7
349 149
349 269
351 95
351 222
351 300
352 285
362 361
363 430
364 411
369 447
378 181
382 183
384 185
384 355
386 511
388 121
393 117
402 227
402 237
405 247
412 142
412 166
412 262
412 335
417 339
419 369
422 94
422 170
422 354
424 108
426 187
427 109
431 299
432 228
432 325
432 387
433 25
434 34
435 86
436 433
442 201
442 401
444 189
446 221
447 369
447 413
447 507
449 201
449 483
450 17
450 88
450 89
450 220
450 332
450 349
450 373
450 388
450 496
451 171
451 196
452 86
452 204
452 354
453 473
454 299
454 503
457 12
457 32
458 26
458 64
458 135
458 186
458 191
458 271
458 272
458 278
458 369
460 91
461 378
464 19
464 144
465 20
465 128
466 21
467 207
470 39
470 54
470 210
470 484
470 499
471 52
471 104
471 193
471 258
471 280
471 286
471 324
471 335
471 337
471 387
471 401
471 438
471 478
472 18
472 197
472 228
472 409
472 411
472 426
472 429
474 29
474 68
474 86
474 101
474 128
474 333
474 354
474 420
475 256
475 437
478 471
480 231
480 357
480 411
480 417
483 372
484 3
484 39
486 233
486 426
486 432
487 38
487 100
487 115
487 150
487 169
487 213
487 242
487 414
487 437
487 492
488 118
488 254
488 290
488 294
488 318
488 413
488 445
488 497
490 75
490 142
490 235
490 260
490 321
490 364
490 442
491 58
491 343
491 410
491 423
494 181
494 467
495 15
495 81
495 153
495 201
495 399
498 120
498 247
499 54
500 212
500 317
501 88
504 59
505 127
506 61
507 389
508 349
508 444
