256 299
0 32
0 54
0 129
0 141
0 150
1 7
1 160
1 167
1 212
1 249
2 65
2 77
2 139
2 174
2 208
2 231
2 239
2 246
3 164
4 65
4 78
5 173
7 6
8 15
9 13
9 100
9 146
9 234
12 3
12 100
12 179
12 200
12 208
13 9
13 11
13 32
13 54
13 100
13 144
13 196
14 239
16 53
16 137
16 174
16 253
18 197
19 116
19 185
20 113
20 251
22 235
26 48
26 209
26 239
29 46
32 0
34 219
35 6
35 52
35 55
35 70
35 123
35 215
37 101
37 245
38 88
39 54
39 253
46 29
46 254
48 156
49 146
50 56
50 111
50 165
50 234
50 237
53 132
53 171
53 190
54 39
54 253
57 41
57 165
59 153
59 155
60 129
60 149
60 248
61 32
61 39
62 155
63 36
63 116
63 223
64 8
64 70
64 218
64 222
66 130
67 240
68 73
68 189
68 231
68 233
69 6
70 183
72 18
72 90
72 141
72 199
76 23
76 207
76 247
79 103
80 213
80 228
83 55
84 204
84 248
88 38
88 204
90 72
90 77
90 105
90 181
90 199
90 228
90 254
93 47
93 85
93 100
93 150
93 156
93 160
94 40
95 79
95 114
95 129
96 47
96 85
99 31
102 27
102 136
106 98
106 115
106 173
107 91
107 144
108 44
108 78
108 121
108 140
109 42
109 244
112 103
113 1
113 140
113 207
114 95
114 139
115 86
118 106
118 252
120 181
120 211
120 233
122 222
124 220
124 245
126 42
126 166
126 216
129 0
130 66
131 5
131 231
132 73
133 65
133 230
133 247
136 102
137 16
138 148
138 190
141 57
143 40
143 232
144 95
144 99
144 187
146 9
146 49
147 60
148 136
150 20
150 85
150 196
152 37
152 39
152 73
152 75
152 180
152 186
152 205
154 164
154 242
157 153
158 166
158 230
159 189
162 148
164 3
164 154
164 242
167 19
167 134
169 184
170 168
172 36
173 58
176 20
176 93
180 152
182 93
185 19
185 92
185 116
185 221
185 252
186 38
186 125
186 177
187 99
187 153
190 164
191 232
195 71
195 83
195 228
196 38
199 203
202 204
206 59
206 180
206 192
206 221
209 250
211 118
211 205
216 55
217 160
220 18
220 197
221 21
221 58
221 149
221 185
221 206
221 252
223 63
225 233
226 40
228 30
228 232
228 250
229 160
231 68
231 131
232 191
234 224
237 50
239 2
239 130
239 194
240 7
240 59
240 213
241 157
244 36
244 101
244 109
244 203
244 233
245 34
245 56
245 124
246 2
246 65
246 231
246 254
248 7
248 60
248 63
248 84
248 129
248 160
250 84
255 165
