512 801
0 316
0 454
1 194
1 359
1 445
2 151
2 169
2 172
2 284
2 321
4 126
4 217
4 326
4 479
5 144
5 416
6 96
6 271
7 140
7 378
7 456
7 468
7 496
9 234
9 327
10 103
12 457
13 36
13 53
13 167
13 211
13 382
13 397
13 477
13 488
15 112
15 169
15 207
17 220
18 197
18 411
19 464
20 128
20 465
21 466
22 70
22 451
25 14
25 45
25 77
25 174
25 215
25 275
25 283
25 344
25 345
25 357
25 360
25 403
25 433
25 437
27 144
27 312
27 421
29 128
29 450
29 474
30 132
30 207
30 275
30 279
30 296
30 348
30 374
30 428
32 61
32 66
32 116
32 244
32 411
32 506
34 148
34 350
35 151
35 161
35 163
35 254
35 315
35 501
38 43
38 76
38 140
38 214
38 226
38 356
38 370
39 348
39 484
41 42
41 76
41 152
41 325
41 332
41 336
41 393
41 408
41 455
41 501
42 83
42 150
42 159
42 206
42 303
42 417
43 22
43 118
43 180
43 221
44 59
44 504
45 160
45 218
45 220
45 272
45 317
45 341
45 344
45 392
45 403
45 453
46 35
46 60
46 283
46 290
46 370
48 123
48 130
48 271
48 492
49 184
49 387
51 92
52 372
53 202
53 284
53 355
54 499
56 180
56 386
58 67
58 101
58 264
59 504
60 232
60 284
61 506
62 178
64 47
66 326
66 329
70 22
70 163
70 433
71 64
71 482
73 61
73 80
73 169
73 222
73 506
78 81
78 186
78 196
78 229
78 365
78 388
78 493
79 35
79 94
79 97
79 121
79 195
79 358
81 57
81 78
81 176
81 200
81 202
81 234
81 243
81 338
81 384
81 396
81 409
81 424
84 348
85 160
86 10
86 142
86 147
86 179
86 269
86 287
86 311
86 351
86 390
86 415
86 436
86 462
86 495
86 496
87 18
87 233
87 352
88 182
88 229
88 373
90 455
91 24
91 171
91 283
91 371
91 417
91 500
91 502
93 247
94 40
94 406
95 246
95 294
95 368
96 6
96 23
96 123
96 266
96 271
96 284
96 350
96 412
96 415
96 432
96 454
96 494
97 345
98 381
100 510
101 4
101 19
101 58
101 93
101 107
101 315
101 435
101 464
101 492
101 502
102 85
102 128
102 234
102 312
102 364
102 441
103 123
103 217
103 306
103 507
105 22
105 54
105 114
105 156
105 435
105 499
107 423
108 60
108 289
108 307
108 426
108 436
108 475
109 16
109 69
109 87
109 104
109 257
109 283
109 383
110 68
110 148
110 163
110 242
110 263
110 312
110 320
110 339
110 490
111 55
111 207
111 219
111 263
111 412
111 459
111 482
111 497
113 121
113 152
116 352
117 159
117 362
117 473
118 43
118 82
118 180
118 224
118 340
118 346
118 423
118 490
119 402
119 439
123 2
123 112
124 10
124 54
124 194
124 254
124 499
124 511
128 19
128 192
128 464
131 337
131 407
132 27
132 30
132 72
132 248
132 337
132 415
133 40
133 226
135 5
135 256
135 299
135 367
135 386
135 404
136 95
136 123
136 199
136 266
136 325
136 398
136 421
138 211
142 174
142 399
142 416
143 64
144 94
144 244
144 299
147 351
148 110
150 360
151 385
152 14
152 17
152 41
152 71
152 77
152 82
152 85
152 113
152 149
152 162
152 278
152 408
154 52
154 103
154 104
154 112
154 270
154 403
158 28
158 248
158 485
160 4
160 35
160 63
160 85
160 199
160 341
160 379
160 453
160 498
161 23
162 70
162 131
162 272
162 362
163 234
163 409
163 423
164 15
164 65
164 114
164 263
164 266
164 281
164 314
164 411
166 273
167 13
167 36
167 77
167 178
167 291
167 477
169 174
170 413
173 90
173 172
173 205
173 223
173 224
173 251
173 349
173 363
173 375
173 442
173 455
173 476
173 502
176 242
178 62
178 285
179 28
181 221
184 49
185 311
185 426
186 246
188 83
188 185
188 212
188 241
188 341
188 413
188 435
188 490
188 503
190 319
193 209
193 233
195 245
195 273
196 434
198 242
201 35
201 509
203 59
203 155
203 163
203 504
204 342
205 300
205 497
208 420
208 478
210 39
210 57
210 155
210 179
210 221
210 341
210 344
210 470
210 484
211 397
214 199
215 189
215 213
215 400
215 438
218 416
218 473
219 312
219 373
220 297
221 75
221 373
222 68
222 226
225 340
225 393
226 40
226 133
228 360
229 405
229 426
231 20
231 249
231 344
231 361
231 397
231 465
232 361
237 171
240 444
241 129
242 272
243 81
243 338
243 384
245 310
247 476
248 158
250 226
251 28
251 165
251 496
256 225
256 336
256 371
256 497
260 82
260 85
260 463
264 77
264 292
264 476
266 96
267 273
268 309
268 495
269 149
269 349
269 350
270 89
270 362
273 384
274 21
274 412
274 466
274 501
283 240
283 390
285 59
285 504
288 140
288 209
288 362
288 419
288 424
290 404
291 197
295 193
295 274
297 220
297 290
299 19
299 196
299 227
299 374
299 464
301 63
302 34
304 238
305 207
305 312
305 427
307 450
309 338
310 75
311 235
311 451
312 102
312 110
313 165
314 230
314 324
314 409
317 168
317 430
322 126
325 6
326 148
328 347
329 66
330 139
331 373
331 485
332 113
334 396
336 18
340 133
345 374
347 68
349 149
349 269
349 350
351 222
351 300
352 242
352 333
353 273
359 420
362 288
364 411
369 141
369 276
369 289
371 256
371 309
371 503
374 30
378 171
378 181
381 275
383 272
384 40
384 211
384 497
385 127
391 334
392 410
395 128
395 495
398 123
399 250
401 169
401 282
401 492
402 119
402 280
402 384
402 439
403 154
412 21
412 111
412 466
414 8
414 243
414 434
414 445
415 188
417 306
418 455
421 61
421 151
421 408
421 506
422 94
430 458
431 406
432 96
432 213
432 388
432 394
433 25
433 343
434 126
434 190
434 479
435 75
436 108
438 179
442 201
442 238
444 392
444 401
444 436
446 181
447 67
447 70
447 182
448 253
448 284
449 100
449 126
449 130
449 133
449 169
449 175
449 202
449 246
449 261
449 377
449 390
450 307
452 64
452 310
452 434
452 458
452 475
453 424
454 377
457 12
458 48
458 136
458 137
458 185
458 286
458 300
458 367
458 430
458 454
459 55
459 111
459 482
464 19
465 20
465 128
466 21
470 28
470 38
470 39
470 54
470 165
470 210
470 344
470 366
470 473
470 484
470 499
471 378
472 73
472 165
472 495
473 218
474 29
474 128
474 450
475 50
475 106
475 108
475 477
477 13
477 36
477 167
478 229
480 115
482 292
483 149
484 39
484 348
485 174
486 14
486 98
486 138
486 330
486 353
486 362
487 47
487 56
487 72
487 100
487 150
487 157
487 437
487 483
488 318
490 44
490 110
490 118
490 188
490 201
490 241
490 242
490 324
490 352
490 477
491 166
491 194
491 267
491 302
491 309
491 355
491 480
491 507
493 5
493 305
493 400
493 424
494 120
494 133
497 205
498 145
499 54
500 212
500 354
501 74
501 272
501 274
501 337
504 59
505 127
505 211
506 61
507 248
509 287
