512 699
1 187
2 148
2 276
2 372
2 431
3 183
3 284
4 369
5 13
5 142
5 366
5 389
5 403
5 413
5 431
6 292
6 327
7 234
7 296
7 323
7 392
8 13
8 28
8 35
8 176
8 202
8 204
8 239
8 348
12 457
13 5
13 9
13 61
13 236
13 333
13 334
13 366
13 480
13 506
14 11
14 49
14 198
15 362
19 464
20 465
21 466
24 375
25 112
25 235
25 249
25 259
25 318
25 397
25 440
26 266
26 276
26 304
27 508
28 388
29 95
29 101
29 251
29 266
29 358
29 420
29 474
30 27
30 211
30 214
30 223
30 256
30 333
32 41
32 160
32 389
32 449
32 489
34 350
35 8
35 254
35 304
38 52
38 83
38 125
38 150
38 355
38 392
38 406
39 323
39 448
39 484
40 251
40 454
41 140
41 310
42 253
43 418
43 431
45 201
45 204
45 241
45 242
45 352
45 405
45 487
45 489
45 500
46 63
46 139
46 322
46 421
48 76
48 257
48 277
49 14
49 106
49 174
50 89
50 113
50 362
50 386
50 500
53 137
53 383
54 499
56 141
57 400
59 504
60 86
60 133
60 147
60 207
60 314
60 408
61 506
63 167
64 398
70 6
70 118
70 121
70 237
70 331
71 37
73 145
73 477
74 337
78 3
78 90
78 124
78 154
78 193
78 208
78 310
78 437
80 78
80 378
81 75
81 214
81 220
81 411
81 454
85 272
86 60
86 133
86 147
86 196
86 211
86 297
86 314
86 363
86 408
86 448
86 490
87 71
87 117
87 330
88 272
88 328
88 480
89 132
91 24
91 288
92 10
95 29
95 474
96 249
96 309
98 124
98 140
98 221
98 405
98 460
98 468
98 481
102 12
102 24
102 76
102 186
102 439
102 450
102 457
103 0
103 124
103 309
103 335
104 222
105 489
106 119
108 252
108 344
109 468
110 28
110 119
110 151
110 305
110 359
110 360
110 377
110 388
114 145
114 213
114 296
114 378
115 81
115 454
117 159
117 436
118 6
118 25
118 70
118 84
118 98
118 103
118 104
118 130
118 237
118 331
118 455
118 509
123 148
123 392
124 54
124 194
124 238
124 499
124 500
124 511
125 62
125 67
128 362
131 114
131 135
131 179
131 195
131 215
131 321
131 386
131 395
131 405
131 423
131 449
131 475
131 479
132 21
132 89
132 107
132 182
132 240
132 245
132 397
132 430
132 466
133 60
133 86
133 147
135 244
135 388
135 507
136 357
136 367
139 146
141 56
144 174
146 421
147 60
147 86
147 133
147 134
147 163
147 191
147 314
147 348
147 408
147 463
147 482
147 497
150 139
150 360
152 31
152 111
152 145
152 171
152 232
152 300
152 331
152 341
154 78
158 356
159 264
160 10
160 32
160 95
160 383
161 76
161 468
163 314
164 3
164 27
164 36
164 57
164 165
164 204
164 206
164 219
165 256
166 65
166 370
166 449
167 63
167 460
168 386
168 450
173 126
173 351
173 381
173 406
177 282
179 138
181 221
184 81
184 128
184 236
184 412
185 15
185 92
185 129
185 137
186 115
187 1
188 59
188 254
188 298
188 355
188 399
188 504
193 125
193 303
194 143
196 90
196 209
201 112
201 128
203 66
203 351
204 151
205 339
206 67
207 432
210 39
210 155
210 221
210 264
210 484
210 502
211 86
211 115
211 434
213 189
213 345
213 433
214 75
214 81
214 220
214 275
214 304
215 51
215 68
215 265
215 350
215 380
215 386
215 396
215 463
217 119
219 143
221 22
221 374
223 390
223 402
224 112
224 327
228 360
231 198
232 397
234 6
236 304
237 57
237 413
240 155
240 246
241 392
243 281
245 107
245 132
245 240
251 40
251 228
251 454
254 35
255 328
258 423
259 25
259 142
259 390
262 272
264 274
266 230
270 205
270 381
273 69
274 21
274 128
274 412
274 466
282 31
282 269
282 308
282 493
285 404
289 66
289 285
289 361
290 404
291 197
292 418
293 310
295 393
298 388
299 19
299 196
299 464
302 34
305 395
305 452
306 178
306 366
306 473
308 275
309 434
311 244
312 348
314 163
317 254
317 303
319 422
328 179
331 16
331 208
331 508
333 30
333 214
333 223
336 463
340 133
346 387
349 276
351 31
351 92
352 242
352 333
352 424
355 243
355 423
356 158
356 389
357 311
359 401
362 30
365 54
365 499
367 136
371 482
372 304
375 458
379 333
381 398
386 151
386 273
392 425
398 123
398 189
400 57
402 38
402 223
402 390
402 510
412 21
412 466
414 441
419 509
420 148
420 173
421 146
423 307
424 333
424 352
424 416
426 168
426 456
430 298
432 207
432 389
436 72
436 156
436 428
438 367
438 421
439 145
440 281
442 201
442 203
444 242
444 279
445 100
446 294
447 84
447 222
447 235
447 296
447 386
447 461
447 502
448 66
449 32
449 41
449 122
449 166
449 169
449 451
449 480
449 489
450 168
450 386
450 402
450 420
452 228
453 174
453 207
453 220
453 250
453 329
453 360
454 40
454 195
454 251
454 355
454 393
457 12
458 169
458 236
458 245
458 375
458 384
458 425
459 71
459 346
460 98
461 403
462 220
463 197
464 19
465 20
466 21
470 2
470 77
470 84
470 252
470 266
470 326
470 382
470 400
470 452
471 92
471 331
471 340
471 341
471 485
472 94
472 129
472 180
472 374
472 429
473 52
473 223
474 29
474 95
474 101
474 251
474 266
474 358
474 420
475 131
475 329
475 414
475 485
477 50
477 73
477 109
477 252
477 488
478 116
480 23
480 37
480 88
480 230
480 294
480 307
480 328
480 460
481 334
481 347
481 403
482 385
483 133
483 403
484 39
484 323
484 448
485 414
485 475
486 17
486 211
486 293
486 297
486 461
486 494
486 511
487 120
487 195
487 216
487 393
487 394
487 395
488 7
488 118
488 196
488 219
488 287
488 347
488 378
488 428
488 477
489 59
489 504
490 162
490 223
490 269
490 354
490 467
490 479
490 496
491 37
491 259
491 341
491 425
493 71
493 282
493 289
495 129
495 130
495 292
495 334
495 446
497 372
498 47
498 243
498 345
498 375
498 433
499 54
500 57
501 285
504 59
505 232
505 268
505 284
506 61
508 320
508 441
