2048 1019
8 1774
11 270
12 1111
14 1781
18 1377
18 1536
19 1623
20 1688
22 643
27 1531
28 1159
30 1287
30 1801
32 219
32 1774
39 1410
39 1507
43 1218
45 178
47 1360
47 1959
48 1387
50 746
57 1341
58 1774
59 1504
60 1129
63 985
64 1321
67 603
70 222
73 773
73 2026
80 2028
82 850
85 566
92 1602
93 1317
96 1175
98 817
98 904
99 705
101 182
103 2017
107 1999
109 1778
111 1983
113 993
126 63
134 1235
135 854
140 212
143 1219
143 1884
145 802
146 1282
146 1756
146 1798
147 777
147 1365
147 1512
148 996
149 1690
149 1756
150 773
154 1011
155 1234
156 776
157 724
157 1085
161 1648
163 572
168 694
169 198
171 562
171 894
172 451
173 1281
174 389
174 1449
176 1854
177 885
178 365
178 1283
185 864
189 1666
191 1219
191 1884
192 1259
196 1012
197 282
198 1907
203 476
203 1280
207 1071
209 377
209 731
210 1594
211 2027
212 1285
215 267
215 493
215 1510
216 1803
217 1516
217 1745
217 1908
218 479
219 1774
220 768
220 918
220 1001
227 857
233 1460
237 770
239 1458
242 1364
248 437
249 1003
251 490
254 888
255 491
256 260
256 479
256 892
258 872
258 1499
260 256
260 479
262 215
262 1510
264 477
265 762
265 1981
266 267
267 215
267 266
267 493
269 1218
271 1239
274 1880
275 970
278 457
281 1884
282 197
286 1527
287 1101
291 1385
295 314
304 724
307 778
310 235
312 618
312 1053
315 1242
315 1982
317 997
320 21
327 535
327 855
327 1572
328 351
334 1481
336 1988
337 225
339 362
339 680
340 2025
342 1986
343 1999
345 1802
346 1795
348 1493
353 1775
354 456
356 1734
357 1457
358 197
362 339
362 680
364 1789
365 178
365 1283
368 986
370 1413
372 1075
376 2017
377 209
377 731
379 713
379 1405
382 973
383 449
385 1794
385 2002
387 642
387 1869
388 1596
389 747
392 855
394 1291
401 617
402 1391
402 1485
403 1644
407 2008
409 1439
414 940
416 588
417 736
417 884
423 621
425 407
429 954
436 1698
438 216
438 501
440 2026
443 1530
444 1570
446 1964
447 1623
449 383
451 172
454 2021
457 278
459 723
459 1677
461 150
461 773
462 473
472 385
472 2002
473 462
474 503
474 670
474 1289
475 688
475 1081
476 493
476 1280
477 264
479 256
479 260
479 1220
480 1515
481 1389
486 1005
491 1511
493 215
493 267
494 1801
494 2011
495 2012
497 874
499 1240
501 216
501 438
503 474
503 670
503 1289
504 1131
504 1221
508 1779
510 1021
510 1532
510 2043
516 2026
517 792
524 1881
525 199
532 525
533 1289
535 327
535 1572
539 1412
540 1791
541 1129
543 1780
553 514
557 857
562 171
562 894
564 1271
567 1819
571 621
572 1217
575 1492
577 538
578 1168
578 1524
582 1807
590 1887
591 1800
601 269
606 1470
610 214
611 1281
613 573
614 191
614 1219
617 401
618 1053
619 507
620 150
622 256
633 681
641 1476
641 1852
642 387
642 1869
646 1868
650 665
655 174
655 389
655 1449
657 1974
660 1364
661 213
662 1168
663 678
664 213
670 474
670 503
670 1289
676 491
676 979
676 1878
678 663
680 339
680 362
682 336
682 1988
683 1513
686 271
688 475
688 1081
694 401
695 710
698 1783
700 1166
702 2024
708 1160
708 1903
710 2009
711 411
713 379
714 1875
717 926
721 1643
724 304
724 2007
725 1948
729 1755
730 268
730 1875
731 209
731 377
731 923
732 2009
734 1293
735 2001
736 417
736 884
737 426
738 1560
742 980
747 389
751 893
752 1651
753 726
757 753
761 1476
762 265
762 1981
767 1804
768 220
768 1001
769 1290
771 989
771 1729
772 1238
773 73
773 150
773 2026
775 988
775 990
777 889
777 1512
778 1012
779 2008
783 1320
790 769
791 649
795 1097
796 109
796 1778
801 854
802 145
805 1591
817 904
819 1580
822 1093
826 1455
828 1750
829 709
832 690
835 1461
837 934
849 1485
855 1572
856 1415
857 227
858 781
859 973
862 1691
866 387
866 1869
867 1689
872 258
873 949
873 1525
874 1500
874 2041
885 177
886 1514
888 1229
889 777
890 1998
892 256
892 260
893 751
896 2040
898 1207
900 1895
902 1496
903 1907
909 1402
911 1546
912 732
912 2019
914 260
915 1815
918 220
918 768
918 1250
919 859
919 973
923 731
926 717
932 1349
938 502
940 414
943 752
943 1651
944 856
944 1415
948 1396
949 873
949 1525
950 1968
954 429
955 740
956 1172
957 906
959 871
964 1279
967 1241
969 1876
970 275
973 382
973 859
974 1797
979 491
979 676
979 1878
981 992
985 1517
986 368
986 1531
986 2028
988 775
988 990
989 771
990 1501
991 896
991 2040
996 148
997 723
1000 1393
1003 249
1003 777
1003 1752
1004 1113
1005 1517
1005 2012
1006 1746
1010 2014
1011 154
1012 778
1015 1381
1016 879
1019 980
1019 1077
1020 774
1021 510
1021 1532
1021 2043
1023 878
1027 1752
1029 489
1032 616
1035 210
1038 1922
1041 605
1042 1827
1044 259
1045 159
1046 1036
1049 1729
1053 618
1056 1264
1056 1500
1062 1971
1063 132
1068 1399
1070 794
1071 207
1072 748
1073 1004
1075 372
1077 980
1077 1019
1079 2007
1081 475
1081 688
1084 1830
1085 157
1085 724
1086 380
1089 1300
1093 822
1096 1208
1097 795
1100 773
1102 1506
1103 390
1105 1497
1105 1498
1109 270
1111 1477
1113 1004
1114 1860
1115 690
1120 1540
1122 1588
1129 60
1130 1407
1131 504
1131 1221
1132 1510
1132 1898
1134 569
1136 754
1137 1921
1140 105
1145 726
1146 1755
1147 1908
1149 734
1150 758
1151 1083
1152 1167
1154 1513
1157 1992
1160 708
1160 1903
1163 1748
1164 1509
1164 1580
1167 1152
1168 1519
1169 1497
1169 1498
1170 1292
1172 956
1172 1775
1172 1909
1175 1185
1176 490
1185 1175
1194 499
1199 2023
1200 242
1200 1364
1206 1817
1207 898
1210 1245
1213 377
1213 731
1215 224
1217 572
1218 269
1219 143
1219 191
1219 1884
1220 479
1221 1490
1222 1587
1223 393
1226 1928
1227 2026
1229 888
1230 1495
1232 1479
1234 221
1234 1876
1237 1688
1238 772
1239 271
1240 499
1242 315
1242 1407
1242 1889
1242 1982
1244 1899
1248 1236
1250 918
1251 1276
1254 756
1264 1500
1265 507
1267 1132
1267 1510
1267 1898
1268 558
1270 1636
1271 1962
1276 1251
1278 1288
1280 476
1282 146
1282 1756
1282 1798
1282 2027
1283 365
1287 30
1287 1801
1289 474
1289 503
1289 670
1289 1743
1290 2011
1291 1289
1294 1831
1298 347
1305 467
1309 1490
1311 955
1315 1239
1318 1278
1319 1359
1322 1467
1324 1061
1326 1137
1327 1099
1328 215
1328 493
1328 1510
1332 490
1333 985
1336 1795
1340 495
1340 2012
1348 1703
1354 2
1356 25
1357 894
1360 47
1361 1402
1364 242
1364 660
1365 147
1365 777
1365 1512
1377 1536
1381 1015
1384 365
1386 1410
1388 779
1390 1905
1391 1485
1393 1000
1395 1511
1396 948
1398 722
1399 1068
1402 909
1405 379
1407 1242
1407 1889
1410 1386
1412 1900
1414 379
1414 1405
1415 856
1415 944
1416 887
1421 1513
1424 1421
1426 1910
1431 1304
1435 1019
1435 1077
1438 769
1439 409
1440 781
1444 183
1446 389
1446 747
1449 174
1449 389
1469 1271
1469 1962
1470 606
1473 2016
1476 641
1476 1516
1476 1852
1479 1232
1485 849
1485 1391
1487 77
1488 1515
1488 1792
1490 1221
1492 1007
1493 348
1494 1790
1496 1006
1497 1498
1498 1169
1498 1497
1500 1264
1501 990
1504 876
1505 1743
1507 1410
1509 1580
1510 215
1510 262
1510 493
1511 1395
1512 147
1512 777
1512 1365
1513 494
1514 886
1515 1488
1515 1792
1516 217
1516 1908
1517 1005
1519 1168
1524 1168
1525 873
1525 949
1526 1902
1527 1002
1530 443
1531 27
1531 986
1531 2028
1532 510
1532 1021
1532 2043
1533 1652
1536 1368
1544 459
1544 1677
1557 1048
1561 1819
1562 148
1564 899
1572 855
1574 1472
1578 353
1578 1775
1579 1281
1580 1509
1588 1712
1589 433
1590 1704
1594 210
1595 872
1596 388
1597 672
1599 1762
1600 1044
1602 92
1604 1692
1604 1793
1607 1293
1613 912
1613 2019
1616 1628
1624 370
1624 1413
1626 1481
1628 1616
1630 369
1632 1540
1633 1717
1634 52
1635 1882
1636 1270
1642 1674
1643 721
1644 403
1645 1273
1645 1989
1647 1220
1648 449
1651 752
1652 1400
1653 1257
1659 1439
1660 639
1662 889
1664 1287
1669 467
1669 1305
1671 2035
1672 1997
1674 1642
1677 459
1678 2001
1682 1881
1687 147
1687 1882
1688 1237
1690 149
1690 1282
1690 1756
1691 862
1692 1793
1695 682
1695 1988
1704 222
1704 1590
1707 1909
1708 475
1712 1588
1713 380
1714 1365
1716 1253
1719 1897
1722 438
1729 771
1729 1049
1732 1800
1734 356
1737 339
1737 362
1737 680
1738 2009
1743 474
1743 1289
1745 217
1745 1516
1746 1006
1752 777
1752 1003
1752 2031
1753 1912
1753 1916
1755 729
1756 146
1756 1282
1756 1798
1766 1886
1769 1205
1771 1712
1774 219
1775 1172
1775 1909
1777 657
1777 1974
1778 109
1778 1245
1779 508
1781 14
1789 364
1792 1488
1792 1515
1793 1692
1794 385
1798 1282
1798 2027
1800 990
1801 30
1801 494
1801 1287
1801 2011
1804 767
1805 1884
1814 1922
1818 721
1829 1793
1830 1084
1834 2035
1851 1638
1852 641
1852 1476
1860 1970
1862 1500
1864 2003
1869 387
1869 642
1870 348
1875 730
1876 221
1876 969
1876 1234
1878 491
1878 676
1878 979
1881 524
1882 147
1883 365
1883 1283
1884 143
1884 1219
1887 590
1889 1242
1889 1407
1895 900
1897 1719
1898 1132
1898 1510
1899 1244
1900 1412
1903 708
1903 1160
1906 2027
1908 217
1908 1516
1909 1172
1909 1775
1914 1792
1916 1753
1916 1912
1920 367
1923 670
1925 1471
1933 351
1935 1265
1948 725
1949 2047
1950 341
1957 1286
1958 1217
1959 47
1962 1271
1968 950
1974 657
1979 339
1981 265
1981 762
1982 315
1982 1242
1983 111
1984 215
1986 342
1988 336
1989 1273
1996 381
1998 890
1999 343
2001 735
2001 1678
2002 385
2003 853
2007 724
2008 407
2009 710
2010 474
2011 494
2011 1290
2011 1801
2012 495
2012 1005
2014 1010
2016 1473
2017 376
2019 732
2019 912
2023 1199
2025 340
2026 73
2026 773
2026 1227
2027 211
2027 1282
2027 1798
2028 986
2028 1531
2030 1487
2031 1003
2031 1752
2035 1671
2039 500
2040 896
2041 874
2041 1500
2043 510
2043 1021
2043 1532
2044 219
