1024 255
0 397
1 261
5 467
8 792
10 503
17 600
19 234
26 630
36 898
51 282
51 770
61 317
66 322
71 990
75 156
87 221
91 808
103 164
108 348
108 999
111 881
121 241
133 992
137 177
140 1002
145 369
154 1005
156 776
157 455
164 103
167 158
188 998
191 757
193 428
197 155
199 973
206 411
207 360
210 730
211 217
213 508
213 596
217 211
220 375
221 87
223 258
225 345
225 887
226 174
232 992
235 516
240 534
242 726
244 990
258 223
258 900
261 721
262 888
264 734
265 588
265 852
266 759
267 475
267 776
268 670
270 476
271 724
272 389
274 516
274 1017
277 663
282 51
292 126
300 398
306 880
313 710
317 61
320 237
328 554
339 698
342 794
345 225
345 887
346 899
347 701
348 999
355 859
357 643
360 780
364 770
367 893
370 388
375 220
379 269
379 678
381 780
382 469
388 370
391 488
391 492
395 503
421 213
436 727
438 1009
451 495
452 719
455 157
456 486
461 561
469 382
470 730
475 267
476 270
480 391
486 456
487 881
488 391
488 492
492 488
494 1000
496 827
498 1002
507 884
508 213
510 479
510 1021
514 974
516 235
516 274
516 1017
523 909
525 928
531 598
533 189
534 240
544 77
555 733
556 338
561 461
569 525
574 621
579 90
581 178
588 265
589 896
596 213
597 225
597 345
597 887
614 147
618 960
620 1015
621 574
632 896
633 274
633 516
633 1017
636 119
643 357
651 179
670 268
671 159
678 269
678 379
696 775
698 339
701 347
703 377
708 856
710 313
721 261
724 271
726 948
727 999
730 210
730 470
732 1000
734 264
740 950
744 851
745 496
747 208
749 850
759 266
764 1007
775 696
776 267
777 988
778 989
780 802
790 490
794 342
799 203
802 780
807 1019
808 91
810 962
817 566
818 730
818 946
819 365
822 920
824 684
827 496
832 340
833 613
836 985
840 369
844 438
852 265
856 708
871 779
872 774
880 949
880 1005
884 507
887 225
887 345
888 262
893 367
899 346
900 258
926 470
928 525
943 502
946 730
948 726
949 880
949 1005
950 740
957 364
960 618
973 199
974 514
975 79
983 217
988 777
989 778
990 244
992 379
999 348
999 727
1000 494
1000 732
1001 1014
1003 989
1005 154
1009 438
1014 1001
1015 620
1017 274
1017 516
1021 479
1021 510
1022 403
