4096 138
2 174
10 204
76 177
174 2
216 331
233 404
251 481
261 280
280 261
331 216
339 345
345 339
404 233
522 716
579 932
581 900
592 955
612 1002
655 961
687 703
703 687
716 522
728 843
763 993
764 824
766 866
773 792
792 773
834 950
843 728
851 857
900 581
932 579
950 834
961 655
993 763
1034 1228
1072 1148
1090 1224
1117 1312
1142 1257
1148 1072
1167 1473
1171 1513
1212 1222
1212 1263
1222 1263
1228 1034
1257 1142
1263 1222
1285 1304
1312 1117
1346 1462
1363 1369
1374 1522
1522 1374
1546 1740
1548 1712
1584 1660
1654 1769
1658 1909
1688 1937
1724 1734
1724 1775
1727 1905
1734 1724
1734 1775
1775 1724
1775 1734
1858 1974
1875 1881
1903 2025
1905 1727
1937 1688
1974 1858
2025 1903
2049 2164
2057 2373
2076 2392
2096 2172
2127 2131
2131 2127
2141 2385
2148 2204
2164 2049
2172 2096
2186 2433
2189 2414
2204 2148
2370 2486
2385 2141
2392 2076
2404 2481
2447 2488
2481 2404
2488 2447
2588 2904
2660 2716
2701 2926
2816 2897
2882 2998
2926 2701
2998 2882
3092 3291
3098 3535
3124 3483
3144 3321
3148 3443
3225 3497
3246 3525
3269 3416
3291 3092
3315 3330
3339 3354
3354 3339
3409 3450
3450 3409
3525 3246
3535 3098
3629 3927
3685 3733
3698 3754
3719 3743
3725 4083
3733 3685
3742 3773
3743 3719
3759 3817
3774 3916
3777 3955
3781 3928
3898 3944
3921 3962
3923 3965
3928 3781
3944 3898
3962 3921
3965 3923
