512 710
1 40
1 77
1 100
1 234
1 391
1 481
1 495
2 276
2 353
2 372
3 147
3 191
4 208
4 249
4 501
5 58
5 88
5 89
5 96
5 178
5 220
5 263
5 329
5 332
5 462
5 496
6 196
7 302
7 352
7 429
7 432
9 253
9 321
9 396
12 457
13 2
13 27
13 47
13 86
13 217
13 259
13 425
13 467
14 301
16 19
16 464
19 464
20 465
21 466
25 26
25 44
25 54
25 55
25 138
25 171
25 187
25 192
25 201
25 258
25 267
25 302
25 324
25 397
25 418
25 499
26 28
27 22
27 214
27 218
27 371
27 374
27 417
28 126
29 53
29 103
29 227
29 251
29 354
29 356
29 358
29 389
29 474
30 321
31 180
32 77
32 392
33 334
33 428
33 435
35 61
35 113
35 248
35 256
35 287
35 293
35 506
37 92
38 15
38 39
38 42
38 50
38 68
38 74
38 103
38 198
38 274
38 279
38 340
38 371
38 484
39 484
41 175
41 185
41 218
41 236
41 318
42 120
42 215
42 331
42 401
42 461
42 475
43 161
43 347
43 419
43 448
45 181
45 337
45 429
46 36
46 110
46 133
46 194
46 208
46 209
46 252
46 357
46 390
48 97
48 197
48 207
48 213
48 233
48 326
48 371
49 22
49 163
49 261
49 299
50 33
50 38
50 65
50 173
50 342
50 375
54 499
55 327
56 63
56 116
56 261
56 320
56 435
58 5
58 101
59 504
60 147
60 177
61 35
61 506
62 305
67 376
69 300
70 218
71 37
71 177
71 228
71 286
71 509
73 138
73 159
73 443
78 4
78 43
78 93
78 256
78 322
78 419
78 448
78 496
79 123
79 195
79 231
80 378
80 494
81 30
81 93
81 97
81 165
81 191
81 264
81 268
81 284
81 309
81 368
81 382
85 426
86 8
86 13
86 27
86 37
86 149
86 214
86 259
86 288
86 361
86 431
86 435
86 451
87 30
87 359
88 5
88 96
88 263
88 328
90 171
90 251
91 99
91 335
91 337
91 436
92 64
92 169
94 66
94 330
94 485
95 104
95 129
95 141
95 197
95 225
95 250
95 262
95 265
95 279
95 339
95 425
96 133
96 316
96 408
96 444
96 479
97 261
98 358
101 225
102 12
102 107
102 143
102 215
102 337
102 457
105 500
106 22
106 150
106 161
106 221
106 313
107 448
108 173
108 252
108 278
108 420
110 46
110 99
110 142
110 181
110 262
110 273
110 353
111 209
111 257
113 176
113 470
115 412
115 425
116 56
117 159
117 371
118 418
120 458
124 54
124 194
124 387
124 455
124 499
128 418
129 36
129 55
129 278
131 76
131 188
131 347
132 26
132 104
132 155
132 166
132 312
132 379
132 399
133 202
134 351
134 387
134 398
135 163
135 235
135 267
135 311
135 313
136 184
136 378
136 456
139 146
143 149
143 508
144 0
144 71
144 151
144 270
144 289
147 3
147 13
147 46
147 60
147 163
147 177
147 191
147 230
147 253
147 463
147 482
147 491
147 497
150 139
150 360
151 58
152 224
152 340
152 472
152 509
159 264
160 15
160 146
160 314
161 468
162 116
163 49
164 91
164 123
164 252
164 276
164 309
164 423
164 509
166 310
167 99
167 304
167 318
169 18
170 287
170 421
173 50
173 252
177 60
177 71
177 147
177 179
177 228
179 228
179 254
181 221
184 136
184 378
185 9
185 41
185 157
185 162
185 318
186 103
186 226
187 480
188 66
188 76
188 131
188 168
188 210
188 415
190 398
194 46
196 113
196 209
199 230
201 128
201 418
203 217
203 315
203 426
205 11
205 251
205 313
205 338
209 260
210 39
210 155
210 221
210 264
210 333
210 484
210 502
211 409
212 493
215 42
215 62
215 71
215 85
215 177
215 275
215 339
215 371
215 454
215 475
216 158
217 31
217 203
217 426
218 342
219 412
221 22
221 106
221 402
222 261
223 11
223 274
223 364
223 399
224 503
225 101
231 47
231 418
232 112
236 242
237 57
238 380
239 40
239 300
239 414
240 155
243 73
243 76
245 240
247 120
249 386
256 66
256 78
256 311
256 386
256 390
260 372
260 448
263 114
263 208
264 274
268 410
268 492
270 250
270 322
270 340
271 313
274 21
274 38
274 123
274 128
274 466
278 108
278 138
280 257
280 325
286 459
288 427
289 109
290 404
291 197
291 472
293 310
297 178
297 189
297 267
299 19
299 196
299 464
301 508
302 153
303 361
305 295
305 388
306 170
308 275
309 175
311 256
312 104
312 132
313 336
314 57
314 216
321 478
324 298
325 266
327 28
327 255
329 66
329 109
332 178
334 98
335 105
336 463
337 381
346 415
349 276
351 31
356 29
356 474
357 311
358 367
359 8
365 54
365 420
365 499
371 218
372 136
374 261
374 394
375 463
381 347
382 81
382 268
387 124
391 1
391 40
391 100
391 244
392 195
394 207
394 332
395 20
395 105
395 465
396 125
396 206
398 190
399 416
402 263
405 319
412 399
412 444
417 223
418 10
419 174
419 426
431 299
431 363
432 7
432 24
440 283
442 201
442 282
444 399
444 412
445 30
445 273
446 128
446 447
447 84
447 235
447 502
449 195
450 106
450 173
450 416
450 423
452 23
452 68
452 163
452 439
453 390
454 115
454 298
457 12
458 19
458 88
458 120
458 166
458 186
458 193
458 229
458 464
459 286
461 74
461 238
462 5
462 220
462 387
463 197
464 19
465 20
466 21
467 10
469 111
469 257
470 11
470 23
470 113
470 176
470 178
470 182
470 183
470 200
470 258
470 278
470 490
471 88
472 100
472 197
472 291
472 349
473 72
474 29
474 53
474 103
474 227
474 251
474 354
474 356
474 358
474 389
475 26
475 42
475 152
475 215
475 238
475 292
475 434
477 393
477 419
477 432
478 425
478 492
480 187
480 208
480 253
480 300
480 416
480 477
481 347
483 361
484 39
486 423
487 223
487 225
487 291
487 380
488 28
488 107
489 59
489 183
489 253
489 504
490 102
490 274
490 277
490 288
490 324
490 351
490 372
491 147
491 482
494 418
495 364
495 442
496 74
496 286
497 10
497 372
498 202
498 208
498 269
498 284
498 323
498 355
499 54
500 33
501 126
501 145
503 285
503 419
504 59
505 232
505 284
506 35
506 61
507 401
509 492
511 277
