512 683
1 141
1 163
1 241
1 430
2 12
2 76
2 85
2 93
2 457
3 183
3 284
4 41
4 105
4 201
4 205
4 297
5 168
5 180
5 420
7 24
7 30
7 392
8 121
8 277
9 437
9 462
12 457
13 62
13 196
13 332
14 71
15 13
15 362
16 46
16 351
19 464
20 465
21 466
22 163
22 207
25 22
25 79
25 101
25 229
25 324
25 338
25 441
26 51
26 130
26 337
27 3
27 6
27 158
27 202
27 310
27 490
28 52
29 68
29 101
29 247
29 251
29 263
29 300
29 304
29 420
29 474
30 4
30 200
32 361
32 433
33 294
33 396
35 59
35 262
35 351
35 504
36 298
38 403
39 448
39 484
40 230
40 254
41 247
42 16
42 96
42 312
43 271
43 354
46 16
46 149
48 14
49 66
50 228
50 408
51 55
53 24
53 137
54 499
59 504
60 127
60 329
60 434
61 506
64 168
64 173
64 187
69 20
69 465
70 401
70 409
71 37
73 99
73 190
73 280
73 286
73 375
73 390
73 427
73 446
75 140
75 242
75 320
75 343
75 408
75 441
78 284
80 378
81 54
81 253
81 499
86 222
86 373
86 387
86 486
86 492
86 494
87 40
87 80
87 94
87 100
87 105
87 436
88 273
88 450
89 350
91 153
91 288
93 34
95 24
95 164
95 188
95 247
95 257
95 290
95 326
95 441
96 1
96 162
97 188
97 202
97 269
97 284
98 140
98 166
98 507
102 65
102 166
102 209
102 250
104 49
104 181
104 221
104 266
104 379
104 477
106 66
106 85
106 160
106 204
106 232
106 249
106 305
106 355
106 404
106 415
106 423
108 122
108 130
108 294
108 334
109 92
109 468
110 50
110 119
110 151
110 195
110 228
110 305
110 350
110 359
110 360
110 377
110 399
110 449
111 88
111 175
111 206
111 327
111 393
111 503
113 265
113 505
114 30
114 69
114 145
114 228
114 358
114 378
116 24
117 159
118 36
118 84
118 130
118 144
118 237
118 331
118 341
123 382
124 54
124 194
124 499
128 77
128 460
131 119
131 143
131 195
131 219
131 422
132 16
132 26
132 83
132 266
132 267
132 280
132 348
132 458
135 143
135 170
135 333
135 453
135 491
136 209
136 350
136 422
136 443
139 146
140 75
140 320
140 343
144 7
144 93
144 113
144 118
144 272
144 393
146 421
147 134
147 163
147 191
147 314
147 406
147 408
147 463
147 482
147 497
150 139
150 360
152 31
152 75
152 145
152 157
152 232
152 331
152 353
153 335
154 346
157 196
157 469
159 264
160 66
160 68
160 106
160 204
160 249
160 251
160 255
160 271
160 316
160 324
160 376
160 423
160 452
161 468
162 285
163 282
163 314
164 33
164 95
164 412
164 427
166 65
166 102
166 370
167 23
167 185
167 402
167 458
168 5
173 103
176 16
176 207
176 226
176 321
177 223
180 221
180 420
180 509
181 221
182 445
183 304
184 55
184 83
184 92
184 232
185 121
185 206
185 335
185 398
188 59
188 97
188 254
188 298
188 355
188 504
192 383
195 48
195 493
196 90
201 350
203 14
203 61
203 111
203 340
203 395
203 478
203 506
204 246
204 262
204 387
205 378
205 439
210 39
210 155
210 221
210 264
210 484
211 231
213 172
215 60
215 62
215 87
215 219
215 226
216 263
217 74
217 360
219 131
219 215
219 228
220 105
221 104
221 379
222 191
222 483
226 133
227 82
228 114
228 145
229 388
230 447
231 109
237 190
240 155
240 246
241 392
243 281
245 107
245 240
248 485
249 412
253 375
255 62
255 437
255 494
258 423
259 337
260 173
260 198
261 248
261 342
261 349
261 359
261 391
264 274
265 339
266 67
268 59
268 143
268 354
268 433
268 504
271 450
274 21
274 466
279 121
279 411
280 55
286 73
288 508
289 199
290 404
291 197
292 73
292 488
295 134
295 173
295 233
296 375
297 94
297 120
299 19
299 196
299 464
302 479
305 83
305 452
307 367
307 415
307 498
308 275
309 418
313 347
313 408
314 163
314 282
317 254
317 303
317 342
319 202
320 390
322 257
327 473
328 12
328 457
329 149
331 208
331 461
331 508
332 296
332 383
336 463
344 359
345 190
347 398
349 128
349 414
350 89
351 31
352 218
353 152
353 157
355 243
355 423
356 230
359 248
359 261
359 401
359 467
365 400
366 122
369 112
369 129
369 388
371 89
371 112
371 461
374 84
377 228
378 30
378 358
379 308
383 192
384 296
392 425
398 230
399 322
399 479
402 237
402 369
402 479
405 304
408 142
410 300
415 97
415 106
420 148
421 146
422 136
423 83
423 365
424 156
426 76
426 168
430 298
432 217
432 280
432 306
432 389
436 87
437 344
438 421
438 455
439 335
440 463
441 39
441 331
441 484
442 105
442 201
442 313
444 186
446 211
447 99
447 136
447 169
447 230
447 248
447 290
447 304
447 410
448 511
449 391
449 434
449 491
450 88
450 89
450 220
450 271
450 273
450 322
450 332
450 462
450 467
451 196
452 247
452 445
453 195
453 229
453 473
453 485
453 498
454 321
454 354
454 396
457 12
458 33
458 72
458 83
458 128
458 167
458 170
458 216
458 234
458 403
462 220
462 348
462 450
463 154
463 197
463 247
464 19
465 20
466 21
470 18
470 90
470 171
470 277
470 323
470 400
470 437
470 478
471 440
472 34
472 57
472 68
472 80
472 157
472 161
472 324
474 29
474 68
474 101
474 247
474 251
474 263
474 300
474 304
474 420
475 35
475 198
475 385
477 21
477 259
477 269
477 392
477 466
480 199
480 214
481 85
483 64
483 186
483 191
483 222
483 267
483 343
483 451
484 39
484 448
486 31
486 129
486 197
486 233
486 410
486 500
487 37
487 117
487 125
487 201
487 276
487 404
488 30
488 354
488 428
489 59
489 388
489 504
490 378
491 135
493 230
494 255
494 437
495 65
495 165
495 169
495 337
495 358
495 401
495 429
497 372
498 47
498 243
498 307
498 345
498 433
499 54
500 240
501 93
501 280
504 59
506 61
507 355
508 273
508 288
