1024 2978
1 37
1 41
1 51
1 148
1 207
1 213
1 294
1 313
1 773
1 927
2 141
2 279
2 590
2 597
2 726
2 943
3 183
3 284
3 729
3 1012
4 173
4 681
4 1006
5 25
5 26
5 168
5 180
5 420
5 592
5 671
5 751
5 771
6 138
7 9
7 392
7 495
7 755
7 785
7 831
7 836
7 879
7 914
8 304
8 740
8 842
8 853
9 46
9 272
12 457
12 749
12 902
13 2
13 194
13 209
13 227
13 275
13 308
13 630
13 639
13 753
13 900
14 71
14 516
14 961
15 362
15 903
15 905
16 74
16 964
17 602
17 907
18 908
19 464
19 589
19 909
20 465
20 573
20 910
21 466
21 911
23 913
25 5
25 44
25 54
25 55
25 58
25 64
25 97
25 136
25 187
25 201
25 258
25 265
25 267
25 302
25 306
25 439
25 499
25 596
25 627
25 646
25 667
25 703
25 712
25 747
25 751
25 769
25 842
25 934
25 944
25 1015
26 5
26 481
26 492
26 786
26 818
26 1018
27 181
27 263
27 481
27 626
27 673
27 765
27 823
28 52
28 942
29 68
29 251
29 304
29 358
29 420
29 474
29 543
29 573
29 799
29 865
29 919
29 935
30 83
30 211
30 214
30 283
30 322
31 921
32 9
32 53
32 141
32 177
32 284
32 390
32 420
32 579
32 585
32 683
32 729
32 973
33 425
33 870
33 900
33 937
35 312
35 757
36 83
37 927
38 41
38 403
39 448
39 484
39 853
39 929
40 254
41 136
41 715
42 16
42 91
42 234
42 247
42 278
42 331
42 512
42 688
42 807
42 850
42 953
43 103
43 162
43 199
43 320
43 353
43 381
43 386
43 644
43 675
43 778
43 810
43 953
43 956
44 934
45 84
45 216
45 226
45 296
45 332
45 362
45 387
45 523
45 556
45 623
45 687
45 709
45 777
45 865
45 939
45 950
45 974
46 776
47 550
48 197
48 233
48 456
48 583
48 627
48 642
48 652
48 678
48 816
48 862
49 33
49 131
49 143
49 274
49 425
49 652
49 719
49 843
49 870
49 900
49 937
50 57
50 237
50 682
51 500
52 942
53 590
54 499
54 944
55 24
55 327
57 400
59 504
59 949
60 147
60 314
60 401
60 953
61 506
61 951
62 501
62 940
63 411
63 668
63 788
64 657
65 955
66 277
66 874
67 44
67 934
69 20
69 465
69 910
70 409
71 37
71 516
71 927
71 961
73 22
73 99
73 190
73 205
73 427
73 661
73 694
73 872
73 982
74 964
75 140
75 358
75 552
75 689
75 743
75 758
77 522
77 967
78 100
78 200
78 412
78 485
78 601
78 742
78 788
78 846
78 946
78 972
78 989
79 149
79 169
79 258
79 312
79 703
79 757
79 821
80 378
80 525
80 970
81 215
83 30
84 974
85 292
85 530
85 826
85 975
86 50
86 108
86 111
86 334
86 373
86 387
86 447
86 492
86 517
86 537
86 612
86 650
86 667
86 685
86 794
86 810
86 835
87 18
87 253
87 503
87 512
87 634
87 908
88 98
88 328
88 450
88 533
88 627
88 779
88 818
88 978
89 534
89 979
90 621
91 77
91 142
91 386
91 411
91 522
91 529
91 544
91 548
91 571
91 758
91 779
91 804
91 864
91 939
91 956
91 967
91 1018
93 538
93 924
93 983
94 539
94 775
94 851
94 930
94 984
95 133
95 184
95 256
95 257
95 290
95 536
95 696
95 735
95 756
95 792
95 836
95 914
95 931
95 985
96 398
96 414
97 542
98 33
98 74
98 183
98 339
98 681
98 837
98 964
98 1010
100 11
100 429
100 623
100 1019
101 10
101 78
101 214
101 321
101 399
101 517
101 605
101 630
101 674
101 675
101 766
101 807
101 811
101 867
101 1023
102 5
102 12
102 24
102 227
102 322
102 457
102 608
102 716
102 902
102 931
103 43
103 810
103 818
103 832
103 1005
104 355
104 423
104 800
104 843
105 333
105 523
105 771
105 940
106 218
106 227
106 229
106 291
106 352
106 374
106 554
106 650
106 683
106 706
106 736
106 797
106 1006
108 765
108 906
108 959
108 981
109 6
109 157
109 195
109 361
109 431
109 446
109 564
109 632
109 694
109 726
109 742
109 799
109 839
109 850
109 871
110 151
110 305
110 359
110 360
110 377
110 486
110 531
110 637
110 695
110 704
110 805
110 822
110 840
110 851
110 865
113 14
113 75
113 88
113 195
113 259
113 341
113 533
113 614
113 783
113 825
113 972
113 973
113 978
114 69
114 145
114 184
114 378
114 589
114 845
116 148
116 914
117 159
117 562
117 604
117 649
117 730
117 816
117 869
117 1007
118 84
118 91
118 130
118 237
118 331
118 455
118 509
118 575
118 610
118 682
118 778
118 786
118 926
118 974
118 1020
119 39
119 133
119 331
119 339
119 484
119 785
119 929
119 998
120 480
121 566
121 1011
124 54
124 194
124 238
124 499
124 511
124 569
124 639
124 699
124 944
124 1014
127 572
127 1017
128 362
130 136
130 575
130 1020
131 307
131 586
131 741
132 34
132 119
132 142
132 177
132 182
132 242
132 263
132 266
132 267
132 322
132 348
132 567
132 624
132 669
132 684
132 838
132 844
132 906
132 916
132 938
132 1022
133 346
133 947
133 1012
135 11
135 170
135 363
135 440
135 537
135 625
135 758
135 783
135 803
135 874
135 879
136 41
136 130
136 236
136 314
136 318
136 356
136 364
136 441
136 575
136 578
136 684
136 809
136 842
136 1020
138 6
139 146
140 75
140 552
142 191
142 286
142 413
143 229
143 252
143 357
143 697
143 802
143 874
143 926
144 174
144 588
144 619
144 675
145 749
146 421
147 60
147 87
147 134
147 163
147 191
147 314
147 401
147 463
147 482
147 490
147 497
147 716
147 878
147 889
147 953
147 986
148 295
148 767
150 139
150 360
150 595
150 618
150 805
152 67
152 68
152 160
152 164
152 312
152 331
152 373
152 568
152 638
152 685
152 727
152 757
152 916
152 922
152 988
154 338
154 345
154 441
154 654
154 775
154 779
154 790
154 798
155 600
157 826
158 818
159 264
159 604
160 68
160 126
160 152
160 204
160 251
160 324
160 376
160 383
160 423
160 452
160 583
160 775
160 821
160 896
160 956
160 988
161 393
161 468
161 606
162 285
162 524
162 561
163 282
163 314
163 571
164 243
164 246
164 250
164 517
164 717
164 893
166 65
166 350
166 370
166 955
166 992
167 227
167 838
167 868
168 5
168 671
169 672
169 863
171 1006
172 138
172 688
173 617
174 619
174 899
176 207
176 226
176 321
176 456
176 635
176 766
176 906
177 66
177 85
177 530
177 912
177 975
180 221
180 420
180 599
180 666
180 853
181 221
181 626
181 666
181 1001
182 488
182 662
183 304
184 463
185 15
185 137
185 179
185 408
185 780
185 905
185 937
185 969
186 21
186 466
186 911
186 953
188 12
188 36
188 76
188 93
188 122
188 211
188 337
188 349
188 457
188 458
188 491
188 503
188 538
188 608
188 631
188 643
188 673
188 692
188 846
188 902
188 922
188 983
189 931
193 973
194 639
196 90
196 209
196 641
196 879
197 642
198 768
199 43
199 126
199 644
199 884
200 739
201 128
201 646
201 1009
202 647
203 24
203 116
203 133
203 156
203 278
203 286
203 424
203 471
203 542
203 633
203 656
203 673
203 831
203 1016
204 246
204 262
204 387
204 707
204 803
205 339
205 415
210 39
210 155
210 221
210 264
210 484
210 502
210 600
210 655
210 666
210 929
211 115
211 434
212 493
212 815
213 172
214 100
214 220
214 275
214 528
214 665
215 41
215 200
215 226
215 234
215 393
215 399
215 656
215 762
215 792
215 950
215 952
215 962
215 977
215 1001
217 373
217 765
217 833
220 105
220 665
221 22
221 374
221 666
221 818
221 847
221 965
222 449
224 844
226 50
226 1023
227 2
227 13
228 497
229 388
232 557
232 677
233 678
235 680
236 698
236 818
237 57
237 190
237 682
237 785
240 155
240 246
240 600
241 392
241 686
241 770
241 1019
243 138
243 164
243 495
245 107
245 240
245 690
245 755
247 264
249 127
249 340
249 572
249 1017
251 761
252 697
253 467
255 128
255 496
256 279
256 292
258 423
258 703
259 578
260 341
262 478
262 707
264 247
264 274
264 719
264 1021
265 289
265 451
266 957
268 114
270 205
271 175
271 513
271 725
271 996
274 21
274 128
274 230
274 466
274 719
274 784
274 826
274 911
276 227
276 325
276 721
277 980
278 689
279 121
279 412
279 566
279 831
279 856
279 1011
280 325
282 582
282 842
282 1002
282 1019
284 729
285 100
286 493
287 732
288 320
288 322
288 508
290 404
290 735
290 849
291 197
291 461
291 642
291 736
293 310
293 334
293 738
295 134
295 148
295 173
295 233
295 678
295 685
295 767
295 940
296 546
297 94
297 120
297 513
297 539
297 727
297 984
298 1000
299 19
299 196
299 464
299 550
299 641
299 744
299 909
301 746
302 747
303 634
305 452
305 517
306 28
306 178
308 275
308 753
309 263
309 418
309 801
311 244
312 547
312 757
313 542
313 598
314 163
314 282
314 571
317 254
317 303
317 554
319 62
319 202
319 502
319 647
319 867
319 873
321 33
321 253
321 478
321 624
321 766
321 806
324 628
326 34
326 225
326 380
326 487
326 590
327 473
328 1001
329 10
330 966
330 1015
331 208
331 508
332 45
332 296
332 777
334 918
336 463
336 781
343 407
343 852
344 359
345 190
345 784
345 790
347 361
347 773
347 792
349 276
349 571
349 721
351 31
351 921
352 326
352 424
352 797
353 16
353 111
353 536
355 104
355 423
355 800
355 843
356 1008
357 311
357 802
359 879
360 805
362 30
364 809
365 54
365 499
365 944
366 122
367 300
368 813
369 112
369 129
369 388
371 89
371 112
371 365
371 534
371 593
371 772
371 823
371 979
372 817
375 150
375 595
376 937
377 822
378 184
379 923
380 670
381 897
383 823
384 296
386 340
387 613
388 131
391 100
391 527
392 425
392 870
395 681
395 725
395 1003
396 841
400 57
401 701
402 237
402 337
402 369
402 682
403 808
404 849
405 304
405 764
407 852
410 855
412 819
414 441
416 861
417 668
417 819
419 509
419 755
421 146
421 712
422 515
424 326
424 352
424 416
424 722
424 741
424 797
424 815
424 861
425 870
426 76
426 168
426 456
427 564
427 872
430 298
431 16
432 342
432 389
432 877
434 1003
435 880
435 965
436 878
436 977
437 344
438 421
438 883
440 11
440 35
440 135
440 363
440 591
440 684
441 136
442 105
442 201
442 313
442 340
442 646
442 716
442 727
442 887
444 669
445 35
445 75
445 583
445 695
445 808
445 858
445 969
446 60
446 221
446 227
446 412
446 666
446 675
447 276
447 372
447 431
447 721
447 798
447 817
448 634
449 44
449 45
449 204
449 222
449 223
449 241
449 387
449 436
449 462
449 489
449 496
449 511
449 686
449 824
449 842
449 934
449 977
449 1009
450 88
450 89
450 98
450 220
450 238
450 268
450 332
450 462
450 533
450 534
450 665
450 777
450 779
450 794
450 818
450 941
450 978
450 979
450 991
451 196
451 641
452 636
452 674
452 792
452 843
452 853
452 958
453 926
453 956
454 259
454 275
454 478
454 965
457 12
457 749
457 902
458 7
458 64
458 104
458 122
458 188
458 217
458 231
458 283
458 302
458 312
458 315
458 330
458 337
458 392
458 442
458 491
458 501
458 503
458 527
458 649
458 673
458 717
458 747
458 757
458 846
458 887
458 935
460 1002
461 46
461 202
461 561
461 647
461 718
461 958
462 220
462 348
462 450
462 550
462 665
463 197
463 642
464 19
464 589
464 909
465 20
465 573
465 910
466 21
466 911
467 253
467 1009
469 871
470 23
470 182
470 258
470 414
470 488
470 568
470 581
470 628
470 676
470 703
470 723
470 853
470 913
470 939
472 27
472 273
472 298
472 344
472 355
472 376
472 632
472 635
472 659
472 664
472 693
472 740
472 800
472 842
472 912
472 926
474 29
474 68
474 251
474 304
474 358
474 420
474 543
474 573
474 799
474 865
474 919
474 935
475 388
475 414
475 662
475 667
475 741
475 847
476 683
477 80
477 233
477 525
477 672
477 678
477 970
478 454
480 146
480 342
481 347
481 403
483 191
483 267
483 451
483 667
483 836
484 39
484 448
484 853
484 929
486 386
487 6
487 225
487 289
487 291
487 326
487 380
487 397
487 577
487 668
487 736
487 1012
488 182
488 251
488 389
488 441
488 459
488 508
488 535
488 662
488 997
489 59
489 388
489 504
489 628
489 731
489 949
490 369
490 545
490 704
490 892
491 99
491 122
491 188
491 295
491 337
491 410
491 458
491 477
491 503
491 610
491 673
491 846
491 855
491 868
491 995
492 556
493 153
493 386
494 557
494 612
494 745
495 1016
497 228
497 372
497 817
497 858
498 128
498 260
498 340
498 630
498 759
499 54
499 944
501 302
501 458
501 747
504 59
504 949
505 9
505 232
505 284
505 415
505 677
505 729
506 61
506 951
508 288
508 320
508 322
508 441
508 488
508 827
508 959
512 743
512 760
514 300
516 37
516 71
516 927
516 961
518 159
518 166
518 260
518 501
518 604
518 688
521 430
522 77
522 967
523 45
523 84
523 105
523 213
523 333
523 335
523 493
523 556
523 623
523 771
523 779
523 865
523 867
523 974
524 598
525 80
525 378
525 970
526 75
526 204
526 561
526 657
526 853
526 856
526 869
526 953
526 989
527 33
527 500
527 528
527 724
529 90
529 338
530 85
530 292
530 826
530 975
531 37
531 40
531 78
531 110
531 149
531 190
531 226
531 273
531 435
531 453
531 570
531 661
531 704
531 755
531 865
531 876
531 880
531 896
531 927
531 986
532 389
532 444
532 828
532 900
533 88
533 98
533 328
533 450
533 627
533 779
533 818
533 978
534 89
534 979
535 251
535 389
535 488
536 18
536 289
536 293
536 297
536 670
536 738
536 843
536 908
537 158
537 996
538 93
538 924
538 983
539 94
539 775
539 851
539 930
539 984
540 103
540 108
540 286
540 338
540 477
540 489
540 780
540 830
540 930
540 932
540 950
540 985
540 1016
541 278
541 281
541 761
541 865
541 995
542 68
542 607
542 613
543 29
543 474
543 919
543 930
544 253
544 367
544 529
544 683
545 36
545 638
546 92
546 240
546 306
546 388
546 603
546 618
546 643
546 648
546 714
546 784
546 796
546 827
547 76
547 85
547 120
547 223
547 248
547 312
547 329
547 364
547 459
547 514
547 530
547 549
547 573
547 700
547 718
547 757
547 809
547 962
547 975
547 996
547 1015
548 15
548 50
548 153
548 190
548 233
548 256
548 272
548 352
548 463
548 473
548 678
548 726
548 797
548 905
548 945
548 1006
549 228
549 479
549 674
549 930
549 946
550 47
550 559
550 1005
551 55
551 188
551 334
551 338
551 625
551 693
552 850
553 252
553 697
553 723
553 768
554 43
554 134
554 242
554 289
554 326
554 383
554 460
554 518
554 564
554 687
554 689
554 699
554 701
554 712
555 11
555 30
555 183
555 440
555 518
555 807
555 829
555 843
555 856
558 131
558 206
558 245
558 258
558 269
558 492
558 631
558 690
558 703
558 708
558 745
558 784
558 869
558 963
558 986
560 425
560 870
562 117
562 159
562 604
562 649
562 730
562 816
562 869
562 1007
564 442
564 887
566 121
566 1011
567 698
569 54
569 124
569 194
569 238
569 499
569 511
569 639
569 699
569 944
569 1014
570 576
571 319
571 362
571 544
571 663
572 127
572 1017
573 19
573 464
573 737
573 909
574 10
574 36
574 55
574 116
574 367
574 723
574 998
575 130
575 136
575 1020
576 33
576 108
576 128
576 321
576 407
576 429
576 443
576 453
576 547
576 570
576 584
576 638
576 766
576 852
576 948
576 993
577 250
577 304
577 374
577 421
577 425
577 485
577 487
577 494
577 816
577 870
578 24
578 384
578 810
579 351
580 103
580 180
580 324
580 377
580 454
580 502
580 613
580 671
580 728
580 822
580 868
581 50
581 190
581 239
581 291
581 447
581 479
581 736
582 282
582 650
584 165
584 256
584 693
585 248
586 893
587 236
587 434
587 573
587 948
588 772
588 869
589 15
589 19
589 41
589 51
589 64
589 69
589 114
589 155
589 181
589 184
589 217
589 288
589 378
589 464
589 491
589 583
589 586
589 600
589 626
589 717
589 824
589 860
589 905
589 909
591 330
591 788
592 5
592 316
592 420
592 520
592 526
592 771
592 796
592 933
594 322
594 725
595 139
595 150
595 360
595 618
595 805
597 2
597 440
597 578
597 590
597 659
597 702
597 705
597 724
599 407
599 437
599 807
599 852
600 155
602 17
602 907
604 159
604 264
605 124
605 150
605 379
605 569
605 585
605 595
605 835
605 1014
606 161
606 393
606 468
607 68
607 81
607 139
607 188
607 213
607 279
607 443
607 515
607 542
607 829
608 854
609 88
609 120
609 139
609 202
609 211
609 319
609 421
609 501
609 502
609 533
609 647
609 708
609 741
609 928
609 968
609 978
610 826
611 154
611 198
611 310
611 608
612 23
612 197
612 263
612 318
612 642
612 913
612 940
614 18
614 899
614 908
615 287
615 732
615 866
618 20
618 345
618 465
618 790
618 910
619 174
619 899
620 807
621 292
622 161
622 225
622 557
622 606
623 404
623 849
625 706
626 181
626 221
626 666
626 1001
629 63
629 426
629 512
630 13
630 214
630 224
630 559
630 832
631 10
631 720
631 762
633 259
633 271
633 565
633 594
633 936
637 730
639 194
640 245
640 394
640 690
641 90
641 196
641 209
641 879
642 197
643 834
644 43
644 126
644 199
644 884
645 151
646 128
646 201
646 1009
647 202
648 32
648 182
648 275
648 299
648 320
648 415
648 505
648 535
648 599
648 744
648 760
648 864
650 12
650 120
650 457
650 699
650 902
650 928
651 461
651 622
655 39
655 155
655 210
655 221
655 264
655 484
655 502
655 600
655 666
655 929
658 543
659 451
660 14
660 147
660 191
660 228
660 433
660 523
660 601
660 643
660 832
660 846
660 897
660 948
660 960
660 995
660 998
661 66
661 73
663 416
663 861
664 434
664 472
664 713
664 714
665 105
665 220
666 22
666 221
666 374
666 818
666 847
666 965
667 191
667 483
668 177
668 274
668 330
668 364
668 719
668 809
668 994
669 845
670 114
670 172
670 479
670 692
670 844
670 1013
671 710
673 594
674 263
674 517
676 54
676 153
676 499
676 944
677 232
677 557
678 233
679 170
679 187
679 237
679 267
679 400
679 406
679 443
679 613
679 682
679 683
679 844
679 866
679 995
679 999
680 235
682 57
682 190
682 237
682 785
683 476
684 300
684 485
684 859
685 198
685 247
685 737
685 806
685 889
686 241
686 392
686 770
686 1019
690 107
690 240
690 245
690 755
692 187
696 51
696 58
696 200
696 918
697 252
700 115
700 317
700 894
701 11
701 277
703 258
703 423
705 36
706 610
707 262
707 478
709 31
709 77
709 216
709 398
709 399
709 522
709 921
709 967
710 671
710 731
713 149
713 323
713 768
713 876
714 594
714 794
715 89
715 114
715 534
715 979
718 567
719 21
719 128
719 230
719 274
719 466
719 784
719 826
719 911
720 376
721 227
721 276
721 325
723 374
723 553
723 708
723 989
725 271
725 332
725 513
725 777
726 2
726 146
726 279
727 413
729 284
730 116
732 287
733 469
733 505
733 943
734 243
734 573
734 799
735 290
735 404
735 849
736 197
736 291
736 461
736 642
737 968
738 293
738 310
738 334
741 131
741 691
741 713
744 19
744 196
744 299
744 464
744 550
744 641
744 909
745 403
745 561
745 1015
746 301
747 302
749 145
750 492
750 593
751 128
751 510
753 275
753 308
754 175
755 874
755 965
756 128
756 235
756 311
756 680
757 312
757 547
758 770
759 57
759 206
759 330
763 57
764 216
764 857
766 33
766 253
766 321
766 478
766 624
766 806
767 148
767 295
768 143
768 451
769 743
771 940
772 371
773 347
773 361
773 792
775 234
775 475
775 598
776 119
776 637
776 818
776 858
776 888
777 45
777 296
777 332
780 10
781 336
781 463
783 154
783 832
787 492
790 190
790 345
790 784
792 452
792 843
792 958
793 306
793 357
793 802
794 594
794 714
795 517
796 375
796 745
797 326
797 352
797 424
798 154
798 338
798 441
800 104
800 355
800 423
800 843
802 311
802 357
805 360
806 321
806 766
809 364
811 362
811 440
811 528
811 564
812 265
812 486
813 368
816 218
816 577
816 698
816 995
817 372
819 945
822 377
823 181
823 626
827 628
829 58
836 275
836 625
837 195
841 396
842 571
844 114
844 517
846 258
846 703
847 230
847 950
847 999
849 404
851 83
852 407
855 410
857 216
857 764
861 416
862 649
862 741
862 764
862 784
863 982
864 175
864 982
866 679
866 999
867 94
867 539
867 615
867 799
867 984
868 393
869 373
869 598
869 918
870 425
871 632
871 899
872 427
872 564
876 11
876 299
876 744
876 844
877 342
877 389
877 432
878 485
879 570
880 435
880 965
882 856
883 421
883 438
885 129
887 105
887 201
887 313
887 340
887 442
887 646
887 716
887 727
889 371
889 634
889 940
891 308
891 372
891 511
891 586
891 599
891 601
891 638
891 750
891 753
891 791
891 795
891 817
891 888
891 893
891 912
891 1008
892 84
892 235
892 398
892 502
892 680
892 839
892 974
894 115
894 163
894 201
894 301
894 306
894 317
894 344
894 391
894 567
894 646
894 668
894 700
894 726
894 746
894 836
894 903
895 68
895 416
895 861
897 33
897 100
897 275
897 361
897 381
897 518
897 550
897 799
898 62
898 435
898 662
898 728
898 880
902 12
902 457
902 749
903 0
903 196
903 332
903 593
903 641
903 740
903 777
903 782
903 874
903 931
903 952
904 174
904 354
904 619
904 858
905 15
905 362
905 903
906 351
907 17
907 602
908 18
909 19
909 464
909 589
910 20
910 465
910 573
911 21
911 466
912 163
912 207
912 844
913 23
915 123
915 141
915 196
915 297
915 380
915 422
915 641
916 51
916 64
916 130
916 575
916 687
916 696
916 918
916 1020
917 3
917 6
917 123
917 158
917 202
917 311
917 375
917 622
917 647
917 714
917 893
917 896
917 997
919 29
919 68
919 251
919 304
919 358
919 420
919 474
919 543
919 573
919 799
919 865
919 935
920 57
920 228
920 550
920 847
920 882
921 31
922 90
922 149
922 158
922 432
922 471
922 818
922 877
922 888
922 994
923 294
923 396
923 841
925 348
925 528
925 671
925 859
926 298
926 472
927 37
928 12
928 116
928 120
928 211
928 457
928 485
928 568
928 650
928 699
928 902
929 39
929 448
929 484
929 853
931 83
931 100
931 189
931 293
931 309
931 347
931 361
931 557
931 738
931 788
931 851
931 858
931 1009
932 39
932 47
932 76
932 145
932 168
932 426
932 456
932 484
932 524
932 557
932 625
932 723
932 929
932 943
933 27
933 103
933 354
933 596
933 645
933 659
934 44
936 325
936 335
936 451
937 304
938 163
938 212
938 405
938 489
939 45
939 227
939 333
939 397
939 829
939 901
939 973
939 994
939 1013
940 923
940 946
941 74
941 342
941 964
942 52
944 54
944 499
945 240
946 72
946 228
946 320
946 479
946 485
946 549
946 851
946 930
948 311
949 59
949 504
950 127
950 230
950 329
950 434
950 572
950 1017
951 61
951 506
952 834
953 60
953 137
953 147
953 314
953 325
953 401
953 794
953 889
953 935
954 958
955 65
956 717
961 37
961 71
961 516
961 927
963 61
963 80
963 263
963 297
963 394
963 448
963 506
963 525
963 899
963 951
963 970
964 74
966 330
967 77
967 522
968 34
968 39
968 178
968 237
968 238
968 294
968 484
968 513
968 682
968 706
968 806
968 897
968 929
968 988
970 80
970 378
970 525
971 334
972 408
972 428
972 823
974 84
975 85
975 292
975 530
975 826
976 17
976 51
976 266
976 287
976 390
976 403
976 452
976 592
976 674
976 704
976 714
976 730
976 732
976 756
976 796
976 835
976 898
976 907
976 933
977 40
977 80
977 94
977 105
977 436
977 521
977 525
977 539
977 878
977 970
977 984
978 88
978 98
978 328
978 450
978 533
978 627
978 779
978 818
979 89
979 534
981 96
981 108
981 288
981 453
981 560
981 765
981 959
982 863
983 93
983 538
983 924
984 94
984 539
984 775
984 851
984 930
985 261
985 305
985 338
985 387
985 486
985 489
985 540
985 542
985 585
985 701
985 765
985 875
985 925
985 928
985 1002
985 1003
987 202
987 269
987 284
987 647
987 653
987 729
989 298
990 82
990 137
990 232
990 298
990 677
991 38
991 201
991 234
991 243
991 346
991 360
991 399
991 441
991 450
991 505
991 552
991 574
991 636
991 646
991 706
991 799
991 805
992 55
992 65
992 166
992 535
992 638
992 885
992 955
992 986
992 999
993 113
993 192
993 277
993 333
993 529
993 628
993 658
994 245
994 690
996 125
996 158
996 175
996 237
996 271
996 386
996 405
996 422
996 438
996 500
996 537
996 560
996 579
996 591
996 613
996 633
996 682
996 826
996 883
996 982
996 1004
997 187
997 439
997 734
998 280
998 336
998 502
998 781
999 237
999 279
999 620
999 643
999 679
999 682
999 706
999 866
999 946
1000 12
1000 39
1000 57
1000 183
1000 190
1000 216
1000 228
1000 298
1000 344
1000 416
1000 457
1000 484
1000 512
1000 540
1000 861
1000 902
1000 929
1000 977
1001 227
1003 252
1003 380
1003 392
1003 395
1003 434
1003 490
1003 494
1003 650
1003 681
1003 693
1003 697
1003 725
1003 742
1004 260
1004 343
1004 421
1004 923
1006 106
1006 352
1006 797
1007 117
1007 159
1007 562
1007 604
1007 649
1007 730
1007 816
1007 869
1008 78
1008 102
1008 164
1008 185
1008 189
1008 225
1008 356
1008 389
1008 485
1008 891
1008 893
1008 946
1010 672
1010 808
1011 121
1011 566
1012 947
1013 382
1014 54
1014 124
1014 194
1014 238
1014 499
1014 511
1014 569
1014 639
1014 699
1014 944
1015 223
1015 329
1015 547
1015 675
1017 127
1017 572
1018 77
1018 91
1018 460
1018 522
1018 967
1019 126
1020 130
1020 136
1020 575
1021 130
1021 218
1021 264
1021 293
1021 310
1021 334
1021 356
1021 379
1021 406
1021 561
1021 575
1021 607
1021 620
1021 675
1021 738
1021 782
1021 962
1021 1002
1021 1020
1022 119
1022 132
1022 219
1022 246
1022 253
1022 271
1022 325
1022 335
1022 342
1022 348
1022 751
1022 889
