128 220
1 2
1 3
1 6
1 8
1 9
1 10
1 12
1 17
1 18
1 20
1 21
1 22
1 24
1 25
1 26
1 28
1 29
1 30
1 32
1 33
3 1
3 2
3 6
3 8
3 9
3 10
3 12
3 17
3 18
3 20
3 21
3 22
3 24
3 25
3 26
3 28
3 29
3 30
3 32
3 33
9 1
9 2
9 3
9 6
9 8
9 10
9 12
9 17
9 18
9 20
9 21
9 22
9 24
9 25
9 26
9 28
9 29
9 30
9 32
9 33
12 1
12 2
12 3
12 6
12 8
12 9
12 10
12 17
12 18
12 20
12 21
12 22
12 24
12 25
12 26
12 28
12 29
12 30
12 32
12 33
18 1
18 2
18 3
18 6
18 8
18 9
18 10
18 12
18 17
18 20
18 21
18 22
18 24
18 25
18 26
18 28
18 29
18 30
18 32
18 33
21 1
21 2
21 3
21 6
21 8
21 9
21 10
21 12
21 17
21 18
21 20
21 22
21 24
21 25
21 26
21 28
21 29
21 30
21 32
21 33
22 1
22 2
22 3
22 6
22 8
22 9
22 10
22 12
22 17
22 18
22 20
22 21
22 24
22 25
22 26
22 28
22 29
22 30
22 32
22 33
25 1
25 2
25 3
25 6
25 8
25 9
25 10
25 12
25 17
25 18
25 20
25 21
25 22
25 24
25 26
25 28
25 29
25 30
25 32
25 33
26 1
26 2
26 3
26 6
26 8
26 9
26 10
26 12
26 17
26 18
26 20
26 21
26 22
26 24
26 25
26 28
26 29
26 30
26 32
26 33
30 1
30 2
30 3
30 6
30 8
30 9
30 10
30 12
30 17
30 18
30 20
30 21
30 22
30 24
30 25
30 26
30 28
30 29
30 32
30 33
33 1
33 2
33 3
33 6
33 8
33 9
33 10
33 12
33 17
33 18
33 20
33 21
33 22
33 24
33 25
33 26
33 28
33 29
33 30
33 32
