128 2593
0 3
0 6
0 7
0 9
0 11
0 13
0 17
0 18
0 20
0 21
0 22
0 24
0 25
0 26
0 28
0 29
0 30
0 32
0 33
0 35
0 37
0 39
0 40
0 42
0 43
0 45
0 46
0 47
0 48
0 51
0 52
0 53
0 54
0 55
0 65
0 67
0 69
0 71
0 72
0 73
0 74
0 75
0 76
0 79
0 80
0 82
0 86
0 90
0 91
0 93
0 94
0 95
0 98
0 99
0 100
0 102
0 103
0 104
0 105
0 106
0 107
0 108
0 109
0 111
0 113
0 114
0 115
0 116
0 117
0 121
0 122
0 123
0 124
0 125
0 126
0 127
6 0
6 3
6 7
6 9
6 11
6 13
6 17
6 18
6 20
6 21
6 22
6 24
6 25
6 26
6 28
6 29
6 30
6 32
6 33
6 35
6 37
6 39
6 40
6 42
6 43
6 45
6 46
6 47
6 48
6 51
6 52
6 53
6 54
6 55
6 65
6 67
6 69
6 71
6 72
6 73
6 74
6 75
6 76
6 79
6 80
6 82
6 86
6 90
6 91
6 93
6 94
6 95
6 98
6 99
6 100
6 102
6 103
6 104
6 105
6 106
6 107
6 108
6 109
6 111
6 113
6 114
6 115
6 116
6 117
6 121
6 122
6 123
6 124
6 125
6 126
6 127
7 0
7 3
7 6
7 9
7 11
7 13
7 17
7 18
7 20
7 21
7 22
7 24
7 25
7 26
7 28
7 29
7 30
7 32
7 33
7 35
7 37
7 39
7 40
7 42
7 43
7 45
7 46
7 47
7 48
7 51
7 52
7 53
7 54
7 55
7 65
7 67
7 69
7 71
7 72
7 73
7 74
7 75
7 76
7 79
7 80
7 82
7 86
7 90
7 91
7 93
7 94
7 95
7 98
7 99
7 100
7 102
7 103
7 104
7 105
7 106
7 107
7 108
7 109
7 111
7 113
7 114
7 115
7 116
7 117
7 121
7 122
7 123
7 124
7 125
7 126
7 127
9 0
9 3
9 6
9 7
9 11
9 13
9 17
9 18
9 20
9 21
9 22
9 24
9 25
9 26
9 28
9 29
9 30
9 32
9 33
9 35
9 37
9 39
9 40
9 42
9 43
9 45
9 46
9 47
9 48
9 51
9 52
9 53
9 54
9 55
9 65
9 67
9 69
9 71
9 72
9 73
9 74
9 75
9 76
9 79
9 80
9 82
9 86
9 90
9 91
9 93
9 94
9 95
9 98
9 99
9 100
9 102
9 103
9 104
9 105
9 106
9 107
9 108
9 109
9 111
9 113
9 114
9 115
9 116
9 117
9 121
9 122
9 123
9 124
9 125
9 126
9 127
11 0
11 3
11 6
11 7
11 9
11 13
11 17
11 18
11 20
11 21
11 22
11 24
11 25
11 26
11 28
11 29
11 30
11 32
11 33
11 35
11 37
11 39
11 40
11 42
11 43
11 45
11 46
11 47
11 48
11 51
11 52
11 53
11 54
11 55
11 65
11 67
11 69
11 71
11 72
11 73
11 74
11 75
11 76
11 79
11 80
11 82
11 86
11 90
11 91
11 93
11 94
11 95
11 98
11 99
11 100
11 102
11 103
11 104
11 105
11 106
11 107
11 108
11 109
11 111
11 113
11 114
11 115
11 116
11 117
11 121
11 122
11 123
11 124
11 125
11 126
11 127
18 0
18 3
18 6
18 7
18 9
18 11
18 13
18 17
18 20
18 21
18 22
18 24
18 25
18 26
18 28
18 29
18 30
18 32
18 33
18 35
18 37
18 39
18 40
18 42
18 43
18 45
18 46
18 47
18 48
18 51
18 52
18 53
18 54
18 55
18 65
18 67
18 69
18 71
18 72
18 73
18 74
18 75
18 76
18 79
18 80
18 82
18 86
18 90
18 91
18 93
18 94
18 95
18 98
18 99
18 100
18 102
18 103
18 104
18 105
18 106
18 107
18 108
18 109
18 111
18 113
18 114
18 115
18 116
18 117
18 121
18 122
18 123
18 124
18 125
18 126
18 127
20 69
20 103
20 117
21 0
21 3
21 6
21 7
21 9
21 11
21 13
21 17
21 18
21 20
21 22
21 24
21 25
21 26
21 28
21 29
21 30
21 32
21 33
21 35
21 37
21 39
21 40
21 42
21 43
21 45
21 46
21 47
21 48
21 51
21 52
21 53
21 54
21 55
21 65
21 67
21 69
21 71
21 72
21 73
21 74
21 75
21 76
21 79
21 80
21 82
21 86
21 90
21 91
21 93
21 94
21 95
21 98
21 99
21 100
21 102
21 103
21 104
21 105
21 106
21 107
21 108
21 109
21 111
21 113
21 114
21 115
21 116
21 117
21 121
21 122
21 123
21 124
21 125
21 126
21 127
22 0
22 3
22 6
22 7
22 9
22 11
22 13
22 17
22 18
22 20
22 21
22 24
22 25
22 26
22 28
22 29
22 30
22 32
22 33
22 35
22 37
22 39
22 40
22 42
22 43
22 45
22 46
22 47
22 48
22 51
22 52
22 53
22 54
22 55
22 65
22 67
22 69
22 71
22 72
22 73
22 74
22 75
22 76
22 79
22 80
22 82
22 86
22 90
22 91
22 93
22 94
22 95
22 98
22 99
22 100
22 102
22 103
22 104
22 105
22 106
22 107
22 108
22 109
22 111
22 113
22 114
22 115
22 116
22 117
22 121
22 122
22 123
22 124
22 125
22 126
22 127
25 0
25 3
25 6
25 7
25 9
25 11
25 13
25 17
25 18
25 20
25 21
25 22
25 24
25 26
25 28
25 29
25 30
25 32
25 33
25 35
25 37
25 39
25 40
25 42
25 43
25 45
25 46
25 47
25 48
25 51
25 52
25 53
25 54
25 55
25 65
25 67
25 69
25 71
25 72
25 73
25 74
25 75
25 76
25 79
25 80
25 82
25 86
25 90
25 91
25 93
25 94
25 95
25 98
25 99
25 100
25 102
25 103
25 104
25 105
25 106
25 107
25 108
25 109
25 111
25 113
25 114
25 115
25 116
25 117
25 121
25 122
25 123
25 124
25 125
25 126
25 127
26 0
26 3
26 6
26 7
26 9
26 11
26 13
26 17
26 18
26 20
26 21
26 22
26 24
26 25
26 28
26 29
26 30
26 32
26 33
26 35
26 37
26 39
26 40
26 42
26 43
26 45
26 46
26 47
26 48
26 51
26 52
26 53
26 54
26 55
26 65
26 67
26 69
26 71
26 72
26 73
26 74
26 75
26 76
26 79
26 80
26 82
26 86
26 90
26 91
26 93
26 94
26 95
26 98
26 99
26 100
26 102
26 103
26 104
26 105
26 106
26 107
26 108
26 109
26 111
26 113
26 114
26 115
26 116
26 117
26 121
26 122
26 123
26 124
26 125
26 126
26 127
30 0
30 3
30 6
30 7
30 9
30 11
30 13
30 17
30 18
30 20
30 21
30 22
30 24
30 25
30 26
30 28
30 29
30 32
30 33
30 35
30 37
30 39
30 40
30 42
30 43
30 45
30 46
30 47
30 48
30 51
30 52
30 53
30 54
30 55
30 65
30 67
30 69
30 71
30 72
30 73
30 74
30 75
30 76
30 79
30 80
30 82
30 86
30 90
30 91
30 93
30 94
30 95
30 98
30 99
30 100
30 102
30 103
30 104
30 105
30 106
30 107
30 108
30 109
30 111
30 113
30 114
30 115
30 116
30 117
30 121
30 122
30 123
30 124
30 125
30 126
30 127
33 0
33 3
33 6
33 7
33 9
33 11
33 13
33 17
33 18
33 20
33 21
33 22
33 24
33 25
33 26
33 28
33 29
33 30
33 32
33 35
33 37
33 39
33 40
33 42
33 43
33 45
33 46
33 47
33 48
33 51
33 52
33 53
33 54
33 55
33 65
33 67
33 69
33 71
33 72
33 73
33 74
33 75
33 76
33 79
33 80
33 82
33 86
33 90
33 91
33 93
33 94
33 95
33 98
33 99
33 100
33 102
33 103
33 104
33 105
33 106
33 107
33 108
33 109
33 111
33 113
33 114
33 115
33 116
33 117
33 121
33 122
33 123
33 124
33 125
33 126
33 127
35 61
39 0
39 3
39 6
39 7
39 9
39 11
39 13
39 17
39 18
39 20
39 21
39 22
39 24
39 25
39 26
39 28
39 29
39 30
39 32
39 33
39 35
39 37
39 40
39 42
39 43
39 45
39 46
39 47
39 48
39 51
39 52
39 53
39 54
39 55
39 65
39 67
39 69
39 71
39 72
39 73
39 74
39 75
39 76
39 79
39 80
39 82
39 86
39 90
39 91
39 93
39 94
39 95
39 98
39 99
39 100
39 102
39 103
39 104
39 105
39 106
39 107
39 108
39 109
39 111
39 113
39 114
39 115
39 116
39 117
39 121
39 122
39 123
39 124
39 125
39 126
39 127
40 0
40 3
40 6
40 7
40 9
40 11
40 13
40 17
40 18
40 20
40 21
40 22
40 24
40 25
40 26
40 28
40 29
40 30
40 32
40 33
40 35
40 37
40 39
40 42
40 43
40 45
40 46
40 47
40 48
40 51
40 52
40 53
40 54
40 55
40 65
40 67
40 69
40 71
40 72
40 73
40 74
40 75
40 76
40 79
40 80
40 82
40 86
40 90
40 91
40 93
40 94
40 95
40 98
40 99
40 100
40 102
40 103
40 104
40 105
40 106
40 107
40 108
40 109
40 111
40 113
40 114
40 115
40 116
40 117
40 121
40 122
40 123
40 124
40 125
40 126
40 127
43 0
43 3
43 6
43 7
43 9
43 11
43 13
43 17
43 18
43 20
43 21
43 22
43 24
43 25
43 26
43 28
43 29
43 30
43 32
43 33
43 35
43 37
43 39
43 40
43 42
43 45
43 46
43 47
43 48
43 51
43 52
43 53
43 54
43 55
43 65
43 67
43 69
43 71
43 72
43 73
43 74
43 75
43 76
43 79
43 80
43 82
43 86
43 90
43 91
43 93
43 94
43 95
43 98
43 99
43 100
43 102
43 103
43 104
43 105
43 106
43 107
43 108
43 109
43 111
43 113
43 114
43 115
43 116
43 117
43 121
43 122
43 123
43 124
43 125
43 126
43 127
46 0
46 3
46 6
46 7
46 9
46 11
46 13
46 17
46 18
46 20
46 21
46 22
46 24
46 25
46 26
46 28
46 29
46 30
46 32
46 33
46 35
46 37
46 39
46 40
46 42
46 43
46 45
46 47
46 48
46 51
46 52
46 53
46 54
46 55
46 65
46 67
46 69
46 71
46 72
46 73
46 74
46 75
46 76
46 79
46 80
46 82
46 86
46 90
46 91
46 93
46 94
46 95
46 98
46 99
46 100
46 102
46 103
46 104
46 105
46 106
46 107
46 108
46 109
46 111
46 113
46 114
46 115
46 116
46 117
46 121
46 122
46 123
46 124
46 125
46 126
46 127
52 0
52 3
52 6
52 7
52 9
52 11
52 13
52 17
52 18
52 20
52 21
52 22
52 24
52 25
52 26
52 28
52 29
52 30
52 32
52 33
52 35
52 37
52 39
52 40
52 42
52 43
52 45
52 46
52 47
52 48
52 51
52 53
52 54
52 55
52 65
52 67
52 69
52 71
52 72
52 73
52 74
52 75
52 76
52 79
52 80
52 82
52 86
52 90
52 91
52 93
52 94
52 95
52 98
52 99
52 100
52 102
52 103
52 104
52 105
52 106
52 107
52 108
52 109
52 111
52 113
52 114
52 115
52 116
52 117
52 121
52 122
52 123
52 124
52 125
52 126
52 127
53 0
53 3
53 6
53 7
53 9
53 11
53 13
53 17
53 18
53 20
53 21
53 22
53 24
53 25
53 26
53 28
53 29
53 30
53 32
53 33
53 35
53 37
53 39
53 40
53 42
53 43
53 45
53 46
53 47
53 48
53 51
53 52
53 54
53 55
53 65
53 67
53 69
53 71
53 72
53 73
53 74
53 75
53 76
53 79
53 80
53 82
53 86
53 90
53 91
53 93
53 94
53 95
53 98
53 99
53 100
53 102
53 103
53 104
53 105
53 106
53 107
53 108
53 109
53 111
53 113
53 114
53 115
53 116
53 117
53 121
53 122
53 123
53 124
53 125
53 126
53 127
54 0
54 3
54 6
54 7
54 9
54 11
54 13
54 17
54 18
54 20
54 21
54 22
54 24
54 25
54 26
54 28
54 29
54 30
54 32
54 33
54 35
54 37
54 39
54 40
54 42
54 43
54 45
54 46
54 47
54 48
54 51
54 52
54 53
54 55
54 65
54 67
54 69
54 71
54 72
54 73
54 74
54 75
54 76
54 79
54 80
54 82
54 86
54 90
54 91
54 93
54 94
54 95
54 98
54 99
54 100
54 102
54 103
54 104
54 105
54 106
54 107
54 108
54 109
54 111
54 113
54 114
54 115
54 116
54 117
54 121
54 122
54 123
54 124
54 125
54 126
54 127
67 0
67 3
67 6
67 7
67 9
67 11
67 13
67 17
67 18
67 20
67 21
67 22
67 24
67 25
67 26
67 28
67 29
67 30
67 32
67 33
67 35
67 37
67 39
67 40
67 42
67 43
67 45
67 46
67 47
67 48
67 51
67 52
67 53
67 54
67 55
67 65
67 69
67 71
67 72
67 73
67 74
67 75
67 76
67 79
67 80
67 82
67 86
67 90
67 91
67 93
67 94
67 95
67 98
67 99
67 100
67 102
67 103
67 104
67 105
67 106
67 107
67 108
67 109
67 111
67 113
67 114
67 115
67 116
67 117
67 121
67 122
67 123
67 124
67 125
67 126
67 127
73 0
73 3
73 6
73 7
73 9
73 11
73 13
73 17
73 18
73 20
73 21
73 22
73 24
73 25
73 26
73 28
73 29
73 30
73 32
73 33
73 35
73 37
73 39
73 40
73 42
73 43
73 45
73 46
73 47
73 48
73 51
73 52
73 53
73 54
73 55
73 65
73 67
73 69
73 71
73 72
73 74
73 75
73 76
73 79
73 80
73 82
73 86
73 90
73 91
73 93
73 94
73 95
73 98
73 99
73 100
73 102
73 103
73 104
73 105
73 106
73 107
73 108
73 109
73 111
73 113
73 114
73 115
73 116
73 117
73 121
73 122
73 123
73 124
73 125
73 126
73 127
74 0
74 3
74 6
74 7
74 9
74 11
74 13
74 17
74 18
74 20
74 21
74 22
74 24
74 25
74 26
74 28
74 29
74 30
74 32
74 33
74 35
74 37
74 39
74 40
74 42
74 43
74 45
74 46
74 47
74 48
74 51
74 52
74 53
74 54
74 55
74 65
74 67
74 69
74 71
74 72
74 73
74 75
74 76
74 79
74 80
74 82
74 86
74 90
74 91
74 93
74 94
74 95
74 98
74 99
74 100
74 102
74 103
74 104
74 105
74 106
74 107
74 108
74 109
74 111
74 113
74 114
74 115
74 116
74 117
74 121
74 122
74 123
74 124
74 125
74 126
74 127
80 76
86 0
86 3
86 6
86 7
86 9
86 11
86 13
86 17
86 18
86 20
86 21
86 22
86 24
86 25
86 26
86 28
86 29
86 30
86 32
86 33
86 35
86 37
86 39
86 40
86 42
86 43
86 45
86 46
86 47
86 48
86 51
86 52
86 53
86 54
86 55
86 65
86 67
86 69
86 71
86 72
86 73
86 74
86 75
86 76
86 79
86 80
86 82
86 90
86 91
86 93
86 94
86 95
86 98
86 99
86 100
86 102
86 103
86 104
86 105
86 106
86 107
86 108
86 109
86 111
86 113
86 114
86 115
86 116
86 117
86 121
86 122
86 123
86 124
86 125
86 126
86 127
91 0
91 3
91 6
91 7
91 9
91 11
91 13
91 17
91 18
91 20
91 21
91 22
91 24
91 25
91 26
91 28
91 29
91 30
91 32
91 33
91 35
91 37
91 39
91 40
91 42
91 43
91 45
91 46
91 47
91 48
91 51
91 52
91 53
91 54
91 55
91 65
91 67
91 69
91 71
91 72
91 73
91 74
91 75
91 76
91 79
91 80
91 82
91 86
91 90
91 93
91 94
91 95
91 98
91 99
91 100
91 102
91 103
91 104
91 105
91 106
91 107
91 108
91 109
91 111
91 113
91 114
91 115
91 116
91 117
91 121
91 122
91 123
91 124
91 125
91 126
91 127
94 0
94 3
94 6
94 7
94 9
94 11
94 13
94 17
94 18
94 20
94 21
94 22
94 24
94 25
94 26
94 28
94 29
94 30
94 32
94 33
94 35
94 37
94 39
94 40
94 42
94 43
94 45
94 46
94 47
94 48
94 51
94 52
94 53
94 54
94 55
94 65
94 67
94 69
94 71
94 72
94 73
94 74
94 75
94 76
94 79
94 80
94 82
94 86
94 90
94 91
94 93
94 95
94 98
94 99
94 100
94 102
94 103
94 104
94 105
94 106
94 107
94 108
94 109
94 111
94 113
94 114
94 115
94 116
94 117
94 121
94 122
94 123
94 124
94 125
94 126
94 127
95 0
95 3
95 6
95 7
95 9
95 11
95 13
95 17
95 18
95 20
95 21
95 22
95 24
95 25
95 26
95 28
95 29
95 30
95 32
95 33
95 35
95 37
95 39
95 40
95 42
95 43
95 45
95 46
95 47
95 48
95 51
95 52
95 53
95 54
95 55
95 65
95 67
95 69
95 71
95 72
95 73
95 74
95 75
95 76
95 79
95 80
95 82
95 86
95 90
95 91
95 93
95 94
95 98
95 99
95 100
95 102
95 103
95 104
95 105
95 106
95 107
95 108
95 109
95 111
95 113
95 114
95 115
95 116
95 117
95 121
95 122
95 123
95 124
95 125
95 126
95 127
100 0
100 3
100 6
100 7
100 9
100 11
100 13
100 17
100 18
100 20
100 21
100 22
100 24
100 25
100 26
100 28
100 29
100 30
100 32
100 33
100 35
100 37
100 39
100 40
100 42
100 43
100 45
100 46
100 47
100 48
100 51
100 52
100 53
100 54
100 55
100 65
100 67
100 69
100 71
100 72
100 73
100 74
100 75
100 76
100 79
100 80
100 82
100 86
100 90
100 91
100 93
100 94
100 95
100 98
100 99
100 102
100 103
100 104
100 105
100 106
100 107
100 108
100 109
100 111
100 113
100 114
100 115
100 116
100 117
100 121
100 122
100 123
100 124
100 125
100 126
100 127
102 0
102 3
102 6
102 7
102 9
102 11
102 13
102 17
102 18
102 20
102 21
102 22
102 24
102 25
102 26
102 28
102 29
102 30
102 32
102 33
102 35
102 37
102 39
102 40
102 42
102 43
102 45
102 46
102 47
102 48
102 51
102 52
102 53
102 54
102 55
102 65
102 67
102 69
102 71
102 72
102 73
102 74
102 75
102 76
102 79
102 80
102 82
102 86
102 90
102 91
102 93
102 94
102 95
102 98
102 99
102 100
102 103
102 104
102 105
102 106
102 107
102 108
102 109
102 111
102 113
102 114
102 115
102 116
102 117
102 121
102 122
102 123
102 124
102 125
102 126
102 127
103 20
103 69
103 117
104 0
104 3
104 6
104 7
104 9
104 11
104 13
104 17
104 18
104 20
104 21
104 22
104 24
104 25
104 26
104 28
104 29
104 30
104 32
104 33
104 35
104 37
104 39
104 40
104 42
104 43
104 45
104 46
104 47
104 48
104 51
104 52
104 53
104 54
104 55
104 65
104 67
104 69
104 71
104 72
104 73
104 74
104 75
104 76
104 79
104 80
104 82
104 86
104 90
104 91
104 93
104 94
104 95
104 98
104 99
104 100
104 102
104 103
104 105
104 106
104 107
104 108
104 109
104 111
104 113
104 114
104 115
104 116
104 117
104 121
104 122
104 123
104 124
104 125
104 126
104 127
109 28
113 0
113 3
113 6
113 7
113 9
113 11
113 13
113 17
113 18
113 20
113 21
113 22
113 24
113 25
113 26
113 28
113 29
113 30
113 32
113 33
113 35
113 37
113 39
113 40
113 42
113 43
113 45
113 46
113 47
113 48
113 51
113 52
113 53
113 54
113 55
113 65
113 67
113 69
113 71
113 72
113 73
113 74
113 75
113 76
113 79
113 80
113 82
113 86
113 90
113 91
113 93
113 94
113 95
113 98
113 99
113 100
113 102
113 103
113 104
113 105
113 106
113 107
113 108
113 109
113 111
113 114
113 115
113 116
113 117
113 121
113 122
113 123
113 124
113 125
113 126
113 127
116 0
116 3
116 6
116 7
116 9
116 11
116 13
116 17
116 18
116 20
116 21
116 22
116 24
116 25
116 26
116 28
116 29
116 30
116 32
116 33
116 35
116 37
116 39
116 40
116 42
116 43
116 45
116 46
116 47
116 48
116 51
116 52
116 53
116 54
116 55
116 65
116 67
116 69
116 71
116 72
116 73
116 74
116 75
116 76
116 79
116 80
116 82
116 86
116 90
116 91
116 93
116 94
116 95
116 98
116 99
116 100
116 102
116 103
116 104
116 105
116 106
116 107
116 108
116 109
116 111
116 113
116 114
116 115
116 117
116 121
116 122
116 123
116 124
116 125
116 126
116 127
121 0
121 3
121 6
121 7
121 9
121 11
121 13
121 17
121 18
121 20
121 21
121 22
121 24
121 25
121 26
121 28
121 29
121 30
121 32
121 33
121 35
121 37
121 39
121 40
121 42
121 43
121 45
121 46
121 47
121 48
121 51
121 52
121 53
121 54
121 55
121 65
121 67
121 69
121 71
121 72
121 73
121 74
121 75
121 76
121 79
121 80
121 82
121 86
121 90
121 91
121 93
121 94
121 95
121 98
121 99
121 100
121 102
121 103
121 104
121 105
121 106
121 107
121 108
121 109
121 111
121 113
121 114
121 115
121 116
121 117
121 122
121 123
121 124
121 125
121 126
121 127
123 0
123 3
123 6
123 7
123 9
123 11
123 13
123 17
123 18
123 20
123 21
123 22
123 24
123 25
123 26
123 28
123 29
123 30
123 32
123 33
123 35
123 37
123 39
123 40
123 42
123 43
123 45
123 46
123 47
123 48
123 51
123 52
123 53
123 54
123 55
123 65
123 67
123 69
123 71
123 72
123 73
123 74
123 75
123 76
123 79
123 80
123 82
123 86
123 90
123 91
123 93
123 94
123 95
123 98
123 99
123 100
123 102
123 103
123 104
123 105
123 106
123 107
123 108
123 109
123 111
123 113
123 114
123 115
123 116
123 117
123 121
123 122
123 124
123 125
123 126
123 127
124 0
124 3
124 6
124 7
124 9
124 11
124 13
124 17
124 18
124 20
124 21
124 22
124 24
124 25
124 26
124 28
124 29
124 30
124 32
124 33
124 35
124 37
124 39
124 40
124 42
124 43
124 45
124 46
124 47
124 48
124 51
124 52
124 53
124 54
124 55
124 65
124 67
124 69
124 71
124 72
124 73
124 74
124 75
124 76
124 79
124 80
124 82
124 86
124 90
124 91
124 93
124 94
124 95
124 98
124 99
124 100
124 102
124 103
124 104
124 105
124 106
124 107
124 108
124 109
124 111
124 113
124 114
124 115
124 116
124 117
124 121
124 122
124 123
124 125
124 126
124 127
