128 1009
11 0
11 10
11 13
11 17
11 18
11 20
11 21
11 22
11 24
11 25
11 26
11 28
11 29
11 30
11 32
11 33
11 35
11 37
11 39
11 40
11 42
11 43
11 45
11 46
11 47
11 48
11 51
11 52
11 53
11 54
11 55
11 65
11 67
11 69
11 71
11 72
11 73
11 74
11 75
11 76
11 79
11 80
11 82
11 86
11 90
11 91
11 93
11 94
18 0
18 10
18 11
18 13
18 17
18 20
18 21
18 22
18 24
18 25
18 26
18 28
18 29
18 30
18 32
18 33
18 35
18 37
18 39
18 40
18 42
18 43
18 45
18 46
18 47
18 48
18 51
18 52
18 53
18 54
18 55
18 65
18 67
18 69
18 71
18 72
18 73
18 74
18 75
18 76
18 79
18 80
18 82
18 86
18 90
18 91
18 93
18 94
21 0
21 10
21 11
21 13
21 17
21 18
21 20
21 22
21 24
21 25
21 26
21 28
21 29
21 30
21 32
21 33
21 35
21 37
21 39
21 40
21 42
21 43
21 45
21 46
21 47
21 48
21 51
21 52
21 53
21 54
21 55
21 65
21 67
21 69
21 71
21 72
21 73
21 74
21 75
21 76
21 79
21 80
21 82
21 86
21 90
21 91
21 93
21 94
22 0
22 10
22 11
22 13
22 17
22 18
22 20
22 21
22 24
22 25
22 26
22 28
22 29
22 30
22 32
22 33
22 35
22 37
22 39
22 40
22 42
22 43
22 45
22 46
22 47
22 48
22 51
22 52
22 53
22 54
22 55
22 65
22 67
22 69
22 71
22 72
22 73
22 74
22 75
22 76
22 79
22 80
22 82
22 86
22 90
22 91
22 93
22 94
25 0
25 10
25 11
25 13
25 17
25 18
25 20
25 21
25 22
25 24
25 26
25 28
25 29
25 30
25 32
25 33
25 35
25 37
25 39
25 40
25 42
25 43
25 45
25 46
25 47
25 48
25 51
25 52
25 53
25 54
25 55
25 65
25 67
25 69
25 71
25 72
25 73
25 74
25 75
25 76
25 79
25 80
25 82
25 86
25 90
25 91
25 93
25 94
26 0
26 10
26 11
26 13
26 17
26 18
26 20
26 21
26 22
26 24
26 25
26 28
26 29
26 30
26 32
26 33
26 35
26 37
26 39
26 40
26 42
26 43
26 45
26 46
26 47
26 48
26 51
26 52
26 53
26 54
26 55
26 65
26 67
26 69
26 71
26 72
26 73
26 74
26 75
26 76
26 79
26 80
26 82
26 86
26 90
26 91
26 93
26 94
30 0
30 10
30 11
30 13
30 17
30 18
30 20
30 21
30 22
30 24
30 25
30 26
30 28
30 29
30 32
30 33
30 35
30 37
30 39
30 40
30 42
30 43
30 45
30 46
30 47
30 48
30 51
30 52
30 53
30 54
30 55
30 65
30 67
30 69
30 71
30 72
30 73
30 74
30 75
30 76
30 79
30 80
30 82
30 86
30 90
30 91
30 93
30 94
33 0
33 10
33 11
33 13
33 17
33 18
33 20
33 21
33 22
33 24
33 25
33 26
33 28
33 29
33 30
33 32
33 35
33 37
33 39
33 40
33 42
33 43
33 45
33 46
33 47
33 48
33 51
33 52
33 53
33 54
33 55
33 65
33 67
33 69
33 71
33 72
33 73
33 74
33 75
33 76
33 79
33 80
33 82
33 86
33 90
33 91
33 93
33 94
39 0
39 10
39 11
39 13
39 17
39 18
39 20
39 21
39 22
39 24
39 25
39 26
39 28
39 29
39 30
39 32
39 33
39 35
39 37
39 40
39 42
39 43
39 45
39 46
39 47
39 48
39 51
39 52
39 53
39 54
39 55
39 65
39 67
39 69
39 71
39 72
39 73
39 74
39 75
39 76
39 79
39 80
39 82
39 86
39 90
39 91
39 93
39 94
40 0
40 10
40 11
40 13
40 17
40 18
40 20
40 21
40 22
40 24
40 25
40 26
40 28
40 29
40 30
40 32
40 33
40 35
40 37
40 39
40 42
40 43
40 45
40 46
40 47
40 48
40 51
40 52
40 53
40 54
40 55
40 65
40 67
40 69
40 71
40 72
40 73
40 74
40 75
40 76
40 79
40 80
40 82
40 86
40 90
40 91
40 93
40 94
43 0
43 10
43 11
43 13
43 17
43 18
43 20
43 21
43 22
43 24
43 25
43 26
43 28
43 29
43 30
43 32
43 33
43 35
43 37
43 39
43 40
43 42
43 45
43 46
43 47
43 48
43 51
43 52
43 53
43 54
43 55
43 65
43 67
43 69
43 71
43 72
43 73
43 74
43 75
43 76
43 79
43 80
43 82
43 86
43 90
43 91
43 93
43 94
46 0
46 10
46 11
46 13
46 17
46 18
46 20
46 21
46 22
46 24
46 25
46 26
46 28
46 29
46 30
46 32
46 33
46 35
46 37
46 39
46 40
46 42
46 43
46 45
46 47
46 48
46 51
46 52
46 53
46 54
46 55
46 65
46 67
46 69
46 71
46 72
46 73
46 74
46 75
46 76
46 79
46 80
46 82
46 86
46 90
46 91
46 93
46 94
52 0
52 10
52 11
52 13
52 17
52 18
52 20
52 21
52 22
52 24
52 25
52 26
52 28
52 29
52 30
52 32
52 33
52 35
52 37
52 39
52 40
52 42
52 43
52 45
52 46
52 47
52 48
52 51
52 53
52 54
52 55
52 65
52 67
52 69
52 71
52 72
52 73
52 74
52 75
52 76
52 79
52 80
52 82
52 86
52 90
52 91
52 93
52 94
53 0
53 10
53 11
53 13
53 17
53 18
53 20
53 21
53 22
53 24
53 25
53 26
53 28
53 29
53 30
53 32
53 33
53 35
53 37
53 39
53 40
53 42
53 43
53 45
53 46
53 47
53 48
53 51
53 52
53 54
53 55
53 65
53 67
53 69
53 71
53 72
53 73
53 74
53 75
53 76
53 79
53 80
53 82
53 86
53 90
53 91
53 93
53 94
54 0
54 10
54 11
54 13
54 17
54 18
54 20
54 21
54 22
54 24
54 25
54 26
54 28
54 29
54 30
54 32
54 33
54 35
54 37
54 39
54 40
54 42
54 43
54 45
54 46
54 47
54 48
54 51
54 52
54 53
54 55
54 65
54 67
54 69
54 71
54 72
54 73
54 74
54 75
54 76
54 79
54 80
54 82
54 86
54 90
54 91
54 93
54 94
67 0
67 10
67 11
67 13
67 17
67 18
67 20
67 21
67 22
67 24
67 25
67 26
67 28
67 29
67 30
67 32
67 33
67 35
67 37
67 39
67 40
67 42
67 43
67 45
67 46
67 47
67 48
67 51
67 52
67 53
67 54
67 55
67 65
67 69
67 71
67 72
67 73
67 74
67 75
67 76
67 79
67 80
67 82
67 86
67 90
67 91
67 93
67 94
73 0
73 10
73 11
73 13
73 17
73 18
73 20
73 21
73 22
73 24
73 25
73 26
73 28
73 29
73 30
73 32
73 33
73 35
73 37
73 39
73 40
73 42
73 43
73 45
73 46
73 47
73 48
73 51
73 52
73 53
73 54
73 55
73 65
73 67
73 69
73 71
73 72
73 74
73 75
73 76
73 79
73 80
73 82
73 86
73 90
73 91
73 93
73 94
74 0
74 10
74 11
74 13
74 17
74 18
74 20
74 21
74 22
74 24
74 25
74 26
74 28
74 29
74 30
74 32
74 33
74 35
74 37
74 39
74 40
74 42
74 43
74 45
74 46
74 47
74 48
74 51
74 52
74 53
74 54
74 55
74 65
74 67
74 69
74 71
74 72
74 73
74 75
74 76
74 79
74 80
74 82
74 86
74 90
74 91
74 93
74 94
80 76
86 0
86 10
86 11
86 13
86 17
86 18
86 20
86 21
86 22
86 24
86 25
86 26
86 28
86 29
86 30
86 32
86 33
86 35
86 37
86 39
86 40
86 42
86 43
86 45
86 46
86 47
86 48
86 51
86 52
86 53
86 54
86 55
86 65
86 67
86 69
86 71
86 72
86 73
86 74
86 75
86 76
86 79
86 80
86 82
86 90
86 91
86 93
86 94
91 0
91 10
91 11
91 13
91 17
91 18
91 20
91 21
91 22
91 24
91 25
91 26
91 28
91 29
91 30
91 32
91 33
91 35
91 37
91 39
91 40
91 42
91 43
91 45
91 46
91 47
91 48
91 51
91 52
91 53
91 54
91 55
91 65
91 67
91 69
91 71
91 72
91 73
91 74
91 75
91 76
91 79
91 80
91 82
91 86
91 90
91 93
91 94
94 0
94 10
94 11
94 13
94 17
94 18
94 20
94 21
94 22
94 24
94 25
94 26
94 28
94 29
94 30
94 32
94 33
94 35
94 37
94 39
94 40
94 42
94 43
94 45
94 46
94 47
94 48
94 51
94 52
94 53
94 54
94 55
94 65
94 67
94 69
94 71
94 72
94 73
94 74
94 75
94 76
94 79
94 80
94 82
94 86
94 90
94 91
94 93
