80 1216
4 45
26 53
29 76
53 20
5 73
24 21
75 55
64 51
26 38
41 25
28 35
28 47
11 53
60 79
8 43
38 39
9 5
48 69
52 20
14 2
55 39
41 13
17 79
54 42
1 38
28 32
42 49
71 2
2 16
62 74
8 13
68 53
76 19
32 48
23 22
46 0
39 74
35 73
20 67
74 58
69 47
36 66
72 2
21 24
33 56
24 12
60 4
61 13
75 34
76 17
46 13
67 26
31 16
59 39
45 50
0 41
64 10
40 69
78 2
33 18
78 29
0 46
35 5
77 14
33 78
64 23
36 30
65 24
1 11
27 17
70 55
57 43
46 58
14 22
56 15
40 35
54 10
60 10
34 70
23 18
7 12
49 39
23 72
31 33
17 16
51 20
30 64
25 39
9 40
73 57
20 36
45 17
2 51
65 33
9 29
27 79
39 49
37 35
22 76
61 74
24 15
70 59
54 36
72 23
62 32
50 23
55 42
41 38
41 67
41 0
6 23
66 34
76 72
63 59
78 5
16 66
32 37
0 61
11 39
20 71
65 76
39 1
70 42
32 69
25 26
0 3
52 55
72 29
67 38
13 74
77 9
62 69
70 39
14 72
4 33
22 78
56 7
63 34
37 41
52 34
76 79
28 40
74 57
75 49
32 73
39 26
40 28
50 33
56 40
41 11
66 54
11 1
41 44
0 13
61 37
2 71
9 2
5 32
73 41
8 58
69 62
29 77
67 61
76 18
33 72
66 6
42 6
48 62
61 73
22 5
55 20
37 32
51 2
25 38
58 8
25 53
57 73
2 9
76 27
68 11
13 41
7 5
58 13
5 19
23 51
72 77
61 47
56 19
9 72
12 21
22 23
48 37
19 12
27 4
35 62
58 57
30 20
20 75
2 14
74 62
19 76
68 20
54 71
36 10
23 6
56 57
59 66
15 62
52 59
73 47
1 61
57 8
40 32
66 70
78 22
16 50
50 2
3 67
5 9
71 60
28 61
32 5
53 39
20 10
20 64
5 12
7 15
48 32
23 45
76 24
32 28
10 51
66 64
67 3
48 61
50 4
75 3
14 9
36 51
76 21
56 65
47 69
69 28
63 49
60 75
69 32
18 14
47 28
39 75
59 55
6 36
77 22
53 38
10 64
26 11
38 11
39 58
23 64
36 64
46 44
43 57
9 78
77 29
78 40
31 2
62 56
23 27
28 41
66 10
5 22
9 76
46 43
37 47
66 55
28 69
38 61
76 15
18 29
58 44
27 60
52 42
9 77
18 76
37 73
49 70
76 78
39 55
20 54
79 27
25 67
78 76
19 21
25 61
77 23
39 63
32 40
26 42
18 23
42 64
40 72
21 5
61 11
54 60
16 17
23 78
17 2
60 31
65 21
34 52
17 27
44 0
60 63
70 75
33 24
55 63
55 60
79 45
6 10
27 45
44 13
34 66
28 73
49 60
3 46
12 62
71 6
41 74
61 26
2 54
8 46
41 58
60 17
79 23
72 40
60 27
73 61
47 62
58 39
46 3
16 76
57 21
74 46
34 42
49 59
55 52
8 61
35 37
20 26
4 17
38 68
21 76
62 47
70 60
13 46
12 65
14 40
29 72
51 6
19 5
44 58
79 4
53 25
53 3
20 1
0 74
5 48
46 74
43 74
77 33
43 3
8 57
76 31
21 7
39 67
61 25
61 44
17 31
60 16
10 30
40 29
42 68
40 37
14 29
45 79
61 58
23 4
53 11
79 31
8 3
54 30
39 38
33 77
11 26
38 3
3 11
25 68
57 13
48 35
42 30
72 18
27 76
56 24
21 65
60 52
25 11
61 68
33 16
65 62
21 12
3 49
29 14
2 6
47 73
70 3
63 42
3 43
42 34
3 74
12 76
3 70
3 55
59 3
65 5
49 75
11 20
42 38
42 55
61 35
58 0
34 20
37 28
44 39
67 1
64 54
36 23
48 73
29 33
70 34
47 61
23 79
57 74
52 70
30 2
7 56
42 1
79 66
5 65
29 5
55 49
75 20
69 57
62 46
50 66
64 30
22 14
13 44
29 9
75 63
71 66
44 3
73 37
57 46
12 57
20 53
20 70
15 56
61 43
63 70
48 40
26 3
31 79
35 48
4 27
62 73
18 5
31 45
68 3
57 44
25 3
78 18
21 57
50 16
60 51
39 53
15 65
29 22
12 7
41 48
40 12
45 31
2 22
65 19
76 4
66 27
21 15
31 50
48 47
60 59
27 23
66 79
44 8
37 5
3 52
71 23
40 24
56 76
60 30
29 78
60 64
65 57
59 60
72 5
1 42
19 62
5 35
76 77
70 52
7 24
51 66
5 15
1 68
20 6
39 11
53 68
10 23
35 40
13 0
46 62
5 78
42 10
45 76
42 75
18 22
8 41
20 34
20 59
5 21
57 19
5 69
3 25
41 32
41 46
40 21
57 24
41 69
11 67
24 65
77 40
44 46
60 54
66 71
42 71
57 0
0 44
40 48
22 40
37 57
64 2
46 41
2 77
70 63
4 23
60 34
19 33
33 22
73 5
72 14
50 60
69 5
36 71
21 40
78 77
20 52
3 59
23 14
69 48
73 40
44 41
49 55
35 69
44 57
24 19
30 71
45 60
1 20
72 9
49 3
66 16
52 49
42 70
22 2
16 45
73 48
5 47
68 38
18 72
12 19
36 20
16 60
55 59
45 66
23 31
57 37
72 33
36 2
64 71
3 58
57 65
66 51
10 36
56 5
24 76
7 19
6 64
75 70
18 2
68 39
44 43
51 71
16 79
15 24
77 72
42 52
30 51
16 4
62 12
28 62
53 42
33 27
56 33
68 42
66 36
60 36
5 14
51 30
3 68
33 65
59 42
59 34
35 41
34 49
18 78
54 66
60 49
51 54
31 4
14 5
23 50
41 28
47 35
65 7
3 63
59 52
17 50
76 9
54 23
69 35
52 63
27 16
34 60
79 76
4 60
54 64
68 25
17 33
45 27
1 53
39 43
73 69
57 15
11 41
32 61
14 23
34 55
2 27
68 61
10 20
67 39
4 2
35 47
57 56
8 62
22 9
2 10
43 44
39 70
13 57
39 52
66 4
37 61
52 60
1 26
6 60
5 28
63 75
47 41
19 7
66 45
30 54
64 36
55 34
15 33
20 51
41 35
75 60
75 42
24 40
26 39
41 68
77 5
44 62
47 40
39 46
33 31
10 54
31 23
65 40
69 40
53 61
7 21
28 57
38 41
68 1
26 67
20 49
23 54
57 32
77 76
62 21
23 17
38 25
76 45
75 39
14 18
39 8
3 26
42 59
43 39
47 48
9 33
35 57
50 27
43 58
38 26
41 43
40 56
6 20
48 41
20 63
22 29
10 2
65 56
2 45
73 32
64 66
27 33
74 13
29 18
2 78
32 62
69 37
67 42
26 1
56 12
15 7
58 41
15 40
41 1
39 13
16 2
15 21
0 58
74 44
79 50
43 13
34 39
51 42
35 32
1 25
34 59
71 64
37 62
53 26
17 45
43 0
58 43
59 70
19 56
3 8
54 20
58 61
55 3
19 57
5 72
66 75
25 1
63 52
43 62
33 17
56 21
42 11
49 42
14 78
29 2
23 71
39 44
7 40
73 62
51 10
15 57
15 12
67 11
76 65
69 41
32 35
23 16
42 53
42 63
78 33
71 54
10 42
3 1
11 42
40 47
33 19
76 56
31 27
50 31
8 74
62 15
50 76
5 24
76 12
33 45
40 73
78 14
61 32
49 52
67 20
19 15
6 71
60 45
0 39
58 46
13 61
21 56
44 74
7 62
13 43
57 47
23 9
62 0
78 9
7 57
26 20
33 50
23 30
39 25
73 28
23 36
66 31
8 0
40 15
18 40
16 23
71 42
18 9
4 50
49 34
3 53
34 3
40 65
52 75
67 41
74 41
72 78
17 66
70 49
37 40
6 51
19 40
61 46
33 7
2 30
11 61
6 66
15 76
38 1
62 44
26 41
26 61
5 18
76 50
43 8
71 30
3 44
35 28
76 14
47 5
63 60
16 33
2 36
45 23
34 63
12 15
57 35
12 33
59 49
38 67
0 43
5 77
2 18
41 53
59 20
22 18
62 35
40 78
5 29
33 21
43 46
61 69
28 37
64 6
56 62
62 24
3 0
31 60
59 63
17 76
74 0
18 77
62 7
4 31
9 14
13 62
13 58
54 2
72 22
7 76
63 3
24 57
46 8
23 10
42 36
71 10
41 37
64 20
6 2
26 25
14 76
40 7
51 23
66 30
53 1
1 3
21 19
76 29
49 66
30 42
38 20
46 57
23 77
18 33
79 2
66 52
10 60
66 59
28 48
32 41
32 57
79 60
5 37
77 2
12 56
4 66
62 8
0 62
47 37
27 2
33 12
28 5
45 4
36 6
21 62
62 48
73 35
31 66
59 75
1 39
30 66
65 12
49 63
22 72
62 58
51 64
20 55
60 70
26 68
45 33
30 6
3 34
33 15
76 7
70 66
45 2
17 60
43 41
63 20
62 43
50 45
66 49
60 50
42 54
48 28
69 61
31 76
16 31
33 29
75 59
47 57
23 29
63 39
33 79
67 25
2 79
62 28
39 34
31 17
62 19
1 41
44 61
5 7
61 67
62 37
2 50
74 3
2 29
64 42
15 5
55 70
65 15
75 52
24 56
64 60
30 10
2 64
33 14
2 72
10 6
29 23
61 53
39 68
20 25
57 58
34 75
72 76
54 51
24 33
38 53
37 48
40 9
61 28
71 20
42 26
58 74
57 28
12 40
43 61
11 3
66 63
36 54
6 30
8 44
57 69
30 36
53 67
46 61
9 23
13 39
27 66
52 3
61 38
52 66
69 73
3 13
2 4
61 1
57 12
71 51
76 22
33 4
19 24
20 11
68 67
39 0
35 61
68 41
17 4
45 16
41 26
50 79
6 42
67 68
76 16
63 66
62 13
30 23
29 40
36 42
9 18
7 65
20 38
12 24
14 77
66 50
22 33
42 51
61 8
41 73
2 31
14 33
16 27
78 72
9 22
15 19
3 38
2 17
61 0
79 16
10 66
48 5
79 33
46 39
77 18
0 8
25 42
79 17
74 39
67 53
37 69
33 9
60 71
54 6
75 66
11 38
55 75
60 6
12 5
51 60
11 68
5 56
27 50
39 59
6 54
1 67
41 47
32 47
13 8
27 31
22 77
8 39
40 18
0 57
40 22
3 75
61 48
40 19
74 61
57 7
20 68
74 43
30 60
42 67
48 57
13 3
77 78
71 36
20 30
55 66
24 62
36 60
17 23
57 48
40 77
21 33
60 55
47 32
24 5
78 23
19 65
66 17
11 25
41 8
49 20
58 3
25 41
68 26
24 7
7 33
25 20
4 79
70 20
38 42
58 62
10 71
62 65
53 41
52 39
4 16
42 25
4 76
40 14
63 55
51 36
74 8
50 17
