64 192
2 25
4 7
4 11
4 20
4 22
4 26
4 33
4 39
4 41
4 42
4 46
4 50
4 58
4 61
6 59
7 4
7 11
7 20
7 22
7 26
7 33
7 39
7 41
7 42
7 46
7 50
7 58
7 61
11 4
11 7
11 20
11 22
11 26
11 33
11 39
11 41
11 42
11 46
11 50
11 58
11 61
16 55
20 4
20 7
20 11
20 22
20 26
20 33
20 39
20 41
20 42
20 46
20 50
20 58
20 61
21 32
22 4
22 7
22 11
22 20
22 26
22 33
22 39
22 41
22 42
22 46
22 50
22 58
22 61
25 2
26 4
26 7
26 11
26 20
26 22
26 33
26 39
26 41
26 42
26 46
26 50
26 58
26 61
32 21
33 4
33 7
33 11
33 20
33 22
33 26
33 39
33 41
33 42
33 46
33 50
33 58
33 61
39 4
39 7
39 11
39 20
39 22
39 26
39 33
39 41
39 42
39 46
39 50
39 58
39 61
41 4
41 7
41 11
41 20
41 22
41 26
41 33
41 39
41 42
41 46
41 50
41 58
41 61
42 4
42 7
42 11
42 20
42 22
42 26
42 33
42 39
42 41
42 46
42 50
42 58
42 61
46 4
46 7
46 11
46 20
46 22
46 26
46 33
46 39
46 41
46 42
46 50
46 58
46 61
50 4
50 7
50 11
50 20
50 22
50 26
50 33
50 39
50 41
50 42
50 46
50 58
50 61
52 63
55 16
58 4
58 7
58 11
58 20
58 22
58 26
58 33
58 39
58 41
58 42
58 46
58 50
58 61
59 6
61 4
61 7
61 11
61 20
61 22
61 26
61 33
61 39
61 41
61 42
61 46
61 50
61 58
63 52
