128 746
0 4
1 8
1 18
1 23
1 25
1 31
1 34
1 35
1 44
1 49
1 51
1 52
1 69
1 70
1 71
1 73
1 75
1 78
1 79
1 80
1 87
1 88
1 90
1 92
1 95
1 110
1 117
2 74
3 36
4 0
6 29
6 81
6 103
8 1
8 18
8 23
8 25
8 31
8 34
8 35
8 44
8 49
8 51
8 52
8 69
8 70
8 71
8 73
8 75
8 78
8 79
8 80
8 87
8 88
8 90
8 92
8 95
8 110
8 117
12 37
12 83
16 43
18 1
18 8
18 23
18 25
18 31
18 34
18 35
18 44
18 49
18 51
18 52
18 69
18 70
18 71
18 73
18 75
18 78
18 79
18 80
18 87
18 88
18 90
18 92
18 95
18 110
18 117
21 120
23 1
23 8
23 18
23 25
23 31
23 34
23 35
23 44
23 49
23 51
23 52
23 69
23 70
23 71
23 73
23 75
23 78
23 79
23 80
23 87
23 88
23 90
23 92
23 95
23 110
23 117
25 1
25 8
25 18
25 23
25 31
25 34
25 35
25 44
25 49
25 51
25 52
25 69
25 70
25 71
25 73
25 75
25 78
25 79
25 80
25 87
25 88
25 90
25 92
25 95
25 110
25 117
26 33
27 93
29 6
29 81
29 103
31 1
31 8
31 18
31 23
31 25
31 34
31 35
31 44
31 49
31 51
31 52
31 69
31 70
31 71
31 73
31 75
31 78
31 79
31 80
31 87
31 88
31 90
31 92
31 95
31 110
31 117
33 26
34 1
34 8
34 18
34 23
34 25
34 31
34 35
34 44
34 49
34 51
34 52
34 69
34 70
34 71
34 73
34 75
34 78
34 79
34 80
34 87
34 88
34 90
34 92
34 95
34 110
34 117
35 1
35 8
35 18
35 23
35 25
35 31
35 34
35 44
35 49
35 51
35 52
35 69
35 70
35 71
35 73
35 75
35 78
35 79
35 80
35 87
35 88
35 90
35 92
35 95
35 110
35 117
36 3
37 12
37 83
41 60
41 68
42 48
43 16
44 1
44 8
44 18
44 23
44 25
44 31
44 34
44 35
44 49
44 51
44 52
44 69
44 70
44 71
44 73
44 75
44 78
44 79
44 80
44 87
44 88
44 90
44 92
44 95
44 110
44 117
48 42
49 1
49 8
49 18
49 23
49 25
49 31
49 34
49 35
49 44
49 51
49 52
49 69
49 70
49 71
49 73
49 75
49 78
49 79
49 80
49 87
49 88
49 90
49 92
49 95
49 110
49 117
51 1
51 8
51 18
51 23
51 25
51 31
51 34
51 35
51 44
51 49
51 52
51 69
51 70
51 71
51 73
51 75
51 78
51 79
51 80
51 87
51 88
51 90
51 92
51 95
51 110
51 117
52 1
52 8
52 18
52 23
52 25
52 31
52 34
52 35
52 44
52 49
52 51
52 69
52 70
52 71
52 73
52 75
52 78
52 79
52 80
52 87
52 88
52 90
52 92
52 95
52 110
52 117
59 126
60 41
60 68
64 77
68 41
68 60
69 1
69 8
69 18
69 23
69 25
69 31
69 34
69 35
69 44
69 49
69 51
69 52
69 70
69 71
69 73
69 75
69 78
69 79
69 80
69 87
69 88
69 90
69 92
69 95
69 110
69 117
70 1
70 8
70 18
70 23
70 25
70 31
70 34
70 35
70 44
70 49
70 51
70 52
70 69
70 71
70 73
70 75
70 78
70 79
70 80
70 87
70 88
70 90
70 92
70 95
70 110
70 117
71 1
71 8
71 18
71 23
71 25
71 31
71 34
71 35
71 44
71 49
71 51
71 52
71 69
71 70
71 73
71 75
71 78
71 79
71 80
71 87
71 88
71 90
71 92
71 95
71 110
71 117
73 1
73 8
73 18
73 23
73 25
73 31
73 34
73 35
73 44
73 49
73 51
73 52
73 69
73 70
73 71
73 75
73 78
73 79
73 80
73 87
73 88
73 90
73 92
73 95
73 110
73 117
74 2
75 1
75 8
75 18
75 23
75 25
75 31
75 34
75 35
75 44
75 49
75 51
75 52
75 69
75 70
75 71
75 73
75 78
75 79
75 80
75 87
75 88
75 90
75 92
75 95
75 110
75 117
77 64
78 1
78 8
78 18
78 23
78 25
78 31
78 34
78 35
78 44
78 49
78 51
78 52
78 69
78 70
78 71
78 73
78 75
78 79
78 80
78 87
78 88
78 90
78 92
78 95
78 110
78 117
79 1
79 8
79 18
79 23
79 25
79 31
79 34
79 35
79 44
79 49
79 51
79 52
79 69
79 70
79 71
79 73
79 75
79 78
79 80
79 87
79 88
79 90
79 92
79 95
79 110
79 117
80 1
80 8
80 18
80 23
80 25
80 31
80 34
80 35
80 44
80 49
80 51
80 52
80 69
80 70
80 71
80 73
80 75
80 78
80 79
80 87
80 88
80 90
80 92
80 95
80 110
80 117
81 6
81 29
81 103
83 12
83 37
87 1
87 8
87 18
87 23
87 25
87 31
87 34
87 35
87 44
87 49
87 51
87 52
87 69
87 70
87 71
87 73
87 75
87 78
87 79
87 80
87 88
87 90
87 92
87 95
87 110
87 117
88 1
88 8
88 18
88 23
88 25
88 31
88 34
88 35
88 44
88 49
88 51
88 52
88 69
88 70
88 71
88 73
88 75
88 78
88 79
88 80
88 87
88 90
88 92
88 95
88 110
88 117
90 1
90 8
90 18
90 23
90 25
90 31
90 34
90 35
90 44
90 49
90 51
90 52
90 69
90 70
90 71
90 73
90 75
90 78
90 79
90 80
90 87
90 88
90 92
90 95
90 110
90 117
92 1
92 8
92 18
92 23
92 25
92 31
92 34
92 35
92 44
92 49
92 51
92 52
92 69
92 70
92 71
92 73
92 75
92 78
92 79
92 80
92 87
92 88
92 90
92 95
92 110
92 117
93 27
95 1
95 8
95 18
95 23
95 25
95 31
95 34
95 35
95 44
95 49
95 51
95 52
95 69
95 70
95 71
95 73
95 75
95 78
95 79
95 80
95 87
95 88
95 90
95 92
95 110
95 117
103 6
103 29
103 81
110 1
110 8
110 18
110 23
110 25
110 31
110 34
110 35
110 44
110 49
110 51
110 52
110 69
110 70
110 71
110 73
110 75
110 78
110 79
110 80
110 87
110 88
110 90
110 92
110 95
110 117
117 1
117 8
117 18
117 23
117 25
117 31
117 34
117 35
117 44
117 49
117 51
117 52
117 69
117 70
117 71
117 73
117 75
117 78
117 79
117 80
117 87
117 88
117 90
117 92
117 95
117 110
120 21
126 59
