128 188
1 71
1 75
4 49
4 111
10 13
10 16
10 17
10 36
10 38
10 57
10 64
10 108
10 119
10 125
10 126
12 60
12 83
13 10
13 16
13 17
13 36
13 38
13 57
13 64
13 108
13 119
13 125
13 126
16 10
16 13
16 17
16 36
16 38
16 57
16 64
16 108
16 119
16 125
16 126
17 10
17 13
17 16
17 36
17 38
17 57
17 64
17 108
17 119
17 125
17 126
18 74
21 52
21 95
30 80
30 96
30 105
36 10
36 13
36 16
36 17
36 38
36 57
36 64
36 108
36 119
36 125
36 126
38 10
38 13
38 16
38 17
38 36
38 57
38 64
38 108
38 119
38 125
38 126
49 4
49 111
52 21
52 95
57 10
57 13
57 16
57 17
57 36
57 38
57 64
57 108
57 119
57 125
57 126
58 66
58 87
60 12
60 83
61 92
64 10
64 13
64 16
64 17
64 36
64 38
64 57
64 108
64 119
64 125
64 126
66 58
66 87
69 91
69 109
71 1
71 75
74 18
75 1
75 71
76 112
80 30
80 96
80 105
83 12
83 60
87 58
87 66
91 69
91 109
92 61
95 21
95 52
96 30
96 80
96 105
105 30
105 80
105 96
108 10
108 13
108 16
108 17
108 36
108 38
108 57
108 64
108 119
108 125
108 126
109 69
109 91
111 4
111 49
112 76
114 120
119 10
119 13
119 16
119 17
119 36
119 38
119 57
119 64
119 108
119 125
119 126
120 114
125 10
125 13
125 16
125 17
125 36
125 38
125 57
125 64
125 108
125 119
125 126
126 10
126 13
126 16
126 17
126 36
126 38
126 57
126 64
126 108
126 119
126 125
