512 2898
1 102
5 129
5 353
5 407
6 59
8 188
10 13
10 16
10 17
10 21
10 36
10 38
10 57
10 108
10 115
10 119
10 125
10 126
10 136
10 138
10 161
10 166
10 168
10 181
10 225
10 238
10 241
10 254
10 261
10 283
10 305
10 318
10 325
10 326
10 336
10 337
10 346
10 349
10 380
10 417
10 453
10 454
10 456
10 464
10 467
10 468
10 475
10 479
10 495
10 497
10 500
11 160
11 183
11 276
11 439
12 79
12 268
13 10
13 16
13 17
13 21
13 36
13 38
13 57
13 108
13 115
13 119
13 125
13 126
13 136
13 138
13 161
13 166
13 168
13 181
13 225
13 238
13 241
13 254
13 261
13 283
13 305
13 318
13 325
13 326
13 336
13 337
13 346
13 349
13 380
13 417
13 453
13 454
13 456
13 464
13 467
13 468
13 475
13 479
13 495
13 497
13 500
14 46
14 53
14 74
14 89
14 111
14 127
14 215
14 243
14 273
14 278
14 466
16 10
16 13
16 17
16 21
16 36
16 38
16 57
16 108
16 115
16 119
16 125
16 126
16 136
16 138
16 161
16 166
16 168
16 181
16 225
16 238
16 241
16 254
16 261
16 283
16 305
16 318
16 325
16 326
16 336
16 337
16 346
16 349
16 380
16 417
16 453
16 454
16 456
16 464
16 467
16 468
16 475
16 479
16 495
16 497
16 500
17 10
17 13
17 16
17 21
17 36
17 38
17 57
17 108
17 115
17 119
17 125
17 126
17 136
17 138
17 161
17 166
17 168
17 181
17 225
17 238
17 241
17 254
17 261
17 283
17 305
17 318
17 325
17 326
17 336
17 337
17 346
17 349
17 380
17 417
17 453
17 454
17 456
17 464
17 467
17 468
17 475
17 479
17 495
17 497
17 500
19 106
21 10
21 13
21 16
21 17
21 36
21 38
21 57
21 108
21 115
21 119
21 125
21 126
21 136
21 138
21 161
21 166
21 168
21 181
21 225
21 238
21 241
21 254
21 261
21 283
21 305
21 318
21 325
21 326
21 336
21 337
21 346
21 349
21 380
21 417
21 453
21 454
21 456
21 464
21 467
21 468
21 475
21 479
21 495
21 497
21 500
22 266
24 359
24 423
26 218
26 246
27 92
28 84
28 405
28 505
29 49
31 58
31 377
32 228
32 247
34 50
34 384
36 10
36 13
36 16
36 17
36 21
36 38
36 57
36 108
36 115
36 119
36 125
36 126
36 136
36 138
36 161
36 166
36 168
36 181
36 225
36 238
36 241
36 254
36 261
36 283
36 305
36 318
36 325
36 326
36 336
36 337
36 346
36 349
36 380
36 417
36 453
36 454
36 456
36 464
36 467
36 468
36 475
36 479
36 495
36 497
36 500
37 250
38 10
38 13
38 16
38 17
38 21
38 36
38 57
38 108
38 115
38 119
38 125
38 126
38 136
38 138
38 161
38 166
38 168
38 181
38 225
38 238
38 241
38 254
38 261
38 283
38 305
38 318
38 325
38 326
38 336
38 337
38 346
38 349
38 380
38 417
38 453
38 454
38 456
38 464
38 467
38 468
38 475
38 479
38 495
38 497
38 500
41 214
41 347
41 461
41 478
42 60
42 252
43 294
43 342
45 450
46 14
46 53
46 74
46 89
46 111
46 127
46 215
46 243
46 273
46 278
46 466
47 332
47 425
49 29
50 34
50 384
51 144
52 103
53 14
53 46
53 74
53 89
53 111
53 127
53 215
53 243
53 273
53 278
53 466
54 109
54 191
54 448
54 485
54 511
57 10
57 13
57 16
57 17
57 21
57 36
57 38
57 108
57 115
57 119
57 125
57 126
57 136
57 138
57 161
57 166
57 168
57 181
57 225
57 238
57 241
57 254
57 261
57 283
57 305
57 318
57 325
57 326
57 336
57 337
57 346
57 349
57 380
57 417
57 453
57 454
57 456
57 464
57 467
57 468
57 475
57 479
57 495
57 497
57 500
58 31
58 377
59 6
60 42
60 252
66 114
66 185
66 189
66 195
66 258
66 281
66 302
66 330
66 390
66 469
69 249
70 93
70 107
70 128
70 137
70 143
70 179
70 203
70 363
70 459
73 147
73 356
74 14
74 46
74 53
74 89
74 111
74 127
74 215
74 243
74 273
74 278
74 466
75 124
75 230
75 289
79 12
79 268
81 85
81 375
81 494
84 28
84 405
84 505
85 81
85 375
85 494
86 205
86 368
87 187
87 265
87 311
87 473
89 14
89 46
89 53
89 74
89 111
89 127
89 215
89 243
89 273
89 278
89 466
92 27
93 70
93 107
93 128
93 137
93 143
93 179
93 203
93 363
93 459
94 139
94 343
94 392
94 465
95 334
96 284
97 193
97 386
97 403
100 165
100 442
102 1
103 52
104 142
106 19
107 70
107 93
107 128
107 137
107 143
107 179
107 203
107 363
107 459
108 10
108 13
108 16
108 17
108 21
108 36
108 38
108 57
108 115
108 119
108 125
108 126
108 136
108 138
108 161
108 166
108 168
108 181
108 225
108 238
108 241
108 254
108 261
108 283
108 305
108 318
108 325
108 326
108 336
108 337
108 346
108 349
108 380
108 417
108 453
108 454
108 456
108 464
108 467
108 468
108 475
108 479
108 495
108 497
108 500
109 54
109 191
109 448
109 485
109 511
110 338
110 391
111 14
111 46
111 53
111 74
111 89
111 127
111 215
111 243
111 273
111 278
111 466
113 170
114 66
114 185
114 189
114 195
114 258
114 281
114 302
114 330
114 390
114 469
115 10
115 13
115 16
115 17
115 21
115 36
115 38
115 57
115 108
115 119
115 125
115 126
115 136
115 138
115 161
115 166
115 168
115 181
115 225
115 238
115 241
115 254
115 261
115 283
115 305
115 318
115 325
115 326
115 336
115 337
115 346
115 349
115 380
115 417
115 453
115 454
115 456
115 464
115 467
115 468
115 475
115 479
115 495
115 497
115 500
118 402
119 10
119 13
119 16
119 17
119 21
119 36
119 38
119 57
119 108
119 115
119 125
119 126
119 136
119 138
119 161
119 166
119 168
119 181
119 225
119 238
119 241
119 254
119 261
119 283
119 305
119 318
119 325
119 326
119 336
119 337
119 346
119 349
119 380
119 417
119 453
119 454
119 456
119 464
119 467
119 468
119 475
119 479
119 495
119 497
119 500
122 420
124 75
124 230
124 289
125 10
125 13
125 16
125 17
125 21
125 36
125 38
125 57
125 108
125 115
125 119
125 126
125 136
125 138
125 161
125 166
125 168
125 181
125 225
125 238
125 241
125 254
125 261
125 283
125 305
125 318
125 325
125 326
125 336
125 337
125 346
125 349
125 380
125 417
125 453
125 454
125 456
125 464
125 467
125 468
125 475
125 479
125 495
125 497
125 500
126 10
126 13
126 16
126 17
126 21
126 36
126 38
126 57
126 108
126 115
126 119
126 125
126 136
126 138
126 161
126 166
126 168
126 181
126 225
126 238
126 241
126 254
126 261
126 283
126 305
126 318
126 325
126 326
126 336
126 337
126 346
126 349
126 380
126 417
126 453
126 454
126 456
126 464
126 467
126 468
126 475
126 479
126 495
126 497
126 500
127 14
127 46
127 53
127 74
127 89
127 111
127 215
127 243
127 273
127 278
127 466
128 70
128 93
128 107
128 137
128 143
128 179
128 203
128 363
128 459
129 5
129 353
129 407
130 211
130 296
131 406
132 348
132 367
133 437
134 151
136 10
136 13
136 16
136 17
136 21
136 36
136 38
136 57
136 108
136 115
136 119
136 125
136 126
136 138
136 161
136 166
136 168
136 181
136 225
136 238
136 241
136 254
136 261
136 283
136 305
136 318
136 325
136 326
136 336
136 337
136 346
136 349
136 380
136 417
136 453
136 454
136 456
136 464
136 467
136 468
136 475
136 479
136 495
136 497
136 500
137 70
137 93
137 107
137 128
137 143
137 179
137 203
137 363
137 459
138 10
138 13
138 16
138 17
138 21
138 36
138 38
138 57
138 108
138 115
138 119
138 125
138 126
138 136
138 161
138 166
138 168
138 181
138 225
138 238
138 241
138 254
138 261
138 283
138 305
138 318
138 325
138 326
138 336
138 337
138 346
138 349
138 380
138 417
138 453
138 454
138 456
138 464
138 467
138 468
138 475
138 479
138 495
138 497
138 500
139 94
139 343
139 392
139 465
142 104
143 70
143 93
143 107
143 128
143 137
143 179
143 203
143 363
143 459
144 51
146 301
147 73
147 356
148 196
148 408
148 421
150 157
150 164
150 186
151 134
154 376
156 199
156 445
157 150
157 164
157 186
159 378
160 11
160 183
160 276
160 439
161 10
161 13
161 16
161 17
161 21
161 36
161 38
161 57
161 108
161 115
161 119
161 125
161 126
161 136
161 138
161 166
161 168
161 181
161 225
161 238
161 241
161 254
161 261
161 283
161 305
161 318
161 325
161 326
161 336
161 337
161 346
161 349
161 380
161 417
161 453
161 454
161 456
161 464
161 467
161 468
161 475
161 479
161 495
161 497
161 500
162 372
163 267
163 463
164 150
164 157
164 186
165 100
165 442
166 10
166 13
166 16
166 17
166 21
166 36
166 38
166 57
166 108
166 115
166 119
166 125
166 126
166 136
166 138
166 161
166 168
166 181
166 225
166 238
166 241
166 254
166 261
166 283
166 305
166 318
166 325
166 326
166 336
166 337
166 346
166 349
166 380
166 417
166 453
166 454
166 456
166 464
166 467
166 468
166 475
166 479
166 495
166 497
166 500
168 10
168 13
168 16
168 17
168 21
168 36
168 38
168 57
168 108
168 115
168 119
168 125
168 126
168 136
168 138
168 161
168 166
168 181
168 225
168 238
168 241
168 254
168 261
168 283
168 305
168 318
168 325
168 326
168 336
168 337
168 346
168 349
168 380
168 417
168 453
168 454
168 456
168 464
168 467
168 468
168 475
168 479
168 495
168 497
168 500
170 113
173 317
174 399
174 502
178 192
178 207
179 70
179 93
179 107
179 128
179 137
179 143
179 203
179 363
179 459
180 208
181 10
181 13
181 16
181 17
181 21
181 36
181 38
181 57
181 108
181 115
181 119
181 125
181 126
181 136
181 138
181 161
181 166
181 168
181 225
181 238
181 241
181 254
181 261
181 283
181 305
181 318
181 325
181 326
181 336
181 337
181 346
181 349
181 380
181 417
181 453
181 454
181 456
181 464
181 467
181 468
181 475
181 479
181 495
181 497
181 500
183 11
183 160
183 276
183 439
185 66
185 114
185 189
185 195
185 258
185 281
185 302
185 330
185 390
185 469
186 150
186 157
186 164
187 87
187 265
187 311
187 473
188 8
189 66
189 114
189 185
189 195
189 258
189 281
189 302
189 330
189 390
189 469
191 54
191 109
191 448
191 485
191 511
192 178
192 207
193 97
193 386
193 403
195 66
195 114
195 185
195 189
195 258
195 281
195 302
195 330
195 390
195 469
196 148
196 408
196 421
199 156
199 445
201 231
201 237
202 239
203 70
203 93
203 107
203 128
203 137
203 143
203 179
203 363
203 459
205 86
205 368
207 178
207 192
208 180
209 409
209 501
211 130
211 296
213 217
213 509
214 41
214 347
214 461
214 478
215 14
215 46
215 53
215 74
215 89
215 111
215 127
215 243
215 273
215 278
215 466
217 213
217 509
218 26
218 246
224 292
224 395
225 10
225 13
225 16
225 17
225 21
225 36
225 38
225 57
225 108
225 115
225 119
225 125
225 126
225 136
225 138
225 161
225 166
225 168
225 181
225 238
225 241
225 254
225 261
225 283
225 305
225 318
225 325
225 326
225 336
225 337
225 346
225 349
225 380
225 417
225 453
225 454
225 456
225 464
225 467
225 468
225 475
225 479
225 495
225 497
225 500
228 32
228 247
230 75
230 124
230 289
231 201
231 237
233 374
234 314
234 385
237 201
237 231
238 10
238 13
238 16
238 17
238 21
238 36
238 38
238 57
238 108
238 115
238 119
238 125
238 126
238 136
238 138
238 161
238 166
238 168
238 181
238 225
238 241
238 254
238 261
238 283
238 305
238 318
238 325
238 326
238 336
238 337
238 346
238 349
238 380
238 417
238 453
238 454
238 456
238 464
238 467
238 468
238 475
238 479
238 495
238 497
238 500
239 202
241 10
241 13
241 16
241 17
241 21
241 36
241 38
241 57
241 108
241 115
241 119
241 125
241 126
241 136
241 138
241 161
241 166
241 168
241 181
241 225
241 238
241 254
241 261
241 283
241 305
241 318
241 325
241 326
241 336
241 337
241 346
241 349
241 380
241 417
241 453
241 454
241 456
241 464
241 467
241 468
241 475
241 479
241 495
241 497
241 500
243 14
243 46
243 53
243 74
243 89
243 111
243 127
243 215
243 273
243 278
243 466
244 507
244 508
246 26
246 218
247 32
247 228
249 69
250 37
252 42
252 60
253 487
254 10
254 13
254 16
254 17
254 21
254 36
254 38
254 57
254 108
254 115
254 119
254 125
254 126
254 136
254 138
254 161
254 166
254 168
254 181
254 225
254 238
254 241
254 261
254 283
254 305
254 318
254 325
254 326
254 336
254 337
254 346
254 349
254 380
254 417
254 453
254 454
254 456
254 464
254 467
254 468
254 475
254 479
254 495
254 497
254 500
258 66
258 114
258 185
258 189
258 195
258 281
258 302
258 330
258 390
258 469
260 262
260 269
260 354
260 362
260 415
260 426
261 10
261 13
261 16
261 17
261 21
261 36
261 38
261 57
261 108
261 115
261 119
261 125
261 126
261 136
261 138
261 161
261 166
261 168
261 181
261 225
261 238
261 241
261 254
261 283
261 305
261 318
261 325
261 326
261 336
261 337
261 346
261 349
261 380
261 417
261 453
261 454
261 456
261 464
261 467
261 468
261 475
261 479
261 495
261 497
261 500
262 260
262 269
262 354
262 362
262 415
262 426
265 87
265 187
265 311
265 473
266 22
267 163
267 463
268 12
268 79
269 260
269 262
269 354
269 362
269 415
269 426
272 498
273 14
273 46
273 53
273 74
273 89
273 111
273 127
273 215
273 243
273 278
273 466
276 11
276 160
276 183
276 439
277 286
278 14
278 46
278 53
278 74
278 89
278 111
278 127
278 215
278 243
278 273
278 466
281 66
281 114
281 185
281 189
281 195
281 258
281 302
281 330
281 390
281 469
283 10
283 13
283 16
283 17
283 21
283 36
283 38
283 57
283 108
283 115
283 119
283 125
283 126
283 136
283 138
283 161
283 166
283 168
283 181
283 225
283 238
283 241
283 254
283 261
283 305
283 318
283 325
283 326
283 336
283 337
283 346
283 349
283 380
283 417
283 453
283 454
283 456
283 464
283 467
283 468
283 475
283 479
283 495
283 497
283 500
284 96
286 277
289 75
289 124
289 230
291 308
291 345
292 224
292 395
294 43
294 342
296 130
296 211
297 416
297 506
300 369
300 419
301 146
302 66
302 114
302 185
302 189
302 195
302 258
302 281
302 330
302 390
302 469
303 398
305 10
305 13
305 16
305 17
305 21
305 36
305 38
305 57
305 108
305 115
305 119
305 125
305 126
305 136
305 138
305 161
305 166
305 168
305 181
305 225
305 238
305 241
305 254
305 261
305 283
305 318
305 325
305 326
305 336
305 337
305 346
305 349
305 380
305 417
305 453
305 454
305 456
305 464
305 467
305 468
305 475
305 479
305 495
305 497
305 500
308 291
308 345
311 87
311 187
311 265
311 473
314 234
314 385
316 503
317 173
318 10
318 13
318 16
318 17
318 21
318 36
318 38
318 57
318 108
318 115
318 119
318 125
318 126
318 136
318 138
318 161
318 166
318 168
318 181
318 225
318 238
318 241
318 254
318 261
318 283
318 305
318 325
318 326
318 336
318 337
318 346
318 349
318 380
318 417
318 453
318 454
318 456
318 464
318 467
318 468
318 475
318 479
318 495
318 497
318 500
320 321
321 320
325 10
325 13
325 16
325 17
325 21
325 36
325 38
325 57
325 108
325 115
325 119
325 125
325 126
325 136
325 138
325 161
325 166
325 168
325 181
325 225
325 238
325 241
325 254
325 261
325 283
325 305
325 318
325 326
325 336
325 337
325 346
325 349
325 380
325 417
325 453
325 454
325 456
325 464
325 467
325 468
325 475
325 479
325 495
325 497
325 500
326 10
326 13
326 16
326 17
326 21
326 36
326 38
326 57
326 108
326 115
326 119
326 125
326 126
326 136
326 138
326 161
326 166
326 168
326 181
326 225
326 238
326 241
326 254
326 261
326 283
326 305
326 318
326 325
326 336
326 337
326 346
326 349
326 380
326 417
326 453
326 454
326 456
326 464
326 467
326 468
326 475
326 479
326 495
326 497
326 500
329 357
329 382
330 66
330 114
330 185
330 189
330 195
330 258
330 281
330 302
330 390
330 469
331 492
332 47
332 425
334 95
336 10
336 13
336 16
336 17
336 21
336 36
336 38
336 57
336 108
336 115
336 119
336 125
336 126
336 136
336 138
336 161
336 166
336 168
336 181
336 225
336 238
336 241
336 254
336 261
336 283
336 305
336 318
336 325
336 326
336 337
336 346
336 349
336 380
336 417
336 453
336 454
336 456
336 464
336 467
336 468
336 475
336 479
336 495
336 497
336 500
337 10
337 13
337 16
337 17
337 21
337 36
337 38
337 57
337 108
337 115
337 119
337 125
337 126
337 136
337 138
337 161
337 166
337 168
337 181
337 225
337 238
337 241
337 254
337 261
337 283
337 305
337 318
337 325
337 326
337 336
337 346
337 349
337 380
337 417
337 453
337 454
337 456
337 464
337 467
337 468
337 475
337 479
337 495
337 497
337 500
338 110
338 391
340 400
341 429
342 43
342 294
343 94
343 139
343 392
343 465
345 291
345 308
346 10
346 13
346 16
346 17
346 21
346 36
346 38
346 57
346 108
346 115
346 119
346 125
346 126
346 136
346 138
346 161
346 166
346 168
346 181
346 225
346 238
346 241
346 254
346 261
346 283
346 305
346 318
346 325
346 326
346 336
346 337
346 349
346 380
346 417
346 453
346 454
346 456
346 464
346 467
346 468
346 475
346 479
346 495
346 497
346 500
347 41
347 214
347 461
347 478
348 132
348 367
349 10
349 13
349 16
349 17
349 21
349 36
349 38
349 57
349 108
349 115
349 119
349 125
349 126
349 136
349 138
349 161
349 166
349 168
349 181
349 225
349 238
349 241
349 254
349 261
349 283
349 305
349 318
349 325
349 326
349 336
349 337
349 346
349 380
349 417
349 453
349 454
349 456
349 464
349 467
349 468
349 475
349 479
349 495
349 497
349 500
353 5
353 129
353 407
354 260
354 262
354 269
354 362
354 415
354 426
355 411
356 73
356 147
357 329
357 382
358 438
359 24
359 423
360 387
362 260
362 262
362 269
362 354
362 415
362 426
363 70
363 93
363 107
363 128
363 137
363 143
363 179
363 203
363 459
367 132
367 348
368 86
368 205
369 300
369 419
372 162
374 233
375 81
375 85
375 494
376 154
377 31
377 58
378 159
380 10
380 13
380 16
380 17
380 21
380 36
380 38
380 57
380 108
380 115
380 119
380 125
380 126
380 136
380 138
380 161
380 166
380 168
380 181
380 225
380 238
380 241
380 254
380 261
380 283
380 305
380 318
380 325
380 326
380 336
380 337
380 346
380 349
380 417
380 453
380 454
380 456
380 464
380 467
380 468
380 475
380 479
380 495
380 497
380 500
382 329
382 357
383 499
384 34
384 50
385 234
385 314
386 97
386 193
386 403
387 360
389 441
390 66
390 114
390 185
390 189
390 195
390 258
390 281
390 302
390 330
390 469
391 110
391 338
392 94
392 139
392 343
392 465
395 224
395 292
398 303
399 174
399 502
400 340
402 118
403 97
403 193
403 386
405 28
405 84
405 505
406 131
407 5
407 129
407 353
408 148
408 196
408 421
409 209
409 501
411 355
415 260
415 262
415 269
415 354
415 362
415 426
416 297
416 506
417 10
417 13
417 16
417 17
417 21
417 36
417 38
417 57
417 108
417 115
417 119
417 125
417 126
417 136
417 138
417 161
417 166
417 168
417 181
417 225
417 238
417 241
417 254
417 261
417 283
417 305
417 318
417 325
417 326
417 336
417 337
417 346
417 349
417 380
417 453
417 454
417 456
417 464
417 467
417 468
417 475
417 479
417 495
417 497
417 500
419 300
419 369
420 122
421 148
421 196
421 408
423 24
423 359
425 47
425 332
426 260
426 262
426 269
426 354
426 362
426 415
429 341
437 133
438 358
439 11
439 160
439 183
439 276
441 389
442 100
442 165
445 156
445 199
448 54
448 109
448 191
448 485
448 511
450 45
453 10
453 13
453 16
453 17
453 21
453 36
453 38
453 57
453 108
453 115
453 119
453 125
453 126
453 136
453 138
453 161
453 166
453 168
453 181
453 225
453 238
453 241
453 254
453 261
453 283
453 305
453 318
453 325
453 326
453 336
453 337
453 346
453 349
453 380
453 417
453 454
453 456
453 464
453 467
453 468
453 475
453 479
453 495
453 497
453 500
454 10
454 13
454 16
454 17
454 21
454 36
454 38
454 57
454 108
454 115
454 119
454 125
454 126
454 136
454 138
454 161
454 166
454 168
454 181
454 225
454 238
454 241
454 254
454 261
454 283
454 305
454 318
454 325
454 326
454 336
454 337
454 346
454 349
454 380
454 417
454 453
454 456
454 464
454 467
454 468
454 475
454 479
454 495
454 497
454 500
456 10
456 13
456 16
456 17
456 21
456 36
456 38
456 57
456 108
456 115
456 119
456 125
456 126
456 136
456 138
456 161
456 166
456 168
456 181
456 225
456 238
456 241
456 254
456 261
456 283
456 305
456 318
456 325
456 326
456 336
456 337
456 346
456 349
456 380
456 417
456 453
456 454
456 464
456 467
456 468
456 475
456 479
456 495
456 497
456 500
459 70
459 93
459 107
459 128
459 137
459 143
459 179
459 203
459 363
461 41
461 214
461 347
461 478
463 163
463 267
464 10
464 13
464 16
464 17
464 21
464 36
464 38
464 57
464 108
464 115
464 119
464 125
464 126
464 136
464 138
464 161
464 166
464 168
464 181
464 225
464 238
464 241
464 254
464 261
464 283
464 305
464 318
464 325
464 326
464 336
464 337
464 346
464 349
464 380
464 417
464 453
464 454
464 456
464 467
464 468
464 475
464 479
464 495
464 497
464 500
465 94
465 139
465 343
465 392
466 14
466 46
466 53
466 74
466 89
466 111
466 127
466 215
466 243
466 273
466 278
467 10
467 13
467 16
467 17
467 21
467 36
467 38
467 57
467 108
467 115
467 119
467 125
467 126
467 136
467 138
467 161
467 166
467 168
467 181
467 225
467 238
467 241
467 254
467 261
467 283
467 305
467 318
467 325
467 326
467 336
467 337
467 346
467 349
467 380
467 417
467 453
467 454
467 456
467 464
467 468
467 475
467 479
467 495
467 497
467 500
468 10
468 13
468 16
468 17
468 21
468 36
468 38
468 57
468 108
468 115
468 119
468 125
468 126
468 136
468 138
468 161
468 166
468 168
468 181
468 225
468 238
468 241
468 254
468 261
468 283
468 305
468 318
468 325
468 326
468 336
468 337
468 346
468 349
468 380
468 417
468 453
468 454
468 456
468 464
468 467
468 475
468 479
468 495
468 497
468 500
469 66
469 114
469 185
469 189
469 195
469 258
469 281
469 302
469 330
469 390
473 87
473 187
473 265
473 311
475 10
475 13
475 16
475 17
475 21
475 36
475 38
475 57
475 108
475 115
475 119
475 125
475 126
475 136
475 138
475 161
475 166
475 168
475 181
475 225
475 238
475 241
475 254
475 261
475 283
475 305
475 318
475 325
475 326
475 336
475 337
475 346
475 349
475 380
475 417
475 453
475 454
475 456
475 464
475 467
475 468
475 479
475 495
475 497
475 500
478 41
478 214
478 347
478 461
479 10
479 13
479 16
479 17
479 21
479 36
479 38
479 57
479 108
479 115
479 119
479 125
479 126
479 136
479 138
479 161
479 166
479 168
479 181
479 225
479 238
479 241
479 254
479 261
479 283
479 305
479 318
479 325
479 326
479 336
479 337
479 346
479 349
479 380
479 417
479 453
479 454
479 456
479 464
479 467
479 468
479 475
479 495
479 497
479 500
485 54
485 109
485 191
485 448
485 511
487 253
492 331
494 81
494 85
494 375
495 10
495 13
495 16
495 17
495 21
495 36
495 38
495 57
495 108
495 115
495 119
495 125
495 126
495 136
495 138
495 161
495 166
495 168
495 181
495 225
495 238
495 241
495 254
495 261
495 283
495 305
495 318
495 325
495 326
495 336
495 337
495 346
495 349
495 380
495 417
495 453
495 454
495 456
495 464
495 467
495 468
495 475
495 479
495 497
495 500
497 10
497 13
497 16
497 17
497 21
497 36
497 38
497 57
497 108
497 115
497 119
497 125
497 126
497 136
497 138
497 161
497 166
497 168
497 181
497 225
497 238
497 241
497 254
497 261
497 283
497 305
497 318
497 325
497 326
497 336
497 337
497 346
497 349
497 380
497 417
497 453
497 454
497 456
497 464
497 467
497 468
497 475
497 479
497 495
497 500
498 272
499 383
500 10
500 13
500 16
500 17
500 21
500 36
500 38
500 57
500 108
500 115
500 119
500 125
500 126
500 136
500 138
500 161
500 166
500 168
500 181
500 225
500 238
500 241
500 254
500 261
500 283
500 305
500 318
500 325
500 326
500 336
500 337
500 346
500 349
500 380
500 417
500 453
500 454
500 456
500 464
500 467
500 468
500 475
500 479
500 495
500 497
501 209
501 409
502 174
502 399
503 316
505 28
505 84
505 405
506 297
506 416
507 244
507 508
508 244
508 507
509 213
509 217
511 54
511 109
511 191
511 448
511 485
