128 1384
2 127
3 70
9 23
9 51
9 52
10 12
10 13
10 15
10 16
10 17
10 19
10 21
10 28
10 29
10 32
10 36
10 37
10 38
10 48
10 54
10 55
10 56
10 57
10 63
10 65
10 81
10 82
10 83
10 84
10 91
10 94
10 103
10 104
10 108
10 109
10 111
10 119
10 122
10 124
10 125
10 126
12 10
12 13
12 15
12 16
12 17
12 19
12 21
12 28
12 29
12 32
12 36
12 37
12 38
12 48
12 54
12 55
12 56
12 57
12 63
12 65
12 81
12 82
12 83
12 84
12 91
12 94
12 103
12 104
12 108
12 109
12 111
12 119
12 122
12 124
12 125
12 126
13 10
13 12
13 15
13 16
13 17
13 19
13 21
13 28
13 29
13 32
13 36
13 37
13 38
13 48
13 54
13 55
13 56
13 57
13 63
13 65
13 81
13 82
13 83
13 84
13 91
13 94
13 103
13 104
13 108
13 109
13 111
13 119
13 122
13 124
13 125
13 126
14 31
14 75
15 10
15 12
15 13
15 16
15 17
15 19
15 21
15 28
15 29
15 32
15 36
15 37
15 38
15 48
15 54
15 55
15 56
15 57
15 63
15 65
15 81
15 82
15 83
15 84
15 91
15 94
15 103
15 104
15 108
15 109
15 111
15 119
15 122
15 124
15 125
15 126
16 10
16 12
16 13
16 15
16 17
16 19
16 21
16 28
16 29
16 32
16 36
16 37
16 38
16 48
16 54
16 55
16 56
16 57
16 63
16 65
16 81
16 82
16 83
16 84
16 91
16 94
16 103
16 104
16 108
16 109
16 111
16 119
16 122
16 124
16 125
16 126
17 10
17 12
17 13
17 15
17 16
17 19
17 21
17 28
17 29
17 32
17 36
17 37
17 38
17 48
17 54
17 55
17 56
17 57
17 63
17 65
17 81
17 82
17 83
17 84
17 91
17 94
17 103
17 104
17 108
17 109
17 111
17 119
17 122
17 124
17 125
17 126
19 10
19 12
19 13
19 15
19 16
19 17
19 21
19 28
19 29
19 32
19 36
19 37
19 38
19 48
19 54
19 55
19 56
19 57
19 63
19 65
19 81
19 82
19 83
19 84
19 91
19 94
19 103
19 104
19 108
19 109
19 111
19 119
19 122
19 124
19 125
19 126
21 10
21 12
21 13
21 15
21 16
21 17
21 19
21 28
21 29
21 32
21 36
21 37
21 38
21 48
21 54
21 55
21 56
21 57
21 63
21 65
21 81
21 82
21 83
21 84
21 91
21 94
21 103
21 104
21 108
21 109
21 111
21 119
21 122
21 124
21 125
21 126
22 34
22 86
23 9
23 51
23 52
24 96
26 33
28 10
28 12
28 13
28 15
28 16
28 17
28 19
28 21
28 29
28 32
28 36
28 37
28 38
28 48
28 54
28 55
28 56
28 57
28 63
28 65
28 81
28 82
28 83
28 84
28 91
28 94
28 103
28 104
28 108
28 109
28 111
28 119
28 122
28 124
28 125
28 126
29 10
29 12
29 13
29 15
29 16
29 17
29 19
29 21
29 28
29 32
29 36
29 37
29 38
29 48
29 54
29 55
29 56
29 57
29 63
29 65
29 81
29 82
29 83
29 84
29 91
29 94
29 103
29 104
29 108
29 109
29 111
29 119
29 122
29 124
29 125
29 126
31 14
31 75
32 10
32 12
32 13
32 15
32 16
32 17
32 19
32 21
32 28
32 29
32 36
32 37
32 38
32 48
32 54
32 55
32 56
32 57
32 63
32 65
32 81
32 82
32 83
32 84
32 91
32 94
32 103
32 104
32 108
32 109
32 111
32 119
32 122
32 124
32 125
32 126
33 26
34 22
34 86
36 10
36 12
36 13
36 15
36 16
36 17
36 19
36 21
36 28
36 29
36 32
36 37
36 38
36 48
36 54
36 55
36 56
36 57
36 63
36 65
36 81
36 82
36 83
36 84
36 91
36 94
36 103
36 104
36 108
36 109
36 111
36 119
36 122
36 124
36 125
36 126
37 10
37 12
37 13
37 15
37 16
37 17
37 19
37 21
37 28
37 29
37 32
37 36
37 38
37 48
37 54
37 55
37 56
37 57
37 63
37 65
37 81
37 82
37 83
37 84
37 91
37 94
37 103
37 104
37 108
37 109
37 111
37 119
37 122
37 124
37 125
37 126
38 10
38 12
38 13
38 15
38 16
38 17
38 19
38 21
38 28
38 29
38 32
38 36
38 37
38 48
38 54
38 55
38 56
38 57
38 63
38 65
38 81
38 82
38 83
38 84
38 91
38 94
38 103
38 104
38 108
38 109
38 111
38 119
38 122
38 124
38 125
38 126
40 64
40 69
41 43
41 58
43 41
43 58
48 10
48 12
48 13
48 15
48 16
48 17
48 19
48 21
48 28
48 29
48 32
48 36
48 37
48 38
48 54
48 55
48 56
48 57
48 63
48 65
48 81
48 82
48 83
48 84
48 91
48 94
48 103
48 104
48 108
48 109
48 111
48 119
48 122
48 124
48 125
48 126
51 9
51 23
51 52
52 9
52 23
52 51
54 10
54 12
54 13
54 15
54 16
54 17
54 19
54 21
54 28
54 29
54 32
54 36
54 37
54 38
54 48
54 55
54 56
54 57
54 63
54 65
54 81
54 82
54 83
54 84
54 91
54 94
54 103
54 104
54 108
54 109
54 111
54 119
54 122
54 124
54 125
54 126
55 10
55 12
55 13
55 15
55 16
55 17
55 19
55 21
55 28
55 29
55 32
55 36
55 37
55 38
55 48
55 54
55 56
55 57
55 63
55 65
55 81
55 82
55 83
55 84
55 91
55 94
55 103
55 104
55 108
55 109
55 111
55 119
55 122
55 124
55 125
55 126
56 10
56 12
56 13
56 15
56 16
56 17
56 19
56 21
56 28
56 29
56 32
56 36
56 37
56 38
56 48
56 54
56 55
56 57
56 63
56 65
56 81
56 82
56 83
56 84
56 91
56 94
56 103
56 104
56 108
56 109
56 111
56 119
56 122
56 124
56 125
56 126
57 10
57 12
57 13
57 15
57 16
57 17
57 19
57 21
57 28
57 29
57 32
57 36
57 37
57 38
57 48
57 54
57 55
57 56
57 63
57 65
57 81
57 82
57 83
57 84
57 91
57 94
57 103
57 104
57 108
57 109
57 111
57 119
57 122
57 124
57 125
57 126
58 41
58 43
63 10
63 12
63 13
63 15
63 16
63 17
63 19
63 21
63 28
63 29
63 32
63 36
63 37
63 38
63 48
63 54
63 55
63 56
63 57
63 65
63 81
63 82
63 83
63 84
63 91
63 94
63 103
63 104
63 108
63 109
63 111
63 119
63 122
63 124
63 125
63 126
64 40
64 69
65 10
65 12
65 13
65 15
65 16
65 17
65 19
65 21
65 28
65 29
65 32
65 36
65 37
65 38
65 48
65 54
65 55
65 56
65 57
65 63
65 81
65 82
65 83
65 84
65 91
65 94
65 103
65 104
65 108
65 109
65 111
65 119
65 122
65 124
65 125
65 126
66 76
66 102
69 40
69 64
70 3
75 14
75 31
76 66
76 102
80 90
81 10
81 12
81 13
81 15
81 16
81 17
81 19
81 21
81 28
81 29
81 32
81 36
81 37
81 38
81 48
81 54
81 55
81 56
81 57
81 63
81 65
81 82
81 83
81 84
81 91
81 94
81 103
81 104
81 108
81 109
81 111
81 119
81 122
81 124
81 125
81 126
82 10
82 12
82 13
82 15
82 16
82 17
82 19
82 21
82 28
82 29
82 32
82 36
82 37
82 38
82 48
82 54
82 55
82 56
82 57
82 63
82 65
82 81
82 83
82 84
82 91
82 94
82 103
82 104
82 108
82 109
82 111
82 119
82 122
82 124
82 125
82 126
83 10
83 12
83 13
83 15
83 16
83 17
83 19
83 21
83 28
83 29
83 32
83 36
83 37
83 38
83 48
83 54
83 55
83 56
83 57
83 63
83 65
83 81
83 82
83 84
83 91
83 94
83 103
83 104
83 108
83 109
83 111
83 119
83 122
83 124
83 125
83 126
84 10
84 12
84 13
84 15
84 16
84 17
84 19
84 21
84 28
84 29
84 32
84 36
84 37
84 38
84 48
84 54
84 55
84 56
84 57
84 63
84 65
84 81
84 82
84 83
84 91
84 94
84 103
84 104
84 108
84 109
84 111
84 119
84 122
84 124
84 125
84 126
86 22
86 34
90 80
91 10
91 12
91 13
91 15
91 16
91 17
91 19
91 21
91 28
91 29
91 32
91 36
91 37
91 38
91 48
91 54
91 55
91 56
91 57
91 63
91 65
91 81
91 82
91 83
91 84
91 94
91 103
91 104
91 108
91 109
91 111
91 119
91 122
91 124
91 125
91 126
94 10
94 12
94 13
94 15
94 16
94 17
94 19
94 21
94 28
94 29
94 32
94 36
94 37
94 38
94 48
94 54
94 55
94 56
94 57
94 63
94 65
94 81
94 82
94 83
94 84
94 91
94 103
94 104
94 108
94 109
94 111
94 119
94 122
94 124
94 125
94 126
96 24
102 66
102 76
103 10
103 12
103 13
103 15
103 16
103 17
103 19
103 21
103 28
103 29
103 32
103 36
103 37
103 38
103 48
103 54
103 55
103 56
103 57
103 63
103 65
103 81
103 82
103 83
103 84
103 91
103 94
103 104
103 108
103 109
103 111
103 119
103 122
103 124
103 125
103 126
104 10
104 12
104 13
104 15
104 16
104 17
104 19
104 21
104 28
104 29
104 32
104 36
104 37
104 38
104 48
104 54
104 55
104 56
104 57
104 63
104 65
104 81
104 82
104 83
104 84
104 91
104 94
104 103
104 108
104 109
104 111
104 119
104 122
104 124
104 125
104 126
108 10
108 12
108 13
108 15
108 16
108 17
108 19
108 21
108 28
108 29
108 32
108 36
108 37
108 38
108 48
108 54
108 55
108 56
108 57
108 63
108 65
108 81
108 82
108 83
108 84
108 91
108 94
108 103
108 104
108 109
108 111
108 119
108 122
108 124
108 125
108 126
109 10
109 12
109 13
109 15
109 16
109 17
109 19
109 21
109 28
109 29
109 32
109 36
109 37
109 38
109 48
109 54
109 55
109 56
109 57
109 63
109 65
109 81
109 82
109 83
109 84
109 91
109 94
109 103
109 104
109 108
109 111
109 119
109 122
109 124
109 125
109 126
111 10
111 12
111 13
111 15
111 16
111 17
111 19
111 21
111 28
111 29
111 32
111 36
111 37
111 38
111 48
111 54
111 55
111 56
111 57
111 63
111 65
111 81
111 82
111 83
111 84
111 91
111 94
111 103
111 104
111 108
111 109
111 119
111 122
111 124
111 125
111 126
119 10
119 12
119 13
119 15
119 16
119 17
119 19
119 21
119 28
119 29
119 32
119 36
119 37
119 38
119 48
119 54
119 55
119 56
119 57
119 63
119 65
119 81
119 82
119 83
119 84
119 91
119 94
119 103
119 104
119 108
119 109
119 111
119 122
119 124
119 125
119 126
122 10
122 12
122 13
122 15
122 16
122 17
122 19
122 21
122 28
122 29
122 32
122 36
122 37
122 38
122 48
122 54
122 55
122 56
122 57
122 63
122 65
122 81
122 82
122 83
122 84
122 91
122 94
122 103
122 104
122 108
122 109
122 111
122 119
122 124
122 125
122 126
124 10
124 12
124 13
124 15
124 16
124 17
124 19
124 21
124 28
124 29
124 32
124 36
124 37
124 38
124 48
124 54
124 55
124 56
124 57
124 63
124 65
124 81
124 82
124 83
124 84
124 91
124 94
124 103
124 104
124 108
124 109
124 111
124 119
124 122
124 125
124 126
125 10
125 12
125 13
125 15
125 16
125 17
125 19
125 21
125 28
125 29
125 32
125 36
125 37
125 38
125 48
125 54
125 55
125 56
125 57
125 63
125 65
125 81
125 82
125 83
125 84
125 91
125 94
125 103
125 104
125 108
125 109
125 111
125 119
125 122
125 124
125 126
126 10
126 12
126 13
126 15
126 16
126 17
126 19
126 21
126 28
126 29
126 32
126 36
126 37
126 38
126 48
126 54
126 55
126 56
126 57
126 63
126 65
126 81
126 82
126 83
126 84
126 91
126 94
126 103
126 104
126 108
126 109
126 111
126 119
126 122
126 124
126 125
127 2
