128 1842
0 3
0 5
0 6
0 9
0 14
0 19
0 21
0 24
0 27
0 29
0 30
0 40
0 43
0 45
0 48
0 55
0 56
0 59
0 60
0 63
0 68
0 72
0 76
0 77
0 81
0 83
0 86
0 89
0 94
0 96
0 98
0 99
0 100
0 102
0 103
0 104
0 105
0 106
0 107
0 114
0 122
0 123
1 57
3 0
3 5
3 6
3 9
3 14
3 19
3 21
3 24
3 27
3 29
3 30
3 40
3 43
3 45
3 48
3 55
3 56
3 59
3 60
3 63
3 68
3 72
3 76
3 77
3 81
3 83
3 86
3 89
3 94
3 96
3 98
3 99
3 100
3 102
3 103
3 104
3 105
3 106
3 107
3 114
3 122
3 123
5 0
5 3
5 6
5 9
5 14
5 19
5 21
5 24
5 27
5 29
5 30
5 40
5 43
5 45
5 48
5 55
5 56
5 59
5 60
5 63
5 68
5 72
5 76
5 77
5 81
5 83
5 86
5 89
5 94
5 96
5 98
5 99
5 100
5 102
5 103
5 104
5 105
5 106
5 107
5 114
5 122
5 123
6 0
6 3
6 5
6 9
6 14
6 19
6 21
6 24
6 27
6 29
6 30
6 40
6 43
6 45
6 48
6 55
6 56
6 59
6 60
6 63
6 68
6 72
6 76
6 77
6 81
6 83
6 86
6 89
6 94
6 96
6 98
6 99
6 100
6 102
6 103
6 104
6 105
6 106
6 107
6 114
6 122
6 123
7 88
9 0
9 3
9 5
9 6
9 14
9 19
9 21
9 24
9 27
9 29
9 30
9 40
9 43
9 45
9 48
9 55
9 56
9 59
9 60
9 63
9 68
9 72
9 76
9 77
9 81
9 83
9 86
9 89
9 94
9 96
9 98
9 99
9 100
9 102
9 103
9 104
9 105
9 106
9 107
9 114
9 122
9 123
13 49
14 0
14 3
14 5
14 6
14 9
14 19
14 21
14 24
14 27
14 29
14 30
14 40
14 43
14 45
14 48
14 55
14 56
14 59
14 60
14 63
14 68
14 72
14 76
14 77
14 81
14 83
14 86
14 89
14 94
14 96
14 98
14 99
14 100
14 102
14 103
14 104
14 105
14 106
14 107
14 114
14 122
14 123
19 0
19 3
19 5
19 6
19 9
19 14
19 21
19 24
19 27
19 29
19 30
19 40
19 43
19 45
19 48
19 55
19 56
19 59
19 60
19 63
19 68
19 72
19 76
19 77
19 81
19 83
19 86
19 89
19 94
19 96
19 98
19 99
19 100
19 102
19 103
19 104
19 105
19 106
19 107
19 114
19 122
19 123
21 0
21 3
21 5
21 6
21 9
21 14
21 19
21 24
21 27
21 29
21 30
21 40
21 43
21 45
21 48
21 55
21 56
21 59
21 60
21 63
21 68
21 72
21 76
21 77
21 81
21 83
21 86
21 89
21 94
21 96
21 98
21 99
21 100
21 102
21 103
21 104
21 105
21 106
21 107
21 114
21 122
21 123
22 33
22 97
22 109
24 0
24 3
24 5
24 6
24 9
24 14
24 19
24 21
24 27
24 29
24 30
24 40
24 43
24 45
24 48
24 55
24 56
24 59
24 60
24 63
24 68
24 72
24 76
24 77
24 81
24 83
24 86
24 89
24 94
24 96
24 98
24 99
24 100
24 102
24 103
24 104
24 105
24 106
24 107
24 114
24 122
24 123
25 125
27 0
27 3
27 5
27 6
27 9
27 14
27 19
27 21
27 24
27 29
27 30
27 40
27 43
27 45
27 48
27 55
27 56
27 59
27 60
27 63
27 68
27 72
27 76
27 77
27 81
27 83
27 86
27 89
27 94
27 96
27 98
27 99
27 100
27 102
27 103
27 104
27 105
27 106
27 107
27 114
27 122
27 123
29 0
29 3
29 5
29 6
29 9
29 14
29 19
29 21
29 24
29 27
29 30
29 40
29 43
29 45
29 48
29 55
29 56
29 59
29 60
29 63
29 68
29 72
29 76
29 77
29 81
29 83
29 86
29 89
29 94
29 96
29 98
29 99
29 100
29 102
29 103
29 104
29 105
29 106
29 107
29 114
29 122
29 123
30 0
30 3
30 5
30 6
30 9
30 14
30 19
30 21
30 24
30 27
30 29
30 40
30 43
30 45
30 48
30 55
30 56
30 59
30 60
30 63
30 68
30 72
30 76
30 77
30 81
30 83
30 86
30 89
30 94
30 96
30 98
30 99
30 100
30 102
30 103
30 104
30 105
30 106
30 107
30 114
30 122
30 123
33 22
33 97
33 109
40 0
40 3
40 5
40 6
40 9
40 14
40 19
40 21
40 24
40 27
40 29
40 30
40 43
40 45
40 48
40 55
40 56
40 59
40 60
40 63
40 68
40 72
40 76
40 77
40 81
40 83
40 86
40 89
40 94
40 96
40 98
40 99
40 100
40 102
40 103
40 104
40 105
40 106
40 107
40 114
40 122
40 123
43 0
43 3
43 5
43 6
43 9
43 14
43 19
43 21
43 24
43 27
43 29
43 30
43 40
43 45
43 48
43 55
43 56
43 59
43 60
43 63
43 68
43 72
43 76
43 77
43 81
43 83
43 86
43 89
43 94
43 96
43 98
43 99
43 100
43 102
43 103
43 104
43 105
43 106
43 107
43 114
43 122
43 123
45 0
45 3
45 5
45 6
45 9
45 14
45 19
45 21
45 24
45 27
45 29
45 30
45 40
45 43
45 48
45 55
45 56
45 59
45 60
45 63
45 68
45 72
45 76
45 77
45 81
45 83
45 86
45 89
45 94
45 96
45 98
45 99
45 100
45 102
45 103
45 104
45 105
45 106
45 107
45 114
45 122
45 123
48 0
48 3
48 5
48 6
48 9
48 14
48 19
48 21
48 24
48 27
48 29
48 30
48 40
48 43
48 45
48 55
48 56
48 59
48 60
48 63
48 68
48 72
48 76
48 77
48 81
48 83
48 86
48 89
48 94
48 96
48 98
48 99
48 100
48 102
48 103
48 104
48 105
48 106
48 107
48 114
48 122
48 123
49 13
52 64
52 71
52 95
53 67
55 0
55 3
55 5
55 6
55 9
55 14
55 19
55 21
55 24
55 27
55 29
55 30
55 40
55 43
55 45
55 48
55 56
55 59
55 60
55 63
55 68
55 72
55 76
55 77
55 81
55 83
55 86
55 89
55 94
55 96
55 98
55 99
55 100
55 102
55 103
55 104
55 105
55 106
55 107
55 114
55 122
55 123
56 0
56 3
56 5
56 6
56 9
56 14
56 19
56 21
56 24
56 27
56 29
56 30
56 40
56 43
56 45
56 48
56 55
56 59
56 60
56 63
56 68
56 72
56 76
56 77
56 81
56 83
56 86
56 89
56 94
56 96
56 98
56 99
56 100
56 102
56 103
56 104
56 105
56 106
56 107
56 114
56 122
56 123
57 1
59 0
59 3
59 5
59 6
59 9
59 14
59 19
59 21
59 24
59 27
59 29
59 30
59 40
59 43
59 45
59 48
59 55
59 56
59 60
59 63
59 68
59 72
59 76
59 77
59 81
59 83
59 86
59 89
59 94
59 96
59 98
59 99
59 100
59 102
59 103
59 104
59 105
59 106
59 107
59 114
59 122
59 123
60 0
60 3
60 5
60 6
60 9
60 14
60 19
60 21
60 24
60 27
60 29
60 30
60 40
60 43
60 45
60 48
60 55
60 56
60 59
60 63
60 68
60 72
60 76
60 77
60 81
60 83
60 86
60 89
60 94
60 96
60 98
60 99
60 100
60 102
60 103
60 104
60 105
60 106
60 107
60 114
60 122
60 123
63 0
63 3
63 5
63 6
63 9
63 14
63 19
63 21
63 24
63 27
63 29
63 30
63 40
63 43
63 45
63 48
63 55
63 56
63 59
63 60
63 68
63 72
63 76
63 77
63 81
63 83
63 86
63 89
63 94
63 96
63 98
63 99
63 100
63 102
63 103
63 104
63 105
63 106
63 107
63 114
63 122
63 123
64 52
64 71
64 95
67 53
68 0
68 3
68 5
68 6
68 9
68 14
68 19
68 21
68 24
68 27
68 29
68 30
68 40
68 43
68 45
68 48
68 55
68 56
68 59
68 60
68 63
68 72
68 76
68 77
68 81
68 83
68 86
68 89
68 94
68 96
68 98
68 99
68 100
68 102
68 103
68 104
68 105
68 106
68 107
68 114
68 122
68 123
71 52
71 64
71 95
72 0
72 3
72 5
72 6
72 9
72 14
72 19
72 21
72 24
72 27
72 29
72 30
72 40
72 43
72 45
72 48
72 55
72 56
72 59
72 60
72 63
72 68
72 76
72 77
72 81
72 83
72 86
72 89
72 94
72 96
72 98
72 99
72 100
72 102
72 103
72 104
72 105
72 106
72 107
72 114
72 122
72 123
76 0
76 3
76 5
76 6
76 9
76 14
76 19
76 21
76 24
76 27
76 29
76 30
76 40
76 43
76 45
76 48
76 55
76 56
76 59
76 60
76 63
76 68
76 72
76 77
76 81
76 83
76 86
76 89
76 94
76 96
76 98
76 99
76 100
76 102
76 103
76 104
76 105
76 106
76 107
76 114
76 122
76 123
77 0
77 3
77 5
77 6
77 9
77 14
77 19
77 21
77 24
77 27
77 29
77 30
77 40
77 43
77 45
77 48
77 55
77 56
77 59
77 60
77 63
77 68
77 72
77 76
77 81
77 83
77 86
77 89
77 94
77 96
77 98
77 99
77 100
77 102
77 103
77 104
77 105
77 106
77 107
77 114
77 122
77 123
81 0
81 3
81 5
81 6
81 9
81 14
81 19
81 21
81 24
81 27
81 29
81 30
81 40
81 43
81 45
81 48
81 55
81 56
81 59
81 60
81 63
81 68
81 72
81 76
81 77
81 83
81 86
81 89
81 94
81 96
81 98
81 99
81 100
81 102
81 103
81 104
81 105
81 106
81 107
81 114
81 122
81 123
82 124
83 0
83 3
83 5
83 6
83 9
83 14
83 19
83 21
83 24
83 27
83 29
83 30
83 40
83 43
83 45
83 48
83 55
83 56
83 59
83 60
83 63
83 68
83 72
83 76
83 77
83 81
83 86
83 89
83 94
83 96
83 98
83 99
83 100
83 102
83 103
83 104
83 105
83 106
83 107
83 114
83 122
83 123
86 0
86 3
86 5
86 6
86 9
86 14
86 19
86 21
86 24
86 27
86 29
86 30
86 40
86 43
86 45
86 48
86 55
86 56
86 59
86 60
86 63
86 68
86 72
86 76
86 77
86 81
86 83
86 89
86 94
86 96
86 98
86 99
86 100
86 102
86 103
86 104
86 105
86 106
86 107
86 114
86 122
86 123
88 7
89 0
89 3
89 5
89 6
89 9
89 14
89 19
89 21
89 24
89 27
89 29
89 30
89 40
89 43
89 45
89 48
89 55
89 56
89 59
89 60
89 63
89 68
89 72
89 76
89 77
89 81
89 83
89 86
89 94
89 96
89 98
89 99
89 100
89 102
89 103
89 104
89 105
89 106
89 107
89 114
89 122
89 123
94 0
94 3
94 5
94 6
94 9
94 14
94 19
94 21
94 24
94 27
94 29
94 30
94 40
94 43
94 45
94 48
94 55
94 56
94 59
94 60
94 63
94 68
94 72
94 76
94 77
94 81
94 83
94 86
94 89
94 96
94 98
94 99
94 100
94 102
94 103
94 104
94 105
94 106
94 107
94 114
94 122
94 123
95 52
95 64
95 71
96 0
96 3
96 5
96 6
96 9
96 14
96 19
96 21
96 24
96 27
96 29
96 30
96 40
96 43
96 45
96 48
96 55
96 56
96 59
96 60
96 63
96 68
96 72
96 76
96 77
96 81
96 83
96 86
96 89
96 94
96 98
96 99
96 100
96 102
96 103
96 104
96 105
96 106
96 107
96 114
96 122
96 123
97 22
97 33
97 109
98 0
98 3
98 5
98 6
98 9
98 14
98 19
98 21
98 24
98 27
98 29
98 30
98 40
98 43
98 45
98 48
98 55
98 56
98 59
98 60
98 63
98 68
98 72
98 76
98 77
98 81
98 83
98 86
98 89
98 94
98 96
98 99
98 100
98 102
98 103
98 104
98 105
98 106
98 107
98 114
98 122
98 123
99 0
99 3
99 5
99 6
99 9
99 14
99 19
99 21
99 24
99 27
99 29
99 30
99 40
99 43
99 45
99 48
99 55
99 56
99 59
99 60
99 63
99 68
99 72
99 76
99 77
99 81
99 83
99 86
99 89
99 94
99 96
99 98
99 100
99 102
99 103
99 104
99 105
99 106
99 107
99 114
99 122
99 123
100 0
100 3
100 5
100 6
100 9
100 14
100 19
100 21
100 24
100 27
100 29
100 30
100 40
100 43
100 45
100 48
100 55
100 56
100 59
100 60
100 63
100 68
100 72
100 76
100 77
100 81
100 83
100 86
100 89
100 94
100 96
100 98
100 99
100 102
100 103
100 104
100 105
100 106
100 107
100 114
100 122
100 123
102 0
102 3
102 5
102 6
102 9
102 14
102 19
102 21
102 24
102 27
102 29
102 30
102 40
102 43
102 45
102 48
102 55
102 56
102 59
102 60
102 63
102 68
102 72
102 76
102 77
102 81
102 83
102 86
102 89
102 94
102 96
102 98
102 99
102 100
102 103
102 104
102 105
102 106
102 107
102 114
102 122
102 123
103 0
103 3
103 5
103 6
103 9
103 14
103 19
103 21
103 24
103 27
103 29
103 30
103 40
103 43
103 45
103 48
103 55
103 56
103 59
103 60
103 63
103 68
103 72
103 76
103 77
103 81
103 83
103 86
103 89
103 94
103 96
103 98
103 99
103 100
103 102
103 104
103 105
103 106
103 107
103 114
103 122
103 123
104 0
104 3
104 5
104 6
104 9
104 14
104 19
104 21
104 24
104 27
104 29
104 30
104 40
104 43
104 45
104 48
104 55
104 56
104 59
104 60
104 63
104 68
104 72
104 76
104 77
104 81
104 83
104 86
104 89
104 94
104 96
104 98
104 99
104 100
104 102
104 103
104 105
104 106
104 107
104 114
104 122
104 123
105 0
105 3
105 5
105 6
105 9
105 14
105 19
105 21
105 24
105 27
105 29
105 30
105 40
105 43
105 45
105 48
105 55
105 56
105 59
105 60
105 63
105 68
105 72
105 76
105 77
105 81
105 83
105 86
105 89
105 94
105 96
105 98
105 99
105 100
105 102
105 103
105 104
105 106
105 107
105 114
105 122
105 123
106 0
106 3
106 5
106 6
106 9
106 14
106 19
106 21
106 24
106 27
106 29
106 30
106 40
106 43
106 45
106 48
106 55
106 56
106 59
106 60
106 63
106 68
106 72
106 76
106 77
106 81
106 83
106 86
106 89
106 94
106 96
106 98
106 99
106 100
106 102
106 103
106 104
106 105
106 107
106 114
106 122
106 123
107 0
107 3
107 5
107 6
107 9
107 14
107 19
107 21
107 24
107 27
107 29
107 30
107 40
107 43
107 45
107 48
107 55
107 56
107 59
107 60
107 63
107 68
107 72
107 76
107 77
107 81
107 83
107 86
107 89
107 94
107 96
107 98
107 99
107 100
107 102
107 103
107 104
107 105
107 106
107 114
107 122
107 123
109 22
109 33
109 97
114 0
114 3
114 5
114 6
114 9
114 14
114 19
114 21
114 24
114 27
114 29
114 30
114 40
114 43
114 45
114 48
114 55
114 56
114 59
114 60
114 63
114 68
114 72
114 76
114 77
114 81
114 83
114 86
114 89
114 94
114 96
114 98
114 99
114 100
114 102
114 103
114 104
114 105
114 106
114 107
114 122
114 123
122 0
122 3
122 5
122 6
122 9
122 14
122 19
122 21
122 24
122 27
122 29
122 30
122 40
122 43
122 45
122 48
122 55
122 56
122 59
122 60
122 63
122 68
122 72
122 76
122 77
122 81
122 83
122 86
122 89
122 94
122 96
122 98
122 99
122 100
122 102
122 103
122 104
122 105
122 106
122 107
122 114
122 123
123 0
123 3
123 5
123 6
123 9
123 14
123 19
123 21
123 24
123 27
123 29
123 30
123 40
123 43
123 45
123 48
123 55
123 56
123 59
123 60
123 63
123 68
123 72
123 76
123 77
123 81
123 83
123 86
123 89
123 94
123 96
123 98
123 99
123 100
123 102
123 103
123 104
123 105
123 106
123 107
123 114
123 122
124 82
125 25
