256 874
1 235
4 11
5 28
5 55
5 116
5 161
5 194
5 203
7 20
7 22
7 26
7 33
7 39
7 41
7 61
7 67
7 74
7 85
7 118
7 121
7 127
7 157
7 159
7 164
7 171
7 192
7 205
7 220
7 224
7 226
7 230
7 233
7 253
8 135
10 223
11 4
16 59
16 92
19 181
20 7
20 22
20 26
20 33
20 39
20 41
20 61
20 67
20 74
20 85
20 118
20 121
20 127
20 157
20 159
20 164
20 171
20 192
20 205
20 220
20 224
20 226
20 230
20 233
20 253
21 165
22 7
22 20
22 26
22 33
22 39
22 41
22 61
22 67
22 74
22 85
22 118
22 121
22 127
22 157
22 159
22 164
22 171
22 192
22 205
22 220
22 224
22 226
22 230
22 233
22 253
25 129
25 155
25 156
26 7
26 20
26 22
26 33
26 39
26 41
26 61
26 67
26 74
26 85
26 118
26 121
26 127
26 157
26 159
26 164
26 171
26 192
26 205
26 220
26 224
26 226
26 230
26 233
26 253
27 57
28 5
28 55
28 116
28 161
28 194
28 203
31 37
31 134
31 185
31 231
32 248
33 7
33 20
33 22
33 26
33 39
33 41
33 61
33 67
33 74
33 85
33 118
33 121
33 127
33 157
33 159
33 164
33 171
33 192
33 205
33 220
33 224
33 226
33 230
33 233
33 253
36 170
37 31
37 134
37 185
37 231
39 7
39 20
39 22
39 26
39 33
39 41
39 61
39 67
39 74
39 85
39 118
39 121
39 127
39 157
39 159
39 164
39 171
39 192
39 205
39 220
39 224
39 226
39 230
39 233
39 253
40 153
41 7
41 20
41 22
41 26
41 33
41 39
41 61
41 67
41 74
41 85
41 118
41 121
41 127
41 157
41 159
41 164
41 171
41 192
41 205
41 220
41 224
41 226
41 230
41 233
41 253
44 99
48 51
48 183
50 52
50 100
50 131
50 200
51 48
51 183
52 50
52 100
52 131
52 200
54 101
54 143
54 218
54 240
55 5
55 28
55 116
55 161
55 194
55 203
56 142
56 151
57 27
58 130
59 16
59 92
61 7
61 20
61 22
61 26
61 33
61 39
61 41
61 67
61 74
61 85
61 118
61 121
61 127
61 157
61 159
61 164
61 171
61 192
61 205
61 220
61 224
61 226
61 230
61 233
61 253
65 124
65 209
67 7
67 20
67 22
67 26
67 33
67 39
67 41
67 61
67 74
67 85
67 118
67 121
67 127
67 157
67 159
67 164
67 171
67 192
67 205
67 220
67 224
67 226
67 230
67 233
67 253
70 178
73 247
74 7
74 20
74 22
74 26
74 33
74 39
74 41
74 61
74 67
74 85
74 118
74 121
74 127
74 157
74 159
74 164
74 171
74 192
74 205
74 220
74 224
74 226
74 230
74 233
74 253
77 213
79 222
83 128
83 246
85 7
85 20
85 22
85 26
85 33
85 39
85 41
85 61
85 67
85 74
85 118
85 121
85 127
85 157
85 159
85 164
85 171
85 192
85 205
85 220
85 224
85 226
85 230
85 233
85 253
88 243
92 16
92 59
97 119
99 44
100 50
100 52
100 131
100 200
101 54
101 143
101 218
101 240
106 212
109 176
110 166
116 5
116 28
116 55
116 161
116 194
116 203
118 7
118 20
118 22
118 26
118 33
118 39
118 41
118 61
118 67
118 74
118 85
118 121
118 127
118 157
118 159
118 164
118 171
118 192
118 205
118 220
118 224
118 226
118 230
118 233
118 253
119 97
121 7
121 20
121 22
121 26
121 33
121 39
121 41
121 61
121 67
121 74
121 85
121 118
121 127
121 157
121 159
121 164
121 171
121 192
121 205
121 220
121 224
121 226
121 230
121 233
121 253
124 65
124 209
127 7
127 20
127 22
127 26
127 33
127 39
127 41
127 61
127 67
127 74
127 85
127 118
127 121
127 157
127 159
127 164
127 171
127 192
127 205
127 220
127 224
127 226
127 230
127 233
127 253
128 83
128 246
129 25
129 155
129 156
130 58
131 50
131 52
131 100
131 200
133 242
133 250
134 31
134 37
134 185
134 231
135 8
137 234
139 191
142 56
142 151
143 54
143 101
143 218
143 240
151 56
151 142
152 179
153 40
155 25
155 129
155 156
156 25
156 129
156 155
157 7
157 20
157 22
157 26
157 33
157 39
157 41
157 61
157 67
157 74
157 85
157 118
157 121
157 127
157 159
157 164
157 171
157 192
157 205
157 220
157 224
157 226
157 230
157 233
157 253
159 7
159 20
159 22
159 26
159 33
159 39
159 41
159 61
159 67
159 74
159 85
159 118
159 121
159 127
159 157
159 164
159 171
159 192
159 205
159 220
159 224
159 226
159 230
159 233
159 253
161 5
161 28
161 55
161 116
161 194
161 203
163 232
164 7
164 20
164 22
164 26
164 33
164 39
164 41
164 61
164 67
164 74
164 85
164 118
164 121
164 127
164 157
164 159
164 171
164 192
164 205
164 220
164 224
164 226
164 230
164 233
164 253
165 21
166 110
170 36
171 7
171 20
171 22
171 26
171 33
171 39
171 41
171 61
171 67
171 74
171 85
171 118
171 121
171 127
171 157
171 159
171 164
171 192
171 205
171 220
171 224
171 226
171 230
171 233
171 253
172 198
172 219
176 109
178 70
179 152
181 19
183 48
183 51
185 31
185 37
185 134
185 231
188 196
189 215
191 139
192 7
192 20
192 22
192 26
192 33
192 39
192 41
192 61
192 67
192 74
192 85
192 118
192 121
192 127
192 157
192 159
192 164
192 171
192 205
192 220
192 224
192 226
192 230
192 233
192 253
193 251
193 254
194 5
194 28
194 55
194 116
194 161
194 203
196 188
197 236
198 172
198 219
199 208
199 252
200 50
200 52
200 100
200 131
203 5
203 28
203 55
203 116
203 161
203 194
205 7
205 20
205 22
205 26
205 33
205 39
205 41
205 61
205 67
205 74
205 85
205 118
205 121
205 127
205 157
205 159
205 164
205 171
205 192
205 220
205 224
205 226
205 230
205 233
205 253
208 199
208 252
209 65
209 124
212 106
213 77
215 189
218 54
218 101
218 143
218 240
219 172
219 198
220 7
220 20
220 22
220 26
220 33
220 39
220 41
220 61
220 67
220 74
220 85
220 118
220 121
220 127
220 157
220 159
220 164
220 171
220 192
220 205
220 224
220 226
220 230
220 233
220 253
222 79
223 10
224 7
224 20
224 22
224 26
224 33
224 39
224 41
224 61
224 67
224 74
224 85
224 118
224 121
224 127
224 157
224 159
224 164
224 171
224 192
224 205
224 220
224 226
224 230
224 233
224 253
226 7
226 20
226 22
226 26
226 33
226 39
226 41
226 61
226 67
226 74
226 85
226 118
226 121
226 127
226 157
226 159
226 164
226 171
226 192
226 205
226 220
226 224
226 230
226 233
226 253
230 7
230 20
230 22
230 26
230 33
230 39
230 41
230 61
230 67
230 74
230 85
230 118
230 121
230 127
230 157
230 159
230 164
230 171
230 192
230 205
230 220
230 224
230 226
230 233
230 253
231 31
231 37
231 134
231 185
232 163
233 7
233 20
233 22
233 26
233 33
233 39
233 41
233 61
233 67
233 74
233 85
233 118
233 121
233 127
233 157
233 159
233 164
233 171
233 192
233 205
233 220
233 224
233 226
233 230
233 253
234 137
235 1
236 197
240 54
240 101
240 143
240 218
242 133
242 250
243 88
246 83
246 128
247 73
248 32
250 133
250 242
251 193
251 254
252 199
252 208
253 7
253 20
253 22
253 26
253 33
253 39
253 41
253 61
253 67
253 74
253 85
253 118
253 121
253 127
253 157
253 159
253 164
253 171
253 192
253 205
253 220
253 224
253 226
253 230
253 233
254 193
254 251
