64 932
0 2
0 3
0 6
0 7
0 9
0 12
0 14
0 15
0 20
0 22
0 24
0 26
0 27
0 28
0 30
0 32
0 33
0 37
0 39
0 40
0 41
0 43
0 45
0 47
0 53
0 54
0 59
0 60
0 61
0 62
2 0
2 3
2 6
2 7
2 9
2 12
2 14
2 15
2 20
2 22
2 24
2 26
2 27
2 28
2 30
2 32
2 33
2 37
2 39
2 40
2 41
2 43
2 45
2 47
2 53
2 54
2 59
2 60
2 61
2 62
3 0
3 2
3 6
3 7
3 9
3 12
3 14
3 15
3 20
3 22
3 24
3 26
3 27
3 28
3 30
3 32
3 33
3 37
3 39
3 40
3 41
3 43
3 45
3 47
3 53
3 54
3 59
3 60
3 61
3 62
6 0
6 2
6 3
6 7
6 9
6 12
6 14
6 15
6 20
6 22
6 24
6 26
6 27
6 28
6 30
6 32
6 33
6 37
6 39
6 40
6 41
6 43
6 45
6 47
6 53
6 54
6 59
6 60
6 61
6 62
7 0
7 2
7 3
7 6
7 9
7 12
7 14
7 15
7 20
7 22
7 24
7 26
7 27
7 28
7 30
7 32
7 33
7 37
7 39
7 40
7 41
7 43
7 45
7 47
7 53
7 54
7 59
7 60
7 61
7 62
9 0
9 2
9 3
9 6
9 7
9 12
9 14
9 15
9 20
9 22
9 24
9 26
9 27
9 28
9 30
9 32
9 33
9 37
9 39
9 40
9 41
9 43
9 45
9 47
9 53
9 54
9 59
9 60
9 61
9 62
12 0
12 2
12 3
12 6
12 7
12 9
12 14
12 15
12 20
12 22
12 24
12 26
12 27
12 28
12 30
12 32
12 33
12 37
12 39
12 40
12 41
12 43
12 45
12 47
12 53
12 54
12 59
12 60
12 61
12 62
14 0
14 2
14 3
14 6
14 7
14 9
14 12
14 15
14 20
14 22
14 24
14 26
14 27
14 28
14 30
14 32
14 33
14 37
14 39
14 40
14 41
14 43
14 45
14 47
14 53
14 54
14 59
14 60
14 61
14 62
15 0
15 2
15 3
15 6
15 7
15 9
15 12
15 14
15 20
15 22
15 24
15 26
15 27
15 28
15 30
15 32
15 33
15 37
15 39
15 40
15 41
15 43
15 45
15 47
15 53
15 54
15 59
15 60
15 61
15 62
20 0
20 2
20 3
20 6
20 7
20 9
20 12
20 14
20 15
20 22
20 24
20 26
20 27
20 28
20 30
20 32
20 33
20 37
20 39
20 40
20 41
20 43
20 45
20 47
20 53
20 54
20 59
20 60
20 61
20 62
22 0
22 2
22 3
22 6
22 7
22 9
22 12
22 14
22 15
22 20
22 24
22 26
22 27
22 28
22 30
22 32
22 33
22 37
22 39
22 40
22 41
22 43
22 45
22 47
22 53
22 54
22 59
22 60
22 61
22 62
24 0
24 2
24 3
24 6
24 7
24 9
24 12
24 14
24 15
24 20
24 22
24 26
24 27
24 28
24 30
24 32
24 33
24 37
24 39
24 40
24 41
24 43
24 45
24 47
24 53
24 54
24 59
24 60
24 61
24 62
26 0
26 2
26 3
26 6
26 7
26 9
26 12
26 14
26 15
26 20
26 22
26 24
26 27
26 28
26 30
26 32
26 33
26 37
26 39
26 40
26 41
26 43
26 45
26 47
26 53
26 54
26 59
26 60
26 61
26 62
27 0
27 2
27 3
27 6
27 7
27 9
27 12
27 14
27 15
27 20
27 22
27 24
27 26
27 28
27 30
27 32
27 33
27 37
27 39
27 40
27 41
27 43
27 45
27 47
27 53
27 54
27 59
27 60
27 61
27 62
28 0
28 2
28 3
28 6
28 7
28 9
28 12
28 14
28 15
28 20
28 22
28 24
28 26
28 27
28 30
28 32
28 33
28 37
28 39
28 40
28 41
28 43
28 45
28 47
28 53
28 54
28 59
28 60
28 61
28 62
30 0
30 2
30 3
30 6
30 7
30 9
30 12
30 14
30 15
30 20
30 22
30 24
30 26
30 27
30 28
30 32
30 33
30 37
30 39
30 40
30 41
30 43
30 45
30 47
30 53
30 54
30 59
30 60
30 61
30 62
32 0
32 2
32 3
32 6
32 7
32 9
32 12
32 14
32 15
32 20
32 22
32 24
32 26
32 27
32 28
32 30
32 33
32 37
32 39
32 40
32 41
32 43
32 45
32 47
32 53
32 54
32 59
32 60
32 61
32 62
33 0
33 2
33 3
33 6
33 7
33 9
33 12
33 14
33 15
33 20
33 22
33 24
33 26
33 27
33 28
33 30
33 32
33 37
33 39
33 40
33 41
33 43
33 45
33 47
33 53
33 54
33 59
33 60
33 61
33 62
37 0
37 2
37 3
37 6
37 7
37 9
37 12
37 14
37 15
37 20
37 22
37 24
37 26
37 27
37 28
37 30
37 32
37 33
37 39
37 40
37 41
37 43
37 45
37 47
37 53
37 54
37 59
37 60
37 61
37 62
38 46
39 0
39 2
39 3
39 6
39 7
39 9
39 12
39 14
39 15
39 20
39 22
39 24
39 26
39 27
39 28
39 30
39 32
39 33
39 37
39 40
39 41
39 43
39 45
39 47
39 53
39 54
39 59
39 60
39 61
39 62
40 0
40 2
40 3
40 6
40 7
40 9
40 12
40 14
40 15
40 20
40 22
40 24
40 26
40 27
40 28
40 30
40 32
40 33
40 37
40 39
40 41
40 43
40 45
40 47
40 53
40 54
40 59
40 60
40 61
40 62
41 0
41 2
41 3
41 6
41 7
41 9
41 12
41 14
41 15
41 20
41 22
41 24
41 26
41 27
41 28
41 30
41 32
41 33
41 37
41 39
41 40
41 43
41 45
41 47
41 53
41 54
41 59
41 60
41 61
41 62
43 0
43 2
43 3
43 6
43 7
43 9
43 12
43 14
43 15
43 20
43 22
43 24
43 26
43 27
43 28
43 30
43 32
43 33
43 37
43 39
43 40
43 41
43 45
43 47
43 53
43 54
43 59
43 60
43 61
43 62
45 0
45 2
45 3
45 6
45 7
45 9
45 12
45 14
45 15
45 20
45 22
45 24
45 26
45 27
45 28
45 30
45 32
45 33
45 37
45 39
45 40
45 41
45 43
45 47
45 53
45 54
45 59
45 60
45 61
45 62
46 38
47 0
47 2
47 3
47 6
47 7
47 9
47 12
47 14
47 15
47 20
47 22
47 24
47 26
47 27
47 28
47 30
47 32
47 33
47 37
47 39
47 40
47 41
47 43
47 45
47 53
47 54
47 59
47 60
47 61
47 62
53 0
53 2
53 3
53 6
53 7
53 9
53 12
53 14
53 15
53 20
53 22
53 24
53 26
53 27
53 28
53 30
53 32
53 33
53 37
53 39
53 40
53 41
53 43
53 45
53 47
53 54
53 59
53 60
53 61
53 62
54 0
54 2
54 3
54 6
54 7
54 9
54 12
54 14
54 15
54 20
54 22
54 24
54 26
54 27
54 28
54 30
54 32
54 33
54 37
54 39
54 40
54 41
54 43
54 45
54 47
54 53
54 59
54 60
54 61
54 62
59 0
59 2
59 3
59 6
59 7
59 9
59 12
59 14
59 15
59 20
59 22
59 24
59 26
59 27
59 28
59 30
59 32
59 33
59 37
59 39
59 40
59 41
59 43
59 45
59 47
59 53
59 54
59 60
59 61
59 62
60 0
60 2
60 3
60 6
60 7
60 9
60 12
60 14
60 15
60 20
60 22
60 24
60 26
60 27
60 28
60 30
60 32
60 33
60 37
60 39
60 40
60 41
60 43
60 45
60 47
60 53
60 54
60 59
60 61
60 62
61 0
61 2
61 3
61 6
61 7
61 9
61 12
61 14
61 15
61 20
61 22
61 24
61 26
61 27
61 28
61 30
61 32
61 33
61 37
61 39
61 40
61 41
61 43
61 45
61 47
61 53
61 54
61 59
61 60
61 62
62 0
62 2
62 3
62 6
62 7
62 9
62 12
62 14
62 15
62 20
62 22
62 24
62 26
62 27
62 28
62 30
62 32
62 33
62 37
62 39
62 40
62 41
62 43
62 45
62 47
62 53
62 54
62 59
62 60
62 61
