64 424
0 3
0 6
0 7
0 9
0 14
0 20
0 22
0 24
0 26
0 27
0 30
0 33
0 39
0 40
0 41
0 43
0 45
0 59
0 60
0 61
3 0
3 6
3 7
3 9
3 14
3 20
3 22
3 24
3 26
3 27
3 30
3 33
3 39
3 40
3 41
3 43
3 45
3 59
3 60
3 61
6 0
6 3
6 7
6 9
6 14
6 20
6 22
6 24
6 26
6 27
6 30
6 33
6 39
6 40
6 41
6 43
6 45
6 59
6 60
6 61
7 0
7 3
7 6
7 9
7 14
7 20
7 22
7 24
7 26
7 27
7 30
7 33
7 39
7 40
7 41
7 43
7 45
7 59
7 60
7 61
9 0
9 3
9 6
9 7
9 14
9 20
9 22
9 24
9 26
9 27
9 30
9 33
9 39
9 40
9 41
9 43
9 45
9 59
9 60
9 61
11 34
14 0
14 3
14 6
14 7
14 9
14 20
14 22
14 24
14 26
14 27
14 30
14 33
14 39
14 40
14 41
14 43
14 45
14 59
14 60
14 61
20 0
20 3
20 6
20 7
20 9
20 14
20 22
20 24
20 26
20 27
20 30
20 33
20 39
20 40
20 41
20 43
20 45
20 59
20 60
20 61
22 0
22 3
22 6
22 7
22 9
22 14
22 20
22 24
22 26
22 27
22 30
22 33
22 39
22 40
22 41
22 43
22 45
22 59
22 60
22 61
24 0
24 3
24 6
24 7
24 9
24 14
24 20
24 22
24 26
24 27
24 30
24 33
24 39
24 40
24 41
24 43
24 45
24 59
24 60
24 61
26 0
26 3
26 6
26 7
26 9
26 14
26 20
26 22
26 24
26 27
26 30
26 33
26 39
26 40
26 41
26 43
26 45
26 59
26 60
26 61
27 0
27 3
27 6
27 7
27 9
27 14
27 20
27 22
27 24
27 26
27 30
27 33
27 39
27 40
27 41
27 43
27 45
27 59
27 60
27 61
28 29
29 28
30 0
30 3
30 6
30 7
30 9
30 14
30 20
30 22
30 24
30 26
30 27
30 33
30 39
30 40
30 41
30 43
30 45
30 59
30 60
30 61
33 0
33 3
33 6
33 7
33 9
33 14
33 20
33 22
33 24
33 26
33 27
33 30
33 39
33 40
33 41
33 43
33 45
33 59
33 60
33 61
34 11
39 0
39 3
39 6
39 7
39 9
39 14
39 20
39 22
39 24
39 26
39 27
39 30
39 33
39 40
39 41
39 43
39 45
39 59
39 60
39 61
40 0
40 3
40 6
40 7
40 9
40 14
40 20
40 22
40 24
40 26
40 27
40 30
40 33
40 39
40 41
40 43
40 45
40 59
40 60
40 61
41 0
41 3
41 6
41 7
41 9
41 14
41 20
41 22
41 24
41 26
41 27
41 30
41 33
41 39
41 40
41 43
41 45
41 59
41 60
41 61
43 0
43 3
43 6
43 7
43 9
43 14
43 20
43 22
43 24
43 26
43 27
43 30
43 33
43 39
43 40
43 41
43 45
43 59
43 60
43 61
45 0
45 3
45 6
45 7
45 9
45 14
45 20
45 22
45 24
45 26
45 27
45 30
45 33
45 39
45 40
45 41
45 43
45 59
45 60
45 61
59 0
59 3
59 6
59 7
59 9
59 14
59 20
59 22
59 24
59 26
59 27
59 30
59 33
59 39
59 40
59 41
59 43
59 45
59 60
59 61
60 0
60 3
60 6
60 7
60 9
60 14
60 20
60 22
60 24
60 26
60 27
60 30
60 33
60 39
60 40
60 41
60 43
60 45
60 59
60 61
61 0
61 3
61 6
61 7
61 9
61 14
61 20
61 22
61 24
61 26
61 27
61 30
61 33
61 39
61 40
61 41
61 43
61 45
61 59
61 60
