128 1678
0 1
0 2
0 3
0 6
0 9
0 14
0 24
0 25
0 27
0 30
0 40
0 43
0 45
0 47
0 53
0 59
0 60
0 62
0 68
0 71
0 72
0 76
0 77
0 79
0 86
0 89
0 93
0 96
0 98
0 99
0 100
0 102
0 105
0 106
0 107
0 114
0 116
0 117
0 120
0 123
1 0
1 2
1 3
1 6
1 9
1 14
1 24
1 25
1 27
1 30
1 40
1 43
1 45
1 47
1 53
1 59
1 60
1 62
1 68
1 71
1 72
1 76
1 77
1 79
1 86
1 89
1 93
1 96
1 98
1 99
1 100
1 102
1 105
1 106
1 107
1 114
1 116
1 117
1 120
1 123
2 0
2 1
2 3
2 6
2 9
2 14
2 24
2 25
2 27
2 30
2 40
2 43
2 45
2 47
2 53
2 59
2 60
2 62
2 68
2 71
2 72
2 76
2 77
2 79
2 86
2 89
2 93
2 96
2 98
2 99
2 100
2 102
2 105
2 106
2 107
2 114
2 116
2 117
2 120
2 123
3 0
3 1
3 2
3 6
3 9
3 14
3 24
3 25
3 27
3 30
3 40
3 43
3 45
3 47
3 53
3 59
3 60
3 62
3 68
3 71
3 72
3 76
3 77
3 79
3 86
3 89
3 93
3 96
3 98
3 99
3 100
3 102
3 105
3 106
3 107
3 114
3 116
3 117
3 120
3 123
6 0
6 1
6 2
6 3
6 9
6 14
6 24
6 25
6 27
6 30
6 40
6 43
6 45
6 47
6 53
6 59
6 60
6 62
6 68
6 71
6 72
6 76
6 77
6 79
6 86
6 89
6 93
6 96
6 98
6 99
6 100
6 102
6 105
6 106
6 107
6 114
6 116
6 117
6 120
6 123
8 90
8 91
9 0
9 1
9 2
9 3
9 6
9 14
9 24
9 25
9 27
9 30
9 40
9 43
9 45
9 47
9 53
9 59
9 60
9 62
9 68
9 71
9 72
9 76
9 77
9 79
9 86
9 89
9 93
9 96
9 98
9 99
9 100
9 102
9 105
9 106
9 107
9 114
9 116
9 117
9 120
9 123
14 0
14 1
14 2
14 3
14 6
14 9
14 24
14 25
14 27
14 30
14 40
14 43
14 45
14 47
14 53
14 59
14 60
14 62
14 68
14 71
14 72
14 76
14 77
14 79
14 86
14 89
14 93
14 96
14 98
14 99
14 100
14 102
14 105
14 106
14 107
14 114
14 116
14 117
14 120
14 123
17 85
18 50
20 69
21 31
24 0
24 1
24 2
24 3
24 6
24 9
24 14
24 25
24 27
24 30
24 40
24 43
24 45
24 47
24 53
24 59
24 60
24 62
24 68
24 71
24 72
24 76
24 77
24 79
24 86
24 89
24 93
24 96
24 98
24 99
24 100
24 102
24 105
24 106
24 107
24 114
24 116
24 117
24 120
24 123
25 0
25 1
25 2
25 3
25 6
25 9
25 14
25 24
25 27
25 30
25 40
25 43
25 45
25 47
25 53
25 59
25 60
25 62
25 68
25 71
25 72
25 76
25 77
25 79
25 86
25 89
25 93
25 96
25 98
25 99
25 100
25 102
25 105
25 106
25 107
25 114
25 116
25 117
25 120
25 123
27 0
27 1
27 2
27 3
27 6
27 9
27 14
27 24
27 25
27 30
27 40
27 43
27 45
27 47
27 53
27 59
27 60
27 62
27 68
27 71
27 72
27 76
27 77
27 79
27 86
27 89
27 93
27 96
27 98
27 99
27 100
27 102
27 105
27 106
27 107
27 114
27 116
27 117
27 120
27 123
30 0
30 1
30 2
30 3
30 6
30 9
30 14
30 24
30 25
30 27
30 40
30 43
30 45
30 47
30 53
30 59
30 60
30 62
30 68
30 71
30 72
30 76
30 77
30 79
30 86
30 89
30 93
30 96
30 98
30 99
30 100
30 102
30 105
30 106
30 107
30 114
30 116
30 117
30 120
30 123
31 21
35 36
36 35
40 0
40 1
40 2
40 3
40 6
40 9
40 14
40 24
40 25
40 27
40 30
40 43
40 45
40 47
40 53
40 59
40 60
40 62
40 68
40 71
40 72
40 76
40 77
40 79
40 86
40 89
40 93
40 96
40 98
40 99
40 100
40 102
40 105
40 106
40 107
40 114
40 116
40 117
40 120
40 123
43 0
43 1
43 2
43 3
43 6
43 9
43 14
43 24
43 25
43 27
43 30
43 40
43 45
43 47
43 53
43 59
43 60
43 62
43 68
43 71
43 72
43 76
43 77
43 79
43 86
43 89
43 93
43 96
43 98
43 99
43 100
43 102
43 105
43 106
43 107
43 114
43 116
43 117
43 120
43 123
45 0
45 1
45 2
45 3
45 6
45 9
45 14
45 24
45 25
45 27
45 30
45 40
45 43
45 47
45 53
45 59
45 60
45 62
45 68
45 71
45 72
45 76
45 77
45 79
45 86
45 89
45 93
45 96
45 98
45 99
45 100
45 102
45 105
45 106
45 107
45 114
45 116
45 117
45 120
45 123
46 56
46 63
46 109
47 0
47 1
47 2
47 3
47 6
47 9
47 14
47 24
47 25
47 27
47 30
47 40
47 43
47 45
47 53
47 59
47 60
47 62
47 68
47 71
47 72
47 76
47 77
47 79
47 86
47 89
47 93
47 96
47 98
47 99
47 100
47 102
47 105
47 106
47 107
47 114
47 116
47 117
47 120
47 123
50 18
51 95
53 0
53 1
53 2
53 3
53 6
53 9
53 14
53 24
53 25
53 27
53 30
53 40
53 43
53 45
53 47
53 59
53 60
53 62
53 68
53 71
53 72
53 76
53 77
53 79
53 86
53 89
53 93
53 96
53 98
53 99
53 100
53 102
53 105
53 106
53 107
53 114
53 116
53 117
53 120
53 123
56 46
56 63
56 109
59 0
59 1
59 2
59 3
59 6
59 9
59 14
59 24
59 25
59 27
59 30
59 40
59 43
59 45
59 47
59 53
59 60
59 62
59 68
59 71
59 72
59 76
59 77
59 79
59 86
59 89
59 93
59 96
59 98
59 99
59 100
59 102
59 105
59 106
59 107
59 114
59 116
59 117
59 120
59 123
60 0
60 1
60 2
60 3
60 6
60 9
60 14
60 24
60 25
60 27
60 30
60 40
60 43
60 45
60 47
60 53
60 59
60 62
60 68
60 71
60 72
60 76
60 77
60 79
60 86
60 89
60 93
60 96
60 98
60 99
60 100
60 102
60 105
60 106
60 107
60 114
60 116
60 117
60 120
60 123
62 0
62 1
62 2
62 3
62 6
62 9
62 14
62 24
62 25
62 27
62 30
62 40
62 43
62 45
62 47
62 53
62 59
62 60
62 68
62 71
62 72
62 76
62 77
62 79
62 86
62 89
62 93
62 96
62 98
62 99
62 100
62 102
62 105
62 106
62 107
62 114
62 116
62 117
62 120
62 123
63 46
63 56
63 109
68 0
68 1
68 2
68 3
68 6
68 9
68 14
68 24
68 25
68 27
68 30
68 40
68 43
68 45
68 47
68 53
68 59
68 60
68 62
68 71
68 72
68 76
68 77
68 79
68 86
68 89
68 93
68 96
68 98
68 99
68 100
68 102
68 105
68 106
68 107
68 114
68 116
68 117
68 120
68 123
69 20
71 0
71 1
71 2
71 3
71 6
71 9
71 14
71 24
71 25
71 27
71 30
71 40
71 43
71 45
71 47
71 53
71 59
71 60
71 62
71 68
71 72
71 76
71 77
71 79
71 86
71 89
71 93
71 96
71 98
71 99
71 100
71 102
71 105
71 106
71 107
71 114
71 116
71 117
71 120
71 123
72 0
72 1
72 2
72 3
72 6
72 9
72 14
72 24
72 25
72 27
72 30
72 40
72 43
72 45
72 47
72 53
72 59
72 60
72 62
72 68
72 71
72 76
72 77
72 79
72 86
72 89
72 93
72 96
72 98
72 99
72 100
72 102
72 105
72 106
72 107
72 114
72 116
72 117
72 120
72 123
76 0
76 1
76 2
76 3
76 6
76 9
76 14
76 24
76 25
76 27
76 30
76 40
76 43
76 45
76 47
76 53
76 59
76 60
76 62
76 68
76 71
76 72
76 77
76 79
76 86
76 89
76 93
76 96
76 98
76 99
76 100
76 102
76 105
76 106
76 107
76 114
76 116
76 117
76 120
76 123
77 0
77 1
77 2
77 3
77 6
77 9
77 14
77 24
77 25
77 27
77 30
77 40
77 43
77 45
77 47
77 53
77 59
77 60
77 62
77 68
77 71
77 72
77 76
77 79
77 86
77 89
77 93
77 96
77 98
77 99
77 100
77 102
77 105
77 106
77 107
77 114
77 116
77 117
77 120
77 123
79 0
79 1
79 2
79 3
79 6
79 9
79 14
79 24
79 25
79 27
79 30
79 40
79 43
79 45
79 47
79 53
79 59
79 60
79 62
79 68
79 71
79 72
79 76
79 77
79 86
79 89
79 93
79 96
79 98
79 99
79 100
79 102
79 105
79 106
79 107
79 114
79 116
79 117
79 120
79 123
82 124
84 92
84 103
85 17
86 0
86 1
86 2
86 3
86 6
86 9
86 14
86 24
86 25
86 27
86 30
86 40
86 43
86 45
86 47
86 53
86 59
86 60
86 62
86 68
86 71
86 72
86 76
86 77
86 79
86 89
86 93
86 96
86 98
86 99
86 100
86 102
86 105
86 106
86 107
86 114
86 116
86 117
86 120
86 123
89 0
89 1
89 2
89 3
89 6
89 9
89 14
89 24
89 25
89 27
89 30
89 40
89 43
89 45
89 47
89 53
89 59
89 60
89 62
89 68
89 71
89 72
89 76
89 77
89 79
89 86
89 93
89 96
89 98
89 99
89 100
89 102
89 105
89 106
89 107
89 114
89 116
89 117
89 120
89 123
90 8
90 91
91 8
91 90
92 84
92 103
93 0
93 1
93 2
93 3
93 6
93 9
93 14
93 24
93 25
93 27
93 30
93 40
93 43
93 45
93 47
93 53
93 59
93 60
93 62
93 68
93 71
93 72
93 76
93 77
93 79
93 86
93 89
93 96
93 98
93 99
93 100
93 102
93 105
93 106
93 107
93 114
93 116
93 117
93 120
93 123
95 51
96 0
96 1
96 2
96 3
96 6
96 9
96 14
96 24
96 25
96 27
96 30
96 40
96 43
96 45
96 47
96 53
96 59
96 60
96 62
96 68
96 71
96 72
96 76
96 77
96 79
96 86
96 89
96 93
96 98
96 99
96 100
96 102
96 105
96 106
96 107
96 114
96 116
96 117
96 120
96 123
98 0
98 1
98 2
98 3
98 6
98 9
98 14
98 24
98 25
98 27
98 30
98 40
98 43
98 45
98 47
98 53
98 59
98 60
98 62
98 68
98 71
98 72
98 76
98 77
98 79
98 86
98 89
98 93
98 96
98 99
98 100
98 102
98 105
98 106
98 107
98 114
98 116
98 117
98 120
98 123
99 0
99 1
99 2
99 3
99 6
99 9
99 14
99 24
99 25
99 27
99 30
99 40
99 43
99 45
99 47
99 53
99 59
99 60
99 62
99 68
99 71
99 72
99 76
99 77
99 79
99 86
99 89
99 93
99 96
99 98
99 100
99 102
99 105
99 106
99 107
99 114
99 116
99 117
99 120
99 123
100 0
100 1
100 2
100 3
100 6
100 9
100 14
100 24
100 25
100 27
100 30
100 40
100 43
100 45
100 47
100 53
100 59
100 60
100 62
100 68
100 71
100 72
100 76
100 77
100 79
100 86
100 89
100 93
100 96
100 98
100 99
100 102
100 105
100 106
100 107
100 114
100 116
100 117
100 120
100 123
102 0
102 1
102 2
102 3
102 6
102 9
102 14
102 24
102 25
102 27
102 30
102 40
102 43
102 45
102 47
102 53
102 59
102 60
102 62
102 68
102 71
102 72
102 76
102 77
102 79
102 86
102 89
102 93
102 96
102 98
102 99
102 100
102 105
102 106
102 107
102 114
102 116
102 117
102 120
102 123
103 84
103 92
105 0
105 1
105 2
105 3
105 6
105 9
105 14
105 24
105 25
105 27
105 30
105 40
105 43
105 45
105 47
105 53
105 59
105 60
105 62
105 68
105 71
105 72
105 76
105 77
105 79
105 86
105 89
105 93
105 96
105 98
105 99
105 100
105 102
105 106
105 107
105 114
105 116
105 117
105 120
105 123
106 0
106 1
106 2
106 3
106 6
106 9
106 14
106 24
106 25
106 27
106 30
106 40
106 43
106 45
106 47
106 53
106 59
106 60
106 62
106 68
106 71
106 72
106 76
106 77
106 79
106 86
106 89
106 93
106 96
106 98
106 99
106 100
106 102
106 105
106 107
106 114
106 116
106 117
106 120
106 123
107 0
107 1
107 2
107 3
107 6
107 9
107 14
107 24
107 25
107 27
107 30
107 40
107 43
107 45
107 47
107 53
107 59
107 60
107 62
107 68
107 71
107 72
107 76
107 77
107 79
107 86
107 89
107 93
107 96
107 98
107 99
107 100
107 102
107 105
107 106
107 114
107 116
107 117
107 120
107 123
109 46
109 56
109 63
114 0
114 1
114 2
114 3
114 6
114 9
114 14
114 24
114 25
114 27
114 30
114 40
114 43
114 45
114 47
114 53
114 59
114 60
114 62
114 68
114 71
114 72
114 76
114 77
114 79
114 86
114 89
114 93
114 96
114 98
114 99
114 100
114 102
114 105
114 106
114 107
114 116
114 117
114 120
114 123
116 0
116 1
116 2
116 3
116 6
116 9
116 14
116 24
116 25
116 27
116 30
116 40
116 43
116 45
116 47
116 53
116 59
116 60
116 62
116 68
116 71
116 72
116 76
116 77
116 79
116 86
116 89
116 93
116 96
116 98
116 99
116 100
116 102
116 105
116 106
116 107
116 114
116 117
116 120
116 123
117 0
117 1
117 2
117 3
117 6
117 9
117 14
117 24
117 25
117 27
117 30
117 40
117 43
117 45
117 47
117 53
117 59
117 60
117 62
117 68
117 71
117 72
117 76
117 77
117 79
117 86
117 89
117 93
117 96
117 98
117 99
117 100
117 102
117 105
117 106
117 107
117 114
117 116
117 120
117 123
120 0
120 1
120 2
120 3
120 6
120 9
120 14
120 24
120 25
120 27
120 30
120 40
120 43
120 45
120 47
120 53
120 59
120 60
120 62
120 68
120 71
120 72
120 76
120 77
120 79
120 86
120 89
120 93
120 96
120 98
120 99
120 100
120 102
120 105
120 106
120 107
120 114
120 116
120 117
120 123
123 0
123 1
123 2
123 3
123 6
123 9
123 14
123 24
123 25
123 27
123 30
123 40
123 43
123 45
123 47
123 53
123 59
123 60
123 62
123 68
123 71
123 72
123 76
123 77
123 79
123 86
123 89
123 93
123 96
123 98
123 99
123 100
123 102
123 105
123 106
123 107
123 114
123 116
123 117
123 120
124 82
