128 582
4 11
4 12
4 15
4 28
4 32
4 37
4 42
4 46
4 50
4 54
4 58
4 65
4 66
4 82
4 84
4 91
4 97
4 101
4 109
4 111
4 112
4 113
4 124
11 4
11 12
11 15
11 28
11 32
11 37
11 42
11 46
11 50
11 54
11 58
11 65
11 66
11 82
11 84
11 91
11 97
11 101
11 109
11 111
11 112
11 113
11 124
12 4
12 11
12 15
12 28
12 32
12 37
12 42
12 46
12 50
12 54
12 58
12 65
12 66
12 82
12 84
12 91
12 97
12 101
12 109
12 111
12 112
12 113
12 124
14 48
15 4
15 11
15 12
15 28
15 32
15 37
15 42
15 46
15 50
15 54
15 58
15 65
15 66
15 82
15 84
15 91
15 97
15 101
15 109
15 111
15 112
15 113
15 124
21 120
28 4
28 11
28 12
28 15
28 32
28 37
28 42
28 46
28 50
28 54
28 58
28 65
28 66
28 82
28 84
28 91
28 97
28 101
28 109
28 111
28 112
28 113
28 124
32 4
32 11
32 12
32 15
32 28
32 37
32 42
32 46
32 50
32 54
32 58
32 65
32 66
32 82
32 84
32 91
32 97
32 101
32 109
32 111
32 112
32 113
32 124
37 4
37 11
37 12
37 15
37 28
37 32
37 42
37 46
37 50
37 54
37 58
37 65
37 66
37 82
37 84
37 91
37 97
37 101
37 109
37 111
37 112
37 113
37 124
38 67
39 102
42 4
42 11
42 12
42 15
42 28
42 32
42 37
42 46
42 50
42 54
42 58
42 65
42 66
42 82
42 84
42 91
42 97
42 101
42 109
42 111
42 112
42 113
42 124
46 4
46 11
46 12
46 15
46 28
46 32
46 37
46 42
46 50
46 54
46 58
46 65
46 66
46 82
46 84
46 91
46 97
46 101
46 109
46 111
46 112
46 113
46 124
47 53
48 14
50 4
50 11
50 12
50 15
50 28
50 32
50 37
50 42
50 46
50 54
50 58
50 65
50 66
50 82
50 84
50 91
50 97
50 101
50 109
50 111
50 112
50 113
50 124
53 47
54 4
54 11
54 12
54 15
54 28
54 32
54 37
54 42
54 46
54 50
54 58
54 65
54 66
54 82
54 84
54 91
54 97
54 101
54 109
54 111
54 112
54 113
54 124
58 4
58 11
58 12
58 15
58 28
58 32
58 37
58 42
58 46
58 50
58 54
58 65
58 66
58 82
58 84
58 91
58 97
58 101
58 109
58 111
58 112
58 113
58 124
61 75
65 4
65 11
65 12
65 15
65 28
65 32
65 37
65 42
65 46
65 50
65 54
65 58
65 66
65 82
65 84
65 91
65 97
65 101
65 109
65 111
65 112
65 113
65 124
66 4
66 11
66 12
66 15
66 28
66 32
66 37
66 42
66 46
66 50
66 54
66 58
66 65
66 82
66 84
66 91
66 97
66 101
66 109
66 111
66 112
66 113
66 124
67 38
68 92
72 79
75 61
79 72
80 114
80 117
82 4
82 11
82 12
82 15
82 28
82 32
82 37
82 42
82 46
82 50
82 54
82 58
82 65
82 66
82 84
82 91
82 97
82 101
82 109
82 111
82 112
82 113
82 124
84 4
84 11
84 12
84 15
84 28
84 32
84 37
84 42
84 46
84 50
84 54
84 58
84 65
84 66
84 82
84 91
84 97
84 101
84 109
84 111
84 112
84 113
84 124
85 100
85 107
91 4
91 11
91 12
91 15
91 28
91 32
91 37
91 42
91 46
91 50
91 54
91 58
91 65
91 66
91 82
91 84
91 97
91 101
91 109
91 111
91 112
91 113
91 124
92 68
97 4
97 11
97 12
97 15
97 28
97 32
97 37
97 42
97 46
97 50
97 54
97 58
97 65
97 66
97 82
97 84
97 91
97 101
97 109
97 111
97 112
97 113
97 124
100 85
100 107
101 4
101 11
101 12
101 15
101 28
101 32
101 37
101 42
101 46
101 50
101 54
101 58
101 65
101 66
101 82
101 84
101 91
101 97
101 109
101 111
101 112
101 113
101 124
102 39
105 122
107 85
107 100
109 4
109 11
109 12
109 15
109 28
109 32
109 37
109 42
109 46
109 50
109 54
109 58
109 65
109 66
109 82
109 84
109 91
109 97
109 101
109 111
109 112
109 113
109 124
111 4
111 11
111 12
111 15
111 28
111 32
111 37
111 42
111 46
111 50
111 54
111 58
111 65
111 66
111 82
111 84
111 91
111 97
111 101
111 109
111 112
111 113
111 124
112 4
112 11
112 12
112 15
112 28
112 32
112 37
112 42
112 46
112 50
112 54
112 58
112 65
112 66
112 82
112 84
112 91
112 97
112 101
112 109
112 111
112 113
112 124
113 4
113 11
113 12
113 15
113 28
113 32
113 37
113 42
113 46
113 50
113 54
113 58
113 65
113 66
113 82
113 84
113 91
113 97
113 101
113 109
113 111
113 112
113 124
114 80
114 117
117 80
117 114
120 21
122 105
124 4
124 11
124 12
124 15
124 28
124 32
124 37
124 42
124 46
124 50
124 54
124 58
124 65
124 66
124 82
124 84
124 91
124 97
124 101
124 109
124 111
124 112
124 113
