128 104
2 47
2 53
2 62
2 93
2 116
2 120
7 13
10 77
11 22
11 34
12 37
13 7
22 11
22 34
25 33
25 71
25 91
25 108
26 68
27 97
30 55
30 114
33 25
33 71
33 91
33 108
34 11
34 22
36 61
37 12
41 42
42 41
47 2
47 53
47 62
47 93
47 116
47 120
51 63
51 104
53 2
53 47
53 62
53 93
53 116
53 120
54 122
55 30
55 114
60 84
61 36
62 2
62 47
62 53
62 93
62 116
62 120
63 51
63 104
64 72
68 26
70 82
71 25
71 33
71 91
71 108
72 64
77 10
82 70
84 60
87 115
91 25
91 33
91 71
91 108
93 2
93 47
93 53
93 62
93 116
93 120
97 27
104 51
104 63
108 25
108 33
108 71
108 91
114 30
114 55
115 87
116 2
116 47
116 53
116 62
116 93
116 120
120 2
120 47
120 53
120 62
120 93
120 116
122 54
