256 5742
3 106
4 11
4 12
4 15
4 19
4 28
4 29
4 32
4 37
4 42
4 46
4 48
4 50
4 54
4 55
4 56
4 58
4 63
4 64
4 65
4 66
4 81
4 82
4 83
4 84
4 91
4 94
4 97
4 101
4 103
4 104
4 109
4 111
4 112
4 113
4 122
4 124
4 128
4 137
4 141
4 142
4 145
4 148
4 149
4 153
4 158
4 165
4 167
4 169
4 172
4 185
4 186
4 188
4 191
4 194
4 196
4 197
4 199
4 201
4 203
4 207
4 213
4 218
4 219
4 222
4 227
4 231
4 234
4 235
4 237
4 239
4 247
4 248
4 249
4 255
6 20
6 190
7 119
7 156
7 226
9 59
9 163
9 168
9 198
10 180
10 241
11 4
11 12
11 15
11 19
11 28
11 29
11 32
11 37
11 42
11 46
11 48
11 50
11 54
11 55
11 56
11 58
11 63
11 64
11 65
11 66
11 81
11 82
11 83
11 84
11 91
11 94
11 97
11 101
11 103
11 104
11 109
11 111
11 112
11 113
11 122
11 124
11 128
11 137
11 141
11 142
11 145
11 148
11 149
11 153
11 158
11 165
11 167
11 169
11 172
11 185
11 186
11 188
11 191
11 194
11 196
11 197
11 199
11 201
11 203
11 207
11 213
11 218
11 219
11 222
11 227
11 231
11 234
11 235
11 237
11 239
11 247
11 248
11 249
11 255
12 4
12 11
12 15
12 19
12 28
12 29
12 32
12 37
12 42
12 46
12 48
12 50
12 54
12 55
12 56
12 58
12 63
12 64
12 65
12 66
12 81
12 82
12 83
12 84
12 91
12 94
12 97
12 101
12 103
12 104
12 109
12 111
12 112
12 113
12 122
12 124
12 128
12 137
12 141
12 142
12 145
12 148
12 149
12 153
12 158
12 165
12 167
12 169
12 172
12 185
12 186
12 188
12 191
12 194
12 196
12 197
12 199
12 201
12 203
12 207
12 213
12 218
12 219
12 222
12 227
12 231
12 234
12 235
12 237
12 239
12 247
12 248
12 249
12 255
15 4
15 11
15 12
15 19
15 28
15 29
15 32
15 37
15 42
15 46
15 48
15 50
15 54
15 55
15 56
15 58
15 63
15 64
15 65
15 66
15 81
15 82
15 83
15 84
15 91
15 94
15 97
15 101
15 103
15 104
15 109
15 111
15 112
15 113
15 122
15 124
15 128
15 137
15 141
15 142
15 145
15 148
15 149
15 153
15 158
15 165
15 167
15 169
15 172
15 185
15 186
15 188
15 191
15 194
15 196
15 197
15 199
15 201
15 203
15 207
15 213
15 218
15 219
15 222
15 227
15 231
15 234
15 235
15 237
15 239
15 247
15 248
15 249
15 255
17 242
19 4
19 11
19 12
19 15
19 28
19 29
19 32
19 37
19 42
19 46
19 48
19 50
19 54
19 55
19 56
19 58
19 63
19 64
19 65
19 66
19 81
19 82
19 83
19 84
19 91
19 94
19 97
19 101
19 103
19 104
19 109
19 111
19 112
19 113
19 122
19 124
19 128
19 137
19 141
19 142
19 145
19 148
19 149
19 153
19 158
19 165
19 167
19 169
19 172
19 185
19 186
19 188
19 191
19 194
19 196
19 197
19 199
19 201
19 203
19 207
19 213
19 218
19 219
19 222
19 227
19 231
19 234
19 235
19 237
19 239
19 247
19 248
19 249
19 255
20 6
20 190
23 93
25 102
28 4
28 11
28 12
28 15
28 19
28 29
28 32
28 37
28 42
28 46
28 48
28 50
28 54
28 55
28 56
28 58
28 63
28 64
28 65
28 66
28 81
28 82
28 83
28 84
28 91
28 94
28 97
28 101
28 103
28 104
28 109
28 111
28 112
28 113
28 122
28 124
28 128
28 137
28 141
28 142
28 145
28 148
28 149
28 153
28 158
28 165
28 167
28 169
28 172
28 185
28 186
28 188
28 191
28 194
28 196
28 197
28 199
28 201
28 203
28 207
28 213
28 218
28 219
28 222
28 227
28 231
28 234
28 235
28 237
28 239
28 247
28 248
28 249
28 255
29 4
29 11
29 12
29 15
29 19
29 28
29 32
29 37
29 42
29 46
29 48
29 50
29 54
29 55
29 56
29 58
29 63
29 64
29 65
29 66
29 81
29 82
29 83
29 84
29 91
29 94
29 97
29 101
29 103
29 104
29 109
29 111
29 112
29 113
29 122
29 124
29 128
29 137
29 141
29 142
29 145
29 148
29 149
29 153
29 158
29 165
29 167
29 169
29 172
29 185
29 186
29 188
29 191
29 194
29 196
29 197
29 199
29 201
29 203
29 207
29 213
29 218
29 219
29 222
29 227
29 231
29 234
29 235
29 237
29 239
29 247
29 248
29 249
29 255
31 45
31 243
32 4
32 11
32 12
32 15
32 19
32 28
32 29
32 37
32 42
32 46
32 48
32 50
32 54
32 55
32 56
32 58
32 63
32 64
32 65
32 66
32 81
32 82
32 83
32 84
32 91
32 94
32 97
32 101
32 103
32 104
32 109
32 111
32 112
32 113
32 122
32 124
32 128
32 137
32 141
32 142
32 145
32 148
32 149
32 153
32 158
32 165
32 167
32 169
32 172
32 185
32 186
32 188
32 191
32 194
32 196
32 197
32 199
32 201
32 203
32 207
32 213
32 218
32 219
32 222
32 227
32 231
32 234
32 235
32 237
32 239
32 247
32 248
32 249
32 255
37 4
37 11
37 12
37 15
37 19
37 28
37 29
37 32
37 42
37 46
37 48
37 50
37 54
37 55
37 56
37 58
37 63
37 64
37 65
37 66
37 81
37 82
37 83
37 84
37 91
37 94
37 97
37 101
37 103
37 104
37 109
37 111
37 112
37 113
37 122
37 124
37 128
37 137
37 141
37 142
37 145
37 148
37 149
37 153
37 158
37 165
37 167
37 169
37 172
37 185
37 186
37 188
37 191
37 194
37 196
37 197
37 199
37 201
37 203
37 207
37 213
37 218
37 219
37 222
37 227
37 231
37 234
37 235
37 237
37 239
37 247
37 248
37 249
37 255
39 161
40 80
40 125
40 151
40 232
41 47
41 85
41 87
41 90
41 116
41 178
41 183
41 246
42 4
42 11
42 12
42 15
42 19
42 28
42 29
42 32
42 37
42 46
42 48
42 50
42 54
42 55
42 56
42 58
42 63
42 64
42 65
42 66
42 81
42 82
42 83
42 84
42 91
42 94
42 97
42 101
42 103
42 104
42 109
42 111
42 112
42 113
42 122
42 124
42 128
42 137
42 141
42 142
42 145
42 148
42 149
42 153
42 158
42 165
42 167
42 169
42 172
42 185
42 186
42 188
42 191
42 194
42 196
42 197
42 199
42 201
42 203
42 207
42 213
42 218
42 219
42 222
42 227
42 231
42 234
42 235
42 237
42 239
42 247
42 248
42 249
42 255
45 31
45 243
46 4
46 11
46 12
46 15
46 19
46 28
46 29
46 32
46 37
46 42
46 48
46 50
46 54
46 55
46 56
46 58
46 63
46 64
46 65
46 66
46 81
46 82
46 83
46 84
46 91
46 94
46 97
46 101
46 103
46 104
46 109
46 111
46 112
46 113
46 122
46 124
46 128
46 137
46 141
46 142
46 145
46 148
46 149
46 153
46 158
46 165
46 167
46 169
46 172
46 185
46 186
46 188
46 191
46 194
46 196
46 197
46 199
46 201
46 203
46 207
46 213
46 218
46 219
46 222
46 227
46 231
46 234
46 235
46 237
46 239
46 247
46 248
46 249
46 255
47 41
47 85
47 87
47 90
47 116
47 178
47 183
47 246
48 4
48 11
48 12
48 15
48 19
48 28
48 29
48 32
48 37
48 42
48 46
48 50
48 54
48 55
48 56
48 58
48 63
48 64
48 65
48 66
48 81
48 82
48 83
48 84
48 91
48 94
48 97
48 101
48 103
48 104
48 109
48 111
48 112
48 113
48 122
48 124
48 128
48 137
48 141
48 142
48 145
48 148
48 149
48 153
48 158
48 165
48 167
48 169
48 172
48 185
48 186
48 188
48 191
48 194
48 196
48 197
48 199
48 201
48 203
48 207
48 213
48 218
48 219
48 222
48 227
48 231
48 234
48 235
48 237
48 239
48 247
48 248
48 249
48 255
50 4
50 11
50 12
50 15
50 19
50 28
50 29
50 32
50 37
50 42
50 46
50 48
50 54
50 55
50 56
50 58
50 63
50 64
50 65
50 66
50 81
50 82
50 83
50 84
50 91
50 94
50 97
50 101
50 103
50 104
50 109
50 111
50 112
50 113
50 122
50 124
50 128
50 137
50 141
50 142
50 145
50 148
50 149
50 153
50 158
50 165
50 167
50 169
50 172
50 185
50 186
50 188
50 191
50 194
50 196
50 197
50 199
50 201
50 203
50 207
50 213
50 218
50 219
50 222
50 227
50 231
50 234
50 235
50 237
50 239
50 247
50 248
50 249
50 255
52 130
54 4
54 11
54 12
54 15
54 19
54 28
54 29
54 32
54 37
54 42
54 46
54 48
54 50
54 55
54 56
54 58
54 63
54 64
54 65
54 66
54 81
54 82
54 83
54 84
54 91
54 94
54 97
54 101
54 103
54 104
54 109
54 111
54 112
54 113
54 122
54 124
54 128
54 137
54 141
54 142
54 145
54 148
54 149
54 153
54 158
54 165
54 167
54 169
54 172
54 185
54 186
54 188
54 191
54 194
54 196
54 197
54 199
54 201
54 203
54 207
54 213
54 218
54 219
54 222
54 227
54 231
54 234
54 235
54 237
54 239
54 247
54 248
54 249
54 255
55 4
55 11
55 12
55 15
55 19
55 28
55 29
55 32
55 37
55 42
55 46
55 48
55 50
55 54
55 56
55 58
55 63
55 64
55 65
55 66
55 81
55 82
55 83
55 84
55 91
55 94
55 97
55 101
55 103
55 104
55 109
55 111
55 112
55 113
55 122
55 124
55 128
55 137
55 141
55 142
55 145
55 148
55 149
55 153
55 158
55 165
55 167
55 169
55 172
55 185
55 186
55 188
55 191
55 194
55 196
55 197
55 199
55 201
55 203
55 207
55 213
55 218
55 219
55 222
55 227
55 231
55 234
55 235
55 237
55 239
55 247
55 248
55 249
55 255
56 4
56 11
56 12
56 15
56 19
56 28
56 29
56 32
56 37
56 42
56 46
56 48
56 50
56 54
56 55
56 58
56 63
56 64
56 65
56 66
56 81
56 82
56 83
56 84
56 91
56 94
56 97
56 101
56 103
56 104
56 109
56 111
56 112
56 113
56 122
56 124
56 128
56 137
56 141
56 142
56 145
56 148
56 149
56 153
56 158
56 165
56 167
56 169
56 172
56 185
56 186
56 188
56 191
56 194
56 196
56 197
56 199
56 201
56 203
56 207
56 213
56 218
56 219
56 222
56 227
56 231
56 234
56 235
56 237
56 239
56 247
56 248
56 249
56 255
58 4
58 11
58 12
58 15
58 19
58 28
58 29
58 32
58 37
58 42
58 46
58 48
58 50
58 54
58 55
58 56
58 63
58 64
58 65
58 66
58 81
58 82
58 83
58 84
58 91
58 94
58 97
58 101
58 103
58 104
58 109
58 111
58 112
58 113
58 122
58 124
58 128
58 137
58 141
58 142
58 145
58 148
58 149
58 153
58 158
58 165
58 167
58 169
58 172
58 185
58 186
58 188
58 191
58 194
58 196
58 197
58 199
58 201
58 203
58 207
58 213
58 218
58 219
58 222
58 227
58 231
58 234
58 235
58 237
58 239
58 247
58 248
58 249
58 255
59 9
59 163
59 168
59 198
60 71
62 195
63 4
63 11
63 12
63 15
63 19
63 28
63 29
63 32
63 37
63 42
63 46
63 48
63 50
63 54
63 55
63 56
63 58
63 64
63 65
63 66
63 81
63 82
63 83
63 84
63 91
63 94
63 97
63 101
63 103
63 104
63 109
63 111
63 112
63 113
63 122
63 124
63 128
63 137
63 141
63 142
63 145
63 148
63 149
63 153
63 158
63 165
63 167
63 169
63 172
63 185
63 186
63 188
63 191
63 194
63 196
63 197
63 199
63 201
63 203
63 207
63 213
63 218
63 219
63 222
63 227
63 231
63 234
63 235
63 237
63 239
63 247
63 248
63 249
63 255
64 4
64 11
64 12
64 15
64 19
64 28
64 29
64 32
64 37
64 42
64 46
64 48
64 50
64 54
64 55
64 56
64 58
64 63
64 65
64 66
64 81
64 82
64 83
64 84
64 91
64 94
64 97
64 101
64 103
64 104
64 109
64 111
64 112
64 113
64 122
64 124
64 128
64 137
64 141
64 142
64 145
64 148
64 149
64 153
64 158
64 165
64 167
64 169
64 172
64 185
64 186
64 188
64 191
64 194
64 196
64 197
64 199
64 201
64 203
64 207
64 213
64 218
64 219
64 222
64 227
64 231
64 234
64 235
64 237
64 239
64 247
64 248
64 249
64 255
65 4
65 11
65 12
65 15
65 19
65 28
65 29
65 32
65 37
65 42
65 46
65 48
65 50
65 54
65 55
65 56
65 58
65 63
65 64
65 66
65 81
65 82
65 83
65 84
65 91
65 94
65 97
65 101
65 103
65 104
65 109
65 111
65 112
65 113
65 122
65 124
65 128
65 137
65 141
65 142
65 145
65 148
65 149
65 153
65 158
65 165
65 167
65 169
65 172
65 185
65 186
65 188
65 191
65 194
65 196
65 197
65 199
65 201
65 203
65 207
65 213
65 218
65 219
65 222
65 227
65 231
65 234
65 235
65 237
65 239
65 247
65 248
65 249
65 255
66 4
66 11
66 12
66 15
66 19
66 28
66 29
66 32
66 37
66 42
66 46
66 48
66 50
66 54
66 55
66 56
66 58
66 63
66 64
66 65
66 81
66 82
66 83
66 84
66 91
66 94
66 97
66 101
66 103
66 104
66 109
66 111
66 112
66 113
66 122
66 124
66 128
66 137
66 141
66 142
66 145
66 148
66 149
66 153
66 158
66 165
66 167
66 169
66 172
66 185
66 186
66 188
66 191
66 194
66 196
66 197
66 199
66 201
66 203
66 207
66 213
66 218
66 219
66 222
66 227
66 231
66 234
66 235
66 237
66 239
66 247
66 248
66 249
66 255
71 60
75 147
77 184
80 40
80 125
80 151
80 232
81 4
81 11
81 12
81 15
81 19
81 28
81 29
81 32
81 37
81 42
81 46
81 48
81 50
81 54
81 55
81 56
81 58
81 63
81 64
81 65
81 66
81 82
81 83
81 84
81 91
81 94
81 97
81 101
81 103
81 104
81 109
81 111
81 112
81 113
81 122
81 124
81 128
81 137
81 141
81 142
81 145
81 148
81 149
81 153
81 158
81 165
81 167
81 169
81 172
81 185
81 186
81 188
81 191
81 194
81 196
81 197
81 199
81 201
81 203
81 207
81 213
81 218
81 219
81 222
81 227
81 231
81 234
81 235
81 237
81 239
81 247
81 248
81 249
81 255
82 4
82 11
82 12
82 15
82 19
82 28
82 29
82 32
82 37
82 42
82 46
82 48
82 50
82 54
82 55
82 56
82 58
82 63
82 64
82 65
82 66
82 81
82 83
82 84
82 91
82 94
82 97
82 101
82 103
82 104
82 109
82 111
82 112
82 113
82 122
82 124
82 128
82 137
82 141
82 142
82 145
82 148
82 149
82 153
82 158
82 165
82 167
82 169
82 172
82 185
82 186
82 188
82 191
82 194
82 196
82 197
82 199
82 201
82 203
82 207
82 213
82 218
82 219
82 222
82 227
82 231
82 234
82 235
82 237
82 239
82 247
82 248
82 249
82 255
83 4
83 11
83 12
83 15
83 19
83 28
83 29
83 32
83 37
83 42
83 46
83 48
83 50
83 54
83 55
83 56
83 58
83 63
83 64
83 65
83 66
83 81
83 82
83 84
83 91
83 94
83 97
83 101
83 103
83 104
83 109
83 111
83 112
83 113
83 122
83 124
83 128
83 137
83 141
83 142
83 145
83 148
83 149
83 153
83 158
83 165
83 167
83 169
83 172
83 185
83 186
83 188
83 191
83 194
83 196
83 197
83 199
83 201
83 203
83 207
83 213
83 218
83 219
83 222
83 227
83 231
83 234
83 235
83 237
83 239
83 247
83 248
83 249
83 255
84 4
84 11
84 12
84 15
84 19
84 28
84 29
84 32
84 37
84 42
84 46
84 48
84 50
84 54
84 55
84 56
84 58
84 63
84 64
84 65
84 66
84 81
84 82
84 83
84 91
84 94
84 97
84 101
84 103
84 104
84 109
84 111
84 112
84 113
84 122
84 124
84 128
84 137
84 141
84 142
84 145
84 148
84 149
84 153
84 158
84 165
84 167
84 169
84 172
84 185
84 186
84 188
84 191
84 194
84 196
84 197
84 199
84 201
84 203
84 207
84 213
84 218
84 219
84 222
84 227
84 231
84 234
84 235
84 237
84 239
84 247
84 248
84 249
84 255
85 41
85 47
85 87
85 90
85 116
85 178
85 183
85 246
87 41
87 47
87 85
87 90
87 116
87 178
87 183
87 246
90 41
90 47
90 85
90 87
90 116
90 178
90 183
90 246
91 4
91 11
91 12
91 15
91 19
91 28
91 29
91 32
91 37
91 42
91 46
91 48
91 50
91 54
91 55
91 56
91 58
91 63
91 64
91 65
91 66
91 81
91 82
91 83
91 84
91 94
91 97
91 101
91 103
91 104
91 109
91 111
91 112
91 113
91 122
91 124
91 128
91 137
91 141
91 142
91 145
91 148
91 149
91 153
91 158
91 165
91 167
91 169
91 172
91 185
91 186
91 188
91 191
91 194
91 196
91 197
91 199
91 201
91 203
91 207
91 213
91 218
91 219
91 222
91 227
91 231
91 234
91 235
91 237
91 239
91 247
91 248
91 249
91 255
93 23
94 4
94 11
94 12
94 15
94 19
94 28
94 29
94 32
94 37
94 42
94 46
94 48
94 50
94 54
94 55
94 56
94 58
94 63
94 64
94 65
94 66
94 81
94 82
94 83
94 84
94 91
94 97
94 101
94 103
94 104
94 109
94 111
94 112
94 113
94 122
94 124
94 128
94 137
94 141
94 142
94 145
94 148
94 149
94 153
94 158
94 165
94 167
94 169
94 172
94 185
94 186
94 188
94 191
94 194
94 196
94 197
94 199
94 201
94 203
94 207
94 213
94 218
94 219
94 222
94 227
94 231
94 234
94 235
94 237
94 239
94 247
94 248
94 249
94 255
96 139
97 4
97 11
97 12
97 15
97 19
97 28
97 29
97 32
97 37
97 42
97 46
97 48
97 50
97 54
97 55
97 56
97 58
97 63
97 64
97 65
97 66
97 81
97 82
97 83
97 84
97 91
97 94
97 101
97 103
97 104
97 109
97 111
97 112
97 113
97 122
97 124
97 128
97 137
97 141
97 142
97 145
97 148
97 149
97 153
97 158
97 165
97 167
97 169
97 172
97 185
97 186
97 188
97 191
97 194
97 196
97 197
97 199
97 201
97 203
97 207
97 213
97 218
97 219
97 222
97 227
97 231
97 234
97 235
97 237
97 239
97 247
97 248
97 249
97 255
101 4
101 11
101 12
101 15
101 19
101 28
101 29
101 32
101 37
101 42
101 46
101 48
101 50
101 54
101 55
101 56
101 58
101 63
101 64
101 65
101 66
101 81
101 82
101 83
101 84
101 91
101 94
101 97
101 103
101 104
101 109
101 111
101 112
101 113
101 122
101 124
101 128
101 137
101 141
101 142
101 145
101 148
101 149
101 153
101 158
101 165
101 167
101 169
101 172
101 185
101 186
101 188
101 191
101 194
101 196
101 197
101 199
101 201
101 203
101 207
101 213
101 218
101 219
101 222
101 227
101 231
101 234
101 235
101 237
101 239
101 247
101 248
101 249
101 255
102 25
103 4
103 11
103 12
103 15
103 19
103 28
103 29
103 32
103 37
103 42
103 46
103 48
103 50
103 54
103 55
103 56
103 58
103 63
103 64
103 65
103 66
103 81
103 82
103 83
103 84
103 91
103 94
103 97
103 101
103 104
103 109
103 111
103 112
103 113
103 122
103 124
103 128
103 137
103 141
103 142
103 145
103 148
103 149
103 153
103 158
103 165
103 167
103 169
103 172
103 185
103 186
103 188
103 191
103 194
103 196
103 197
103 199
103 201
103 203
103 207
103 213
103 218
103 219
103 222
103 227
103 231
103 234
103 235
103 237
103 239
103 247
103 248
103 249
103 255
104 4
104 11
104 12
104 15
104 19
104 28
104 29
104 32
104 37
104 42
104 46
104 48
104 50
104 54
104 55
104 56
104 58
104 63
104 64
104 65
104 66
104 81
104 82
104 83
104 84
104 91
104 94
104 97
104 101
104 103
104 109
104 111
104 112
104 113
104 122
104 124
104 128
104 137
104 141
104 142
104 145
104 148
104 149
104 153
104 158
104 165
104 167
104 169
104 172
104 185
104 186
104 188
104 191
104 194
104 196
104 197
104 199
104 201
104 203
104 207
104 213
104 218
104 219
104 222
104 227
104 231
104 234
104 235
104 237
104 239
104 247
104 248
104 249
104 255
106 3
109 4
109 11
109 12
109 15
109 19
109 28
109 29
109 32
109 37
109 42
109 46
109 48
109 50
109 54
109 55
109 56
109 58
109 63
109 64
109 65
109 66
109 81
109 82
109 83
109 84
109 91
109 94
109 97
109 101
109 103
109 104
109 111
109 112
109 113
109 122
109 124
109 128
109 137
109 141
109 142
109 145
109 148
109 149
109 153
109 158
109 165
109 167
109 169
109 172
109 185
109 186
109 188
109 191
109 194
109 196
109 197
109 199
109 201
109 203
109 207
109 213
109 218
109 219
109 222
109 227
109 231
109 234
109 235
109 237
109 239
109 247
109 248
109 249
109 255
110 217
111 4
111 11
111 12
111 15
111 19
111 28
111 29
111 32
111 37
111 42
111 46
111 48
111 50
111 54
111 55
111 56
111 58
111 63
111 64
111 65
111 66
111 81
111 82
111 83
111 84
111 91
111 94
111 97
111 101
111 103
111 104
111 109
111 112
111 113
111 122
111 124
111 128
111 137
111 141
111 142
111 145
111 148
111 149
111 153
111 158
111 165
111 167
111 169
111 172
111 185
111 186
111 188
111 191
111 194
111 196
111 197
111 199
111 201
111 203
111 207
111 213
111 218
111 219
111 222
111 227
111 231
111 234
111 235
111 237
111 239
111 247
111 248
111 249
111 255
112 4
112 11
112 12
112 15
112 19
112 28
112 29
112 32
112 37
112 42
112 46
112 48
112 50
112 54
112 55
112 56
112 58
112 63
112 64
112 65
112 66
112 81
112 82
112 83
112 84
112 91
112 94
112 97
112 101
112 103
112 104
112 109
112 111
112 113
112 122
112 124
112 128
112 137
112 141
112 142
112 145
112 148
112 149
112 153
112 158
112 165
112 167
112 169
112 172
112 185
112 186
112 188
112 191
112 194
112 196
112 197
112 199
112 201
112 203
112 207
112 213
112 218
112 219
112 222
112 227
112 231
112 234
112 235
112 237
112 239
112 247
112 248
112 249
112 255
113 4
113 11
113 12
113 15
113 19
113 28
113 29
113 32
113 37
113 42
113 46
113 48
113 50
113 54
113 55
113 56
113 58
113 63
113 64
113 65
113 66
113 81
113 82
113 83
113 84
113 91
113 94
113 97
113 101
113 103
113 104
113 109
113 111
113 112
113 122
113 124
113 128
113 137
113 141
113 142
113 145
113 148
113 149
113 153
113 158
113 165
113 167
113 169
113 172
113 185
113 186
113 188
113 191
113 194
113 196
113 197
113 199
113 201
113 203
113 207
113 213
113 218
113 219
113 222
113 227
113 231
113 234
113 235
113 237
113 239
113 247
113 248
113 249
113 255
116 41
116 47
116 85
116 87
116 90
116 178
116 183
116 246
119 7
119 156
119 226
122 4
122 11
122 12
122 15
122 19
122 28
122 29
122 32
122 37
122 42
122 46
122 48
122 50
122 54
122 55
122 56
122 58
122 63
122 64
122 65
122 66
122 81
122 82
122 83
122 84
122 91
122 94
122 97
122 101
122 103
122 104
122 109
122 111
122 112
122 113
122 124
122 128
122 137
122 141
122 142
122 145
122 148
122 149
122 153
122 158
122 165
122 167
122 169
122 172
122 185
122 186
122 188
122 191
122 194
122 196
122 197
122 199
122 201
122 203
122 207
122 213
122 218
122 219
122 222
122 227
122 231
122 234
122 235
122 237
122 239
122 247
122 248
122 249
122 255
124 4
124 11
124 12
124 15
124 19
124 28
124 29
124 32
124 37
124 42
124 46
124 48
124 50
124 54
124 55
124 56
124 58
124 63
124 64
124 65
124 66
124 81
124 82
124 83
124 84
124 91
124 94
124 97
124 101
124 103
124 104
124 109
124 111
124 112
124 113
124 122
124 128
124 137
124 141
124 142
124 145
124 148
124 149
124 153
124 158
124 165
124 167
124 169
124 172
124 185
124 186
124 188
124 191
124 194
124 196
124 197
124 199
124 201
124 203
124 207
124 213
124 218
124 219
124 222
124 227
124 231
124 234
124 235
124 237
124 239
124 247
124 248
124 249
124 255
125 40
125 80
125 151
125 232
128 4
128 11
128 12
128 15
128 19
128 28
128 29
128 32
128 37
128 42
128 46
128 48
128 50
128 54
128 55
128 56
128 58
128 63
128 64
128 65
128 66
128 81
128 82
128 83
128 84
128 91
128 94
128 97
128 101
128 103
128 104
128 109
128 111
128 112
128 113
128 122
128 124
128 137
128 141
128 142
128 145
128 148
128 149
128 153
128 158
128 165
128 167
128 169
128 172
128 185
128 186
128 188
128 191
128 194
128 196
128 197
128 199
128 201
128 203
128 207
128 213
128 218
128 219
128 222
128 227
128 231
128 234
128 235
128 237
128 239
128 247
128 248
128 249
128 255
129 155
130 52
135 170
135 244
137 4
137 11
137 12
137 15
137 19
137 28
137 29
137 32
137 37
137 42
137 46
137 48
137 50
137 54
137 55
137 56
137 58
137 63
137 64
137 65
137 66
137 81
137 82
137 83
137 84
137 91
137 94
137 97
137 101
137 103
137 104
137 109
137 111
137 112
137 113
137 122
137 124
137 128
137 141
137 142
137 145
137 148
137 149
137 153
137 158
137 165
137 167
137 169
137 172
137 185
137 186
137 188
137 191
137 194
137 196
137 197
137 199
137 201
137 203
137 207
137 213
137 218
137 219
137 222
137 227
137 231
137 234
137 235
137 237
137 239
137 247
137 248
137 249
137 255
139 96
141 4
141 11
141 12
141 15
141 19
141 28
141 29
141 32
141 37
141 42
141 46
141 48
141 50
141 54
141 55
141 56
141 58
141 63
141 64
141 65
141 66
141 81
141 82
141 83
141 84
141 91
141 94
141 97
141 101
141 103
141 104
141 109
141 111
141 112
141 113
141 122
141 124
141 128
141 137
141 142
141 145
141 148
141 149
141 153
141 158
141 165
141 167
141 169
141 172
141 185
141 186
141 188
141 191
141 194
141 196
141 197
141 199
141 201
141 203
141 207
141 213
141 218
141 219
141 222
141 227
141 231
141 234
141 235
141 237
141 239
141 247
141 248
141 249
141 255
142 4
142 11
142 12
142 15
142 19
142 28
142 29
142 32
142 37
142 42
142 46
142 48
142 50
142 54
142 55
142 56
142 58
142 63
142 64
142 65
142 66
142 81
142 82
142 83
142 84
142 91
142 94
142 97
142 101
142 103
142 104
142 109
142 111
142 112
142 113
142 122
142 124
142 128
142 137
142 141
142 145
142 148
142 149
142 153
142 158
142 165
142 167
142 169
142 172
142 185
142 186
142 188
142 191
142 194
142 196
142 197
142 199
142 201
142 203
142 207
142 213
142 218
142 219
142 222
142 227
142 231
142 234
142 235
142 237
142 239
142 247
142 248
142 249
142 255
145 4
145 11
145 12
145 15
145 19
145 28
145 29
145 32
145 37
145 42
145 46
145 48
145 50
145 54
145 55
145 56
145 58
145 63
145 64
145 65
145 66
145 81
145 82
145 83
145 84
145 91
145 94
145 97
145 101
145 103
145 104
145 109
145 111
145 112
145 113
145 122
145 124
145 128
145 137
145 141
145 142
145 148
145 149
145 153
145 158
145 165
145 167
145 169
145 172
145 185
145 186
145 188
145 191
145 194
145 196
145 197
145 199
145 201
145 203
145 207
145 213
145 218
145 219
145 222
145 227
145 231
145 234
145 235
145 237
145 239
145 247
145 248
145 249
145 255
147 75
148 4
148 11
148 12
148 15
148 19
148 28
148 29
148 32
148 37
148 42
148 46
148 48
148 50
148 54
148 55
148 56
148 58
148 63
148 64
148 65
148 66
148 81
148 82
148 83
148 84
148 91
148 94
148 97
148 101
148 103
148 104
148 109
148 111
148 112
148 113
148 122
148 124
148 128
148 137
148 141
148 142
148 145
148 149
148 153
148 158
148 165
148 167
148 169
148 172
148 185
148 186
148 188
148 191
148 194
148 196
148 197
148 199
148 201
148 203
148 207
148 213
148 218
148 219
148 222
148 227
148 231
148 234
148 235
148 237
148 239
148 247
148 248
148 249
148 255
149 4
149 11
149 12
149 15
149 19
149 28
149 29
149 32
149 37
149 42
149 46
149 48
149 50
149 54
149 55
149 56
149 58
149 63
149 64
149 65
149 66
149 81
149 82
149 83
149 84
149 91
149 94
149 97
149 101
149 103
149 104
149 109
149 111
149 112
149 113
149 122
149 124
149 128
149 137
149 141
149 142
149 145
149 148
149 153
149 158
149 165
149 167
149 169
149 172
149 185
149 186
149 188
149 191
149 194
149 196
149 197
149 199
149 201
149 203
149 207
149 213
149 218
149 219
149 222
149 227
149 231
149 234
149 235
149 237
149 239
149 247
149 248
149 249
149 255
150 254
151 40
151 80
151 125
151 232
153 4
153 11
153 12
153 15
153 19
153 28
153 29
153 32
153 37
153 42
153 46
153 48
153 50
153 54
153 55
153 56
153 58
153 63
153 64
153 65
153 66
153 81
153 82
153 83
153 84
153 91
153 94
153 97
153 101
153 103
153 104
153 109
153 111
153 112
153 113
153 122
153 124
153 128
153 137
153 141
153 142
153 145
153 148
153 149
153 158
153 165
153 167
153 169
153 172
153 185
153 186
153 188
153 191
153 194
153 196
153 197
153 199
153 201
153 203
153 207
153 213
153 218
153 219
153 222
153 227
153 231
153 234
153 235
153 237
153 239
153 247
153 248
153 249
153 255
155 129
156 7
156 119
156 226
157 160
158 4
158 11
158 12
158 15
158 19
158 28
158 29
158 32
158 37
158 42
158 46
158 48
158 50
158 54
158 55
158 56
158 58
158 63
158 64
158 65
158 66
158 81
158 82
158 83
158 84
158 91
158 94
158 97
158 101
158 103
158 104
158 109
158 111
158 112
158 113
158 122
158 124
158 128
158 137
158 141
158 142
158 145
158 148
158 149
158 153
158 165
158 167
158 169
158 172
158 185
158 186
158 188
158 191
158 194
158 196
158 197
158 199
158 201
158 203
158 207
158 213
158 218
158 219
158 222
158 227
158 231
158 234
158 235
158 237
158 239
158 247
158 248
158 249
158 255
160 157
161 39
162 164
162 236
162 240
163 9
163 59
163 168
163 198
164 162
164 236
164 240
165 4
165 11
165 12
165 15
165 19
165 28
165 29
165 32
165 37
165 42
165 46
165 48
165 50
165 54
165 55
165 56
165 58
165 63
165 64
165 65
165 66
165 81
165 82
165 83
165 84
165 91
165 94
165 97
165 101
165 103
165 104
165 109
165 111
165 112
165 113
165 122
165 124
165 128
165 137
165 141
165 142
165 145
165 148
165 149
165 153
165 158
165 167
165 169
165 172
165 185
165 186
165 188
165 191
165 194
165 196
165 197
165 199
165 201
165 203
165 207
165 213
165 218
165 219
165 222
165 227
165 231
165 234
165 235
165 237
165 239
165 247
165 248
165 249
165 255
167 4
167 11
167 12
167 15
167 19
167 28
167 29
167 32
167 37
167 42
167 46
167 48
167 50
167 54
167 55
167 56
167 58
167 63
167 64
167 65
167 66
167 81
167 82
167 83
167 84
167 91
167 94
167 97
167 101
167 103
167 104
167 109
167 111
167 112
167 113
167 122
167 124
167 128
167 137
167 141
167 142
167 145
167 148
167 149
167 153
167 158
167 165
167 169
167 172
167 185
167 186
167 188
167 191
167 194
167 196
167 197
167 199
167 201
167 203
167 207
167 213
167 218
167 219
167 222
167 227
167 231
167 234
167 235
167 237
167 239
167 247
167 248
167 249
167 255
168 9
168 59
168 163
168 198
169 4
169 11
169 12
169 15
169 19
169 28
169 29
169 32
169 37
169 42
169 46
169 48
169 50
169 54
169 55
169 56
169 58
169 63
169 64
169 65
169 66
169 81
169 82
169 83
169 84
169 91
169 94
169 97
169 101
169 103
169 104
169 109
169 111
169 112
169 113
169 122
169 124
169 128
169 137
169 141
169 142
169 145
169 148
169 149
169 153
169 158
169 165
169 167
169 172
169 185
169 186
169 188
169 191
169 194
169 196
169 197
169 199
169 201
169 203
169 207
169 213
169 218
169 219
169 222
169 227
169 231
169 234
169 235
169 237
169 239
169 247
169 248
169 249
169 255
170 135
170 244
172 4
172 11
172 12
172 15
172 19
172 28
172 29
172 32
172 37
172 42
172 46
172 48
172 50
172 54
172 55
172 56
172 58
172 63
172 64
172 65
172 66
172 81
172 82
172 83
172 84
172 91
172 94
172 97
172 101
172 103
172 104
172 109
172 111
172 112
172 113
172 122
172 124
172 128
172 137
172 141
172 142
172 145
172 148
172 149
172 153
172 158
172 165
172 167
172 169
172 185
172 186
172 188
172 191
172 194
172 196
172 197
172 199
172 201
172 203
172 207
172 213
172 218
172 219
172 222
172 227
172 231
172 234
172 235
172 237
172 239
172 247
172 248
172 249
172 255
178 41
178 47
178 85
178 87
178 90
178 116
178 183
178 246
180 10
180 241
183 41
183 47
183 85
183 87
183 90
183 116
183 178
183 246
184 77
185 4
185 11
185 12
185 15
185 19
185 28
185 29
185 32
185 37
185 42
185 46
185 48
185 50
185 54
185 55
185 56
185 58
185 63
185 64
185 65
185 66
185 81
185 82
185 83
185 84
185 91
185 94
185 97
185 101
185 103
185 104
185 109
185 111
185 112
185 113
185 122
185 124
185 128
185 137
185 141
185 142
185 145
185 148
185 149
185 153
185 158
185 165
185 167
185 169
185 172
185 186
185 188
185 191
185 194
185 196
185 197
185 199
185 201
185 203
185 207
185 213
185 218
185 219
185 222
185 227
185 231
185 234
185 235
185 237
185 239
185 247
185 248
185 249
185 255
186 4
186 11
186 12
186 15
186 19
186 28
186 29
186 32
186 37
186 42
186 46
186 48
186 50
186 54
186 55
186 56
186 58
186 63
186 64
186 65
186 66
186 81
186 82
186 83
186 84
186 91
186 94
186 97
186 101
186 103
186 104
186 109
186 111
186 112
186 113
186 122
186 124
186 128
186 137
186 141
186 142
186 145
186 148
186 149
186 153
186 158
186 165
186 167
186 169
186 172
186 185
186 188
186 191
186 194
186 196
186 197
186 199
186 201
186 203
186 207
186 213
186 218
186 219
186 222
186 227
186 231
186 234
186 235
186 237
186 239
186 247
186 248
186 249
186 255
188 4
188 11
188 12
188 15
188 19
188 28
188 29
188 32
188 37
188 42
188 46
188 48
188 50
188 54
188 55
188 56
188 58
188 63
188 64
188 65
188 66
188 81
188 82
188 83
188 84
188 91
188 94
188 97
188 101
188 103
188 104
188 109
188 111
188 112
188 113
188 122
188 124
188 128
188 137
188 141
188 142
188 145
188 148
188 149
188 153
188 158
188 165
188 167
188 169
188 172
188 185
188 186
188 191
188 194
188 196
188 197
188 199
188 201
188 203
188 207
188 213
188 218
188 219
188 222
188 227
188 231
188 234
188 235
188 237
188 239
188 247
188 248
188 249
188 255
189 221
190 6
190 20
191 4
191 11
191 12
191 15
191 19
191 28
191 29
191 32
191 37
191 42
191 46
191 48
191 50
191 54
191 55
191 56
191 58
191 63
191 64
191 65
191 66
191 81
191 82
191 83
191 84
191 91
191 94
191 97
191 101
191 103
191 104
191 109
191 111
191 112
191 113
191 122
191 124
191 128
191 137
191 141
191 142
191 145
191 148
191 149
191 153
191 158
191 165
191 167
191 169
191 172
191 185
191 186
191 188
191 194
191 196
191 197
191 199
191 201
191 203
191 207
191 213
191 218
191 219
191 222
191 227
191 231
191 234
191 235
191 237
191 239
191 247
191 248
191 249
191 255
194 4
194 11
194 12
194 15
194 19
194 28
194 29
194 32
194 37
194 42
194 46
194 48
194 50
194 54
194 55
194 56
194 58
194 63
194 64
194 65
194 66
194 81
194 82
194 83
194 84
194 91
194 94
194 97
194 101
194 103
194 104
194 109
194 111
194 112
194 113
194 122
194 124
194 128
194 137
194 141
194 142
194 145
194 148
194 149
194 153
194 158
194 165
194 167
194 169
194 172
194 185
194 186
194 188
194 191
194 196
194 197
194 199
194 201
194 203
194 207
194 213
194 218
194 219
194 222
194 227
194 231
194 234
194 235
194 237
194 239
194 247
194 248
194 249
194 255
195 62
196 4
196 11
196 12
196 15
196 19
196 28
196 29
196 32
196 37
196 42
196 46
196 48
196 50
196 54
196 55
196 56
196 58
196 63
196 64
196 65
196 66
196 81
196 82
196 83
196 84
196 91
196 94
196 97
196 101
196 103
196 104
196 109
196 111
196 112
196 113
196 122
196 124
196 128
196 137
196 141
196 142
196 145
196 148
196 149
196 153
196 158
196 165
196 167
196 169
196 172
196 185
196 186
196 188
196 191
196 194
196 197
196 199
196 201
196 203
196 207
196 213
196 218
196 219
196 222
196 227
196 231
196 234
196 235
196 237
196 239
196 247
196 248
196 249
196 255
197 4
197 11
197 12
197 15
197 19
197 28
197 29
197 32
197 37
197 42
197 46
197 48
197 50
197 54
197 55
197 56
197 58
197 63
197 64
197 65
197 66
197 81
197 82
197 83
197 84
197 91
197 94
197 97
197 101
197 103
197 104
197 109
197 111
197 112
197 113
197 122
197 124
197 128
197 137
197 141
197 142
197 145
197 148
197 149
197 153
197 158
197 165
197 167
197 169
197 172
197 185
197 186
197 188
197 191
197 194
197 196
197 199
197 201
197 203
197 207
197 213
197 218
197 219
197 222
197 227
197 231
197 234
197 235
197 237
197 239
197 247
197 248
197 249
197 255
198 9
198 59
198 163
198 168
199 4
199 11
199 12
199 15
199 19
199 28
199 29
199 32
199 37
199 42
199 46
199 48
199 50
199 54
199 55
199 56
199 58
199 63
199 64
199 65
199 66
199 81
199 82
199 83
199 84
199 91
199 94
199 97
199 101
199 103
199 104
199 109
199 111
199 112
199 113
199 122
199 124
199 128
199 137
199 141
199 142
199 145
199 148
199 149
199 153
199 158
199 165
199 167
199 169
199 172
199 185
199 186
199 188
199 191
199 194
199 196
199 197
199 201
199 203
199 207
199 213
199 218
199 219
199 222
199 227
199 231
199 234
199 235
199 237
199 239
199 247
199 248
199 249
199 255
201 4
201 11
201 12
201 15
201 19
201 28
201 29
201 32
201 37
201 42
201 46
201 48
201 50
201 54
201 55
201 56
201 58
201 63
201 64
201 65
201 66
201 81
201 82
201 83
201 84
201 91
201 94
201 97
201 101
201 103
201 104
201 109
201 111
201 112
201 113
201 122
201 124
201 128
201 137
201 141
201 142
201 145
201 148
201 149
201 153
201 158
201 165
201 167
201 169
201 172
201 185
201 186
201 188
201 191
201 194
201 196
201 197
201 199
201 203
201 207
201 213
201 218
201 219
201 222
201 227
201 231
201 234
201 235
201 237
201 239
201 247
201 248
201 249
201 255
203 4
203 11
203 12
203 15
203 19
203 28
203 29
203 32
203 37
203 42
203 46
203 48
203 50
203 54
203 55
203 56
203 58
203 63
203 64
203 65
203 66
203 81
203 82
203 83
203 84
203 91
203 94
203 97
203 101
203 103
203 104
203 109
203 111
203 112
203 113
203 122
203 124
203 128
203 137
203 141
203 142
203 145
203 148
203 149
203 153
203 158
203 165
203 167
203 169
203 172
203 185
203 186
203 188
203 191
203 194
203 196
203 197
203 199
203 201
203 207
203 213
203 218
203 219
203 222
203 227
203 231
203 234
203 235
203 237
203 239
203 247
203 248
203 249
203 255
207 4
207 11
207 12
207 15
207 19
207 28
207 29
207 32
207 37
207 42
207 46
207 48
207 50
207 54
207 55
207 56
207 58
207 63
207 64
207 65
207 66
207 81
207 82
207 83
207 84
207 91
207 94
207 97
207 101
207 103
207 104
207 109
207 111
207 112
207 113
207 122
207 124
207 128
207 137
207 141
207 142
207 145
207 148
207 149
207 153
207 158
207 165
207 167
207 169
207 172
207 185
207 186
207 188
207 191
207 194
207 196
207 197
207 199
207 201
207 203
207 213
207 218
207 219
207 222
207 227
207 231
207 234
207 235
207 237
207 239
207 247
207 248
207 249
207 255
213 4
213 11
213 12
213 15
213 19
213 28
213 29
213 32
213 37
213 42
213 46
213 48
213 50
213 54
213 55
213 56
213 58
213 63
213 64
213 65
213 66
213 81
213 82
213 83
213 84
213 91
213 94
213 97
213 101
213 103
213 104
213 109
213 111
213 112
213 113
213 122
213 124
213 128
213 137
213 141
213 142
213 145
213 148
213 149
213 153
213 158
213 165
213 167
213 169
213 172
213 185
213 186
213 188
213 191
213 194
213 196
213 197
213 199
213 201
213 203
213 207
213 218
213 219
213 222
213 227
213 231
213 234
213 235
213 237
213 239
213 247
213 248
213 249
213 255
217 110
218 4
218 11
218 12
218 15
218 19
218 28
218 29
218 32
218 37
218 42
218 46
218 48
218 50
218 54
218 55
218 56
218 58
218 63
218 64
218 65
218 66
218 81
218 82
218 83
218 84
218 91
218 94
218 97
218 101
218 103
218 104
218 109
218 111
218 112
218 113
218 122
218 124
218 128
218 137
218 141
218 142
218 145
218 148
218 149
218 153
218 158
218 165
218 167
218 169
218 172
218 185
218 186
218 188
218 191
218 194
218 196
218 197
218 199
218 201
218 203
218 207
218 213
218 219
218 222
218 227
218 231
218 234
218 235
218 237
218 239
218 247
218 248
218 249
218 255
219 4
219 11
219 12
219 15
219 19
219 28
219 29
219 32
219 37
219 42
219 46
219 48
219 50
219 54
219 55
219 56
219 58
219 63
219 64
219 65
219 66
219 81
219 82
219 83
219 84
219 91
219 94
219 97
219 101
219 103
219 104
219 109
219 111
219 112
219 113
219 122
219 124
219 128
219 137
219 141
219 142
219 145
219 148
219 149
219 153
219 158
219 165
219 167
219 169
219 172
219 185
219 186
219 188
219 191
219 194
219 196
219 197
219 199
219 201
219 203
219 207
219 213
219 218
219 222
219 227
219 231
219 234
219 235
219 237
219 239
219 247
219 248
219 249
219 255
221 189
222 4
222 11
222 12
222 15
222 19
222 28
222 29
222 32
222 37
222 42
222 46
222 48
222 50
222 54
222 55
222 56
222 58
222 63
222 64
222 65
222 66
222 81
222 82
222 83
222 84
222 91
222 94
222 97
222 101
222 103
222 104
222 109
222 111
222 112
222 113
222 122
222 124
222 128
222 137
222 141
222 142
222 145
222 148
222 149
222 153
222 158
222 165
222 167
222 169
222 172
222 185
222 186
222 188
222 191
222 194
222 196
222 197
222 199
222 201
222 203
222 207
222 213
222 218
222 219
222 227
222 231
222 234
222 235
222 237
222 239
222 247
222 248
222 249
222 255
226 7
226 119
226 156
227 4
227 11
227 12
227 15
227 19
227 28
227 29
227 32
227 37
227 42
227 46
227 48
227 50
227 54
227 55
227 56
227 58
227 63
227 64
227 65
227 66
227 81
227 82
227 83
227 84
227 91
227 94
227 97
227 101
227 103
227 104
227 109
227 111
227 112
227 113
227 122
227 124
227 128
227 137
227 141
227 142
227 145
227 148
227 149
227 153
227 158
227 165
227 167
227 169
227 172
227 185
227 186
227 188
227 191
227 194
227 196
227 197
227 199
227 201
227 203
227 207
227 213
227 218
227 219
227 222
227 231
227 234
227 235
227 237
227 239
227 247
227 248
227 249
227 255
231 4
231 11
231 12
231 15
231 19
231 28
231 29
231 32
231 37
231 42
231 46
231 48
231 50
231 54
231 55
231 56
231 58
231 63
231 64
231 65
231 66
231 81
231 82
231 83
231 84
231 91
231 94
231 97
231 101
231 103
231 104
231 109
231 111
231 112
231 113
231 122
231 124
231 128
231 137
231 141
231 142
231 145
231 148
231 149
231 153
231 158
231 165
231 167
231 169
231 172
231 185
231 186
231 188
231 191
231 194
231 196
231 197
231 199
231 201
231 203
231 207
231 213
231 218
231 219
231 222
231 227
231 234
231 235
231 237
231 239
231 247
231 248
231 249
231 255
232 40
232 80
232 125
232 151
234 4
234 11
234 12
234 15
234 19
234 28
234 29
234 32
234 37
234 42
234 46
234 48
234 50
234 54
234 55
234 56
234 58
234 63
234 64
234 65
234 66
234 81
234 82
234 83
234 84
234 91
234 94
234 97
234 101
234 103
234 104
234 109
234 111
234 112
234 113
234 122
234 124
234 128
234 137
234 141
234 142
234 145
234 148
234 149
234 153
234 158
234 165
234 167
234 169
234 172
234 185
234 186
234 188
234 191
234 194
234 196
234 197
234 199
234 201
234 203
234 207
234 213
234 218
234 219
234 222
234 227
234 231
234 235
234 237
234 239
234 247
234 248
234 249
234 255
235 4
235 11
235 12
235 15
235 19
235 28
235 29
235 32
235 37
235 42
235 46
235 48
235 50
235 54
235 55
235 56
235 58
235 63
235 64
235 65
235 66
235 81
235 82
235 83
235 84
235 91
235 94
235 97
235 101
235 103
235 104
235 109
235 111
235 112
235 113
235 122
235 124
235 128
235 137
235 141
235 142
235 145
235 148
235 149
235 153
235 158
235 165
235 167
235 169
235 172
235 185
235 186
235 188
235 191
235 194
235 196
235 197
235 199
235 201
235 203
235 207
235 213
235 218
235 219
235 222
235 227
235 231
235 234
235 237
235 239
235 247
235 248
235 249
235 255
236 162
236 164
236 240
237 4
237 11
237 12
237 15
237 19
237 28
237 29
237 32
237 37
237 42
237 46
237 48
237 50
237 54
237 55
237 56
237 58
237 63
237 64
237 65
237 66
237 81
237 82
237 83
237 84
237 91
237 94
237 97
237 101
237 103
237 104
237 109
237 111
237 112
237 113
237 122
237 124
237 128
237 137
237 141
237 142
237 145
237 148
237 149
237 153
237 158
237 165
237 167
237 169
237 172
237 185
237 186
237 188
237 191
237 194
237 196
237 197
237 199
237 201
237 203
237 207
237 213
237 218
237 219
237 222
237 227
237 231
237 234
237 235
237 239
237 247
237 248
237 249
237 255
239 4
239 11
239 12
239 15
239 19
239 28
239 29
239 32
239 37
239 42
239 46
239 48
239 50
239 54
239 55
239 56
239 58
239 63
239 64
239 65
239 66
239 81
239 82
239 83
239 84
239 91
239 94
239 97
239 101
239 103
239 104
239 109
239 111
239 112
239 113
239 122
239 124
239 128
239 137
239 141
239 142
239 145
239 148
239 149
239 153
239 158
239 165
239 167
239 169
239 172
239 185
239 186
239 188
239 191
239 194
239 196
239 197
239 199
239 201
239 203
239 207
239 213
239 218
239 219
239 222
239 227
239 231
239 234
239 235
239 237
239 247
239 248
239 249
239 255
240 162
240 164
240 236
241 10
241 180
242 17
243 31
243 45
244 135
244 170
246 41
246 47
246 85
246 87
246 90
246 116
246 178
246 183
247 4
247 11
247 12
247 15
247 19
247 28
247 29
247 32
247 37
247 42
247 46
247 48
247 50
247 54
247 55
247 56
247 58
247 63
247 64
247 65
247 66
247 81
247 82
247 83
247 84
247 91
247 94
247 97
247 101
247 103
247 104
247 109
247 111
247 112
247 113
247 122
247 124
247 128
247 137
247 141
247 142
247 145
247 148
247 149
247 153
247 158
247 165
247 167
247 169
247 172
247 185
247 186
247 188
247 191
247 194
247 196
247 197
247 199
247 201
247 203
247 207
247 213
247 218
247 219
247 222
247 227
247 231
247 234
247 235
247 237
247 239
247 248
247 249
247 255
248 4
248 11
248 12
248 15
248 19
248 28
248 29
248 32
248 37
248 42
248 46
248 48
248 50
248 54
248 55
248 56
248 58
248 63
248 64
248 65
248 66
248 81
248 82
248 83
248 84
248 91
248 94
248 97
248 101
248 103
248 104
248 109
248 111
248 112
248 113
248 122
248 124
248 128
248 137
248 141
248 142
248 145
248 148
248 149
248 153
248 158
248 165
248 167
248 169
248 172
248 185
248 186
248 188
248 191
248 194
248 196
248 197
248 199
248 201
248 203
248 207
248 213
248 218
248 219
248 222
248 227
248 231
248 234
248 235
248 237
248 239
248 247
248 249
248 255
249 4
249 11
249 12
249 15
249 19
249 28
249 29
249 32
249 37
249 42
249 46
249 48
249 50
249 54
249 55
249 56
249 58
249 63
249 64
249 65
249 66
249 81
249 82
249 83
249 84
249 91
249 94
249 97
249 101
249 103
249 104
249 109
249 111
249 112
249 113
249 122
249 124
249 128
249 137
249 141
249 142
249 145
249 148
249 149
249 153
249 158
249 165
249 167
249 169
249 172
249 185
249 186
249 188
249 191
249 194
249 196
249 197
249 199
249 201
249 203
249 207
249 213
249 218
249 219
249 222
249 227
249 231
249 234
249 235
249 237
249 239
249 247
249 248
249 255
254 150
255 4
255 11
255 12
255 15
255 19
255 28
255 29
255 32
255 37
255 42
255 46
255 48
255 50
255 54
255 55
255 56
255 58
255 63
255 64
255 65
255 66
255 81
255 82
255 83
255 84
255 91
255 94
255 97
255 101
255 103
255 104
255 109
255 111
255 112
255 113
255 122
255 124
255 128
255 137
255 141
255 142
255 145
255 148
255 149
255 153
255 158
255 165
255 167
255 169
255 172
255 185
255 186
255 188
255 191
255 194
255 196
255 197
255 199
255 201
255 203
255 207
255 213
255 218
255 219
255 222
255 227
255 231
255 234
255 235
255 237
255 239
255 247
255 248
255 249
