128 938
0 3
0 5
0 6
0 9
0 14
0 24
0 27
0 30
0 40
0 43
0 45
0 59
0 60
0 68
0 72
0 76
0 77
0 86
0 89
0 96
0 98
0 99
0 100
0 102
0 105
0 106
0 107
0 114
0 123
1 25
1 71
1 79
1 117
3 0
3 5
3 6
3 9
3 14
3 24
3 27
3 30
3 40
3 43
3 45
3 59
3 60
3 68
3 72
3 76
3 77
3 86
3 89
3 96
3 98
3 99
3 100
3 102
3 105
3 106
3 107
3 114
3 123
4 47
5 0
5 3
5 6
5 9
5 14
5 24
5 27
5 30
5 40
5 43
5 45
5 59
5 60
5 68
5 72
5 76
5 77
5 86
5 89
5 96
5 98
5 99
5 100
5 102
5 105
5 106
5 107
5 114
5 123
6 0
6 3
6 5
6 9
6 14
6 24
6 27
6 30
6 40
6 43
6 45
6 59
6 60
6 68
6 72
6 76
6 77
6 86
6 89
6 96
6 98
6 99
6 100
6 102
6 105
6 106
6 107
6 114
6 123
9 0
9 3
9 5
9 6
9 14
9 24
9 27
9 30
9 40
9 43
9 45
9 59
9 60
9 68
9 72
9 76
9 77
9 86
9 89
9 96
9 98
9 99
9 100
9 102
9 105
9 106
9 107
9 114
9 123
10 51
10 80
10 97
12 104
13 82
14 0
14 3
14 5
14 6
14 9
14 24
14 27
14 30
14 40
14 43
14 45
14 59
14 60
14 68
14 72
14 76
14 77
14 86
14 89
14 96
14 98
14 99
14 100
14 102
14 105
14 106
14 107
14 114
14 123
15 49
15 78
16 28
24 0
24 3
24 5
24 6
24 9
24 14
24 27
24 30
24 40
24 43
24 45
24 59
24 60
24 68
24 72
24 76
24 77
24 86
24 89
24 96
24 98
24 99
24 100
24 102
24 105
24 106
24 107
24 114
24 123
25 1
25 71
25 79
25 117
27 0
27 3
27 5
27 6
27 9
27 14
27 24
27 30
27 40
27 43
27 45
27 59
27 60
27 68
27 72
27 76
27 77
27 86
27 89
27 96
27 98
27 99
27 100
27 102
27 105
27 106
27 107
27 114
27 123
28 16
30 0
30 3
30 5
30 6
30 9
30 14
30 24
30 27
30 40
30 43
30 45
30 59
30 60
30 68
30 72
30 76
30 77
30 86
30 89
30 96
30 98
30 99
30 100
30 102
30 105
30 106
30 107
30 114
30 123
32 34
32 127
34 32
34 127
35 75
40 0
40 3
40 5
40 6
40 9
40 14
40 24
40 27
40 30
40 43
40 45
40 59
40 60
40 68
40 72
40 76
40 77
40 86
40 89
40 96
40 98
40 99
40 100
40 102
40 105
40 106
40 107
40 114
40 123
43 0
43 3
43 5
43 6
43 9
43 14
43 24
43 27
43 30
43 40
43 45
43 59
43 60
43 68
43 72
43 76
43 77
43 86
43 89
43 96
43 98
43 99
43 100
43 102
43 105
43 106
43 107
43 114
43 123
45 0
45 3
45 5
45 6
45 9
45 14
45 24
45 27
45 30
45 40
45 43
45 59
45 60
45 68
45 72
45 76
45 77
45 86
45 89
45 96
45 98
45 99
45 100
45 102
45 105
45 106
45 107
45 114
45 123
46 118
47 4
49 15
49 78
51 10
51 80
51 97
59 0
59 3
59 5
59 6
59 9
59 14
59 24
59 27
59 30
59 40
59 43
59 45
59 60
59 68
59 72
59 76
59 77
59 86
59 89
59 96
59 98
59 99
59 100
59 102
59 105
59 106
59 107
59 114
59 123
60 0
60 3
60 5
60 6
60 9
60 14
60 24
60 27
60 30
60 40
60 43
60 45
60 59
60 68
60 72
60 76
60 77
60 86
60 89
60 96
60 98
60 99
60 100
60 102
60 105
60 106
60 107
60 114
60 123
66 111
68 0
68 3
68 5
68 6
68 9
68 14
68 24
68 27
68 30
68 40
68 43
68 45
68 59
68 60
68 72
68 76
68 77
68 86
68 89
68 96
68 98
68 99
68 100
68 102
68 105
68 106
68 107
68 114
68 123
70 94
70 116
71 1
71 25
71 79
71 117
72 0
72 3
72 5
72 6
72 9
72 14
72 24
72 27
72 30
72 40
72 43
72 45
72 59
72 60
72 68
72 76
72 77
72 86
72 89
72 96
72 98
72 99
72 100
72 102
72 105
72 106
72 107
72 114
72 123
75 35
76 0
76 3
76 5
76 6
76 9
76 14
76 24
76 27
76 30
76 40
76 43
76 45
76 59
76 60
76 68
76 72
76 77
76 86
76 89
76 96
76 98
76 99
76 100
76 102
76 105
76 106
76 107
76 114
76 123
77 0
77 3
77 5
77 6
77 9
77 14
77 24
77 27
77 30
77 40
77 43
77 45
77 59
77 60
77 68
77 72
77 76
77 86
77 89
77 96
77 98
77 99
77 100
77 102
77 105
77 106
77 107
77 114
77 123
78 15
78 49
79 1
79 25
79 71
79 117
80 10
80 51
80 97
82 13
86 0
86 3
86 5
86 6
86 9
86 14
86 24
86 27
86 30
86 40
86 43
86 45
86 59
86 60
86 68
86 72
86 76
86 77
86 89
86 96
86 98
86 99
86 100
86 102
86 105
86 106
86 107
86 114
86 123
89 0
89 3
89 5
89 6
89 9
89 14
89 24
89 27
89 30
89 40
89 43
89 45
89 59
89 60
89 68
89 72
89 76
89 77
89 86
89 96
89 98
89 99
89 100
89 102
89 105
89 106
89 107
89 114
89 123
94 70
94 116
95 112
96 0
96 3
96 5
96 6
96 9
96 14
96 24
96 27
96 30
96 40
96 43
96 45
96 59
96 60
96 68
96 72
96 76
96 77
96 86
96 89
96 98
96 99
96 100
96 102
96 105
96 106
96 107
96 114
96 123
97 10
97 51
97 80
98 0
98 3
98 5
98 6
98 9
98 14
98 24
98 27
98 30
98 40
98 43
98 45
98 59
98 60
98 68
98 72
98 76
98 77
98 86
98 89
98 96
98 99
98 100
98 102
98 105
98 106
98 107
98 114
98 123
99 0
99 3
99 5
99 6
99 9
99 14
99 24
99 27
99 30
99 40
99 43
99 45
99 59
99 60
99 68
99 72
99 76
99 77
99 86
99 89
99 96
99 98
99 100
99 102
99 105
99 106
99 107
99 114
99 123
100 0
100 3
100 5
100 6
100 9
100 14
100 24
100 27
100 30
100 40
100 43
100 45
100 59
100 60
100 68
100 72
100 76
100 77
100 86
100 89
100 96
100 98
100 99
100 102
100 105
100 106
100 107
100 114
100 123
102 0
102 3
102 5
102 6
102 9
102 14
102 24
102 27
102 30
102 40
102 43
102 45
102 59
102 60
102 68
102 72
102 76
102 77
102 86
102 89
102 96
102 98
102 99
102 100
102 105
102 106
102 107
102 114
102 123
104 12
105 0
105 3
105 5
105 6
105 9
105 14
105 24
105 27
105 30
105 40
105 43
105 45
105 59
105 60
105 68
105 72
105 76
105 77
105 86
105 89
105 96
105 98
105 99
105 100
105 102
105 106
105 107
105 114
105 123
106 0
106 3
106 5
106 6
106 9
106 14
106 24
106 27
106 30
106 40
106 43
106 45
106 59
106 60
106 68
106 72
106 76
106 77
106 86
106 89
106 96
106 98
106 99
106 100
106 102
106 105
106 107
106 114
106 123
107 0
107 3
107 5
107 6
107 9
107 14
107 24
107 27
107 30
107 40
107 43
107 45
107 59
107 60
107 68
107 72
107 76
107 77
107 86
107 89
107 96
107 98
107 99
107 100
107 102
107 105
107 106
107 114
107 123
108 110
110 108
111 66
112 95
114 0
114 3
114 5
114 6
114 9
114 14
114 24
114 27
114 30
114 40
114 43
114 45
114 59
114 60
114 68
114 72
114 76
114 77
114 86
114 89
114 96
114 98
114 99
114 100
114 102
114 105
114 106
114 107
114 123
116 70
116 94
117 1
117 25
117 71
117 79
118 46
123 0
123 3
123 5
123 6
123 9
123 14
123 24
123 27
123 30
123 40
123 43
123 45
123 59
123 60
123 68
123 72
123 76
123 77
123 86
123 89
123 96
123 98
123 99
123 100
123 102
123 105
123 106
123 107
123 114
127 32
127 34
