64 934
0 3
0 4
0 6
0 9
0 11
0 12
0 14
0 15
0 19
0 24
0 27
0 28
0 29
0 30
0 32
0 37
0 40
0 42
0 43
0 45
0 46
0 48
0 50
0 54
0 55
0 56
0 58
0 59
0 60
0 63
3 0
3 4
3 6
3 9
3 11
3 12
3 14
3 15
3 19
3 24
3 27
3 28
3 29
3 30
3 32
3 37
3 40
3 42
3 43
3 45
3 46
3 48
3 50
3 54
3 55
3 56
3 58
3 59
3 60
3 63
4 0
4 3
4 6
4 9
4 11
4 12
4 14
4 15
4 19
4 24
4 27
4 28
4 29
4 30
4 32
4 37
4 40
4 42
4 43
4 45
4 46
4 48
4 50
4 54
4 55
4 56
4 58
4 59
4 60
4 63
6 0
6 3
6 4
6 9
6 11
6 12
6 14
6 15
6 19
6 24
6 27
6 28
6 29
6 30
6 32
6 37
6 40
6 42
6 43
6 45
6 46
6 48
6 50
6 54
6 55
6 56
6 58
6 59
6 60
6 63
9 0
9 3
9 4
9 6
9 11
9 12
9 14
9 15
9 19
9 24
9 27
9 28
9 29
9 30
9 32
9 37
9 40
9 42
9 43
9 45
9 46
9 48
9 50
9 54
9 55
9 56
9 58
9 59
9 60
9 63
10 21
11 0
11 3
11 4
11 6
11 9
11 12
11 14
11 15
11 19
11 24
11 27
11 28
11 29
11 30
11 32
11 37
11 40
11 42
11 43
11 45
11 46
11 48
11 50
11 54
11 55
11 56
11 58
11 59
11 60
11 63
12 0
12 3
12 4
12 6
12 9
12 11
12 14
12 15
12 19
12 24
12 27
12 28
12 29
12 30
12 32
12 37
12 40
12 42
12 43
12 45
12 46
12 48
12 50
12 54
12 55
12 56
12 58
12 59
12 60
12 63
13 17
14 0
14 3
14 4
14 6
14 9
14 11
14 12
14 15
14 19
14 24
14 27
14 28
14 29
14 30
14 32
14 37
14 40
14 42
14 43
14 45
14 46
14 48
14 50
14 54
14 55
14 56
14 58
14 59
14 60
14 63
15 0
15 3
15 4
15 6
15 9
15 11
15 12
15 14
15 19
15 24
15 27
15 28
15 29
15 30
15 32
15 37
15 40
15 42
15 43
15 45
15 46
15 48
15 50
15 54
15 55
15 56
15 58
15 59
15 60
15 63
17 13
19 0
19 3
19 4
19 6
19 9
19 11
19 12
19 14
19 15
19 24
19 27
19 28
19 29
19 30
19 32
19 37
19 40
19 42
19 43
19 45
19 46
19 48
19 50
19 54
19 55
19 56
19 58
19 59
19 60
19 63
21 10
24 0
24 3
24 4
24 6
24 9
24 11
24 12
24 14
24 15
24 19
24 27
24 28
24 29
24 30
24 32
24 37
24 40
24 42
24 43
24 45
24 46
24 48
24 50
24 54
24 55
24 56
24 58
24 59
24 60
24 63
27 0
27 3
27 4
27 6
27 9
27 11
27 12
27 14
27 15
27 19
27 24
27 28
27 29
27 30
27 32
27 37
27 40
27 42
27 43
27 45
27 46
27 48
27 50
27 54
27 55
27 56
27 58
27 59
27 60
27 63
28 0
28 3
28 4
28 6
28 9
28 11
28 12
28 14
28 15
28 19
28 24
28 27
28 29
28 30
28 32
28 37
28 40
28 42
28 43
28 45
28 46
28 48
28 50
28 54
28 55
28 56
28 58
28 59
28 60
28 63
29 0
29 3
29 4
29 6
29 9
29 11
29 12
29 14
29 15
29 19
29 24
29 27
29 28
29 30
29 32
29 37
29 40
29 42
29 43
29 45
29 46
29 48
29 50
29 54
29 55
29 56
29 58
29 59
29 60
29 63
30 0
30 3
30 4
30 6
30 9
30 11
30 12
30 14
30 15
30 19
30 24
30 27
30 28
30 29
30 32
30 37
30 40
30 42
30 43
30 45
30 46
30 48
30 50
30 54
30 55
30 56
30 58
30 59
30 60
30 63
32 0
32 3
32 4
32 6
32 9
32 11
32 12
32 14
32 15
32 19
32 24
32 27
32 28
32 29
32 30
32 37
32 40
32 42
32 43
32 45
32 46
32 48
32 50
32 54
32 55
32 56
32 58
32 59
32 60
32 63
37 0
37 3
37 4
37 6
37 9
37 11
37 12
37 14
37 15
37 19
37 24
37 27
37 28
37 29
37 30
37 32
37 40
37 42
37 43
37 45
37 46
37 48
37 50
37 54
37 55
37 56
37 58
37 59
37 60
37 63
40 0
40 3
40 4
40 6
40 9
40 11
40 12
40 14
40 15
40 19
40 24
40 27
40 28
40 29
40 30
40 32
40 37
40 42
40 43
40 45
40 46
40 48
40 50
40 54
40 55
40 56
40 58
40 59
40 60
40 63
42 0
42 3
42 4
42 6
42 9
42 11
42 12
42 14
42 15
42 19
42 24
42 27
42 28
42 29
42 30
42 32
42 37
42 40
42 43
42 45
42 46
42 48
42 50
42 54
42 55
42 56
42 58
42 59
42 60
42 63
43 0
43 3
43 4
43 6
43 9
43 11
43 12
43 14
43 15
43 19
43 24
43 27
43 28
43 29
43 30
43 32
43 37
43 40
43 42
43 45
43 46
43 48
43 50
43 54
43 55
43 56
43 58
43 59
43 60
43 63
45 0
45 3
45 4
45 6
45 9
45 11
45 12
45 14
45 15
45 19
45 24
45 27
45 28
45 29
45 30
45 32
45 37
45 40
45 42
45 43
45 46
45 48
45 50
45 54
45 55
45 56
45 58
45 59
45 60
45 63
46 0
46 3
46 4
46 6
46 9
46 11
46 12
46 14
46 15
46 19
46 24
46 27
46 28
46 29
46 30
46 32
46 37
46 40
46 42
46 43
46 45
46 48
46 50
46 54
46 55
46 56
46 58
46 59
46 60
46 63
48 0
48 3
48 4
48 6
48 9
48 11
48 12
48 14
48 15
48 19
48 24
48 27
48 28
48 29
48 30
48 32
48 37
48 40
48 42
48 43
48 45
48 46
48 50
48 54
48 55
48 56
48 58
48 59
48 60
48 63
50 0
50 3
50 4
50 6
50 9
50 11
50 12
50 14
50 15
50 19
50 24
50 27
50 28
50 29
50 30
50 32
50 37
50 40
50 42
50 43
50 45
50 46
50 48
50 54
50 55
50 56
50 58
50 59
50 60
50 63
54 0
54 3
54 4
54 6
54 9
54 11
54 12
54 14
54 15
54 19
54 24
54 27
54 28
54 29
54 30
54 32
54 37
54 40
54 42
54 43
54 45
54 46
54 48
54 50
54 55
54 56
54 58
54 59
54 60
54 63
55 0
55 3
55 4
55 6
55 9
55 11
55 12
55 14
55 15
55 19
55 24
55 27
55 28
55 29
55 30
55 32
55 37
55 40
55 42
55 43
55 45
55 46
55 48
55 50
55 54
55 56
55 58
55 59
55 60
55 63
56 0
56 3
56 4
56 6
56 9
56 11
56 12
56 14
56 15
56 19
56 24
56 27
56 28
56 29
56 30
56 32
56 37
56 40
56 42
56 43
56 45
56 46
56 48
56 50
56 54
56 55
56 58
56 59
56 60
56 63
58 0
58 3
58 4
58 6
58 9
58 11
58 12
58 14
58 15
58 19
58 24
58 27
58 28
58 29
58 30
58 32
58 37
58 40
58 42
58 43
58 45
58 46
58 48
58 50
58 54
58 55
58 56
58 59
58 60
58 63
59 0
59 3
59 4
59 6
59 9
59 11
59 12
59 14
59 15
59 19
59 24
59 27
59 28
59 29
59 30
59 32
59 37
59 40
59 42
59 43
59 45
59 46
59 48
59 50
59 54
59 55
59 56
59 58
59 60
59 63
60 0
60 3
60 4
60 6
60 9
60 11
60 12
60 14
60 15
60 19
60 24
60 27
60 28
60 29
60 30
60 32
60 37
60 40
60 42
60 43
60 45
60 46
60 48
60 50
60 54
60 55
60 56
60 58
60 59
60 63
63 0
63 3
63 4
63 6
63 9
63 11
63 12
63 14
63 15
63 19
63 24
63 27
63 28
63 29
63 30
63 32
63 37
63 40
63 42
63 43
63 45
63 46
63 48
63 50
63 54
63 55
63 56
63 58
63 59
63 60
