256 2918
0 10
0 166
4 11
4 12
4 15
4 28
4 32
4 37
4 42
4 46
4 50
4 54
4 58
4 65
4 66
4 82
4 84
4 91
4 97
4 101
4 109
4 111
4 112
4 113
4 115
4 124
4 128
4 137
4 142
4 148
4 149
4 158
4 167
4 169
4 172
4 185
4 186
4 191
4 196
4 197
4 199
4 201
4 203
4 207
4 213
4 218
4 222
4 227
4 237
4 245
4 247
4 248
4 249
4 255
6 9
6 61
6 202
7 152
8 60
8 182
9 6
9 61
9 202
10 0
10 166
11 4
11 12
11 15
11 28
11 32
11 37
11 42
11 46
11 50
11 54
11 58
11 65
11 66
11 82
11 84
11 91
11 97
11 101
11 109
11 111
11 112
11 113
11 115
11 124
11 128
11 137
11 142
11 148
11 149
11 158
11 167
11 169
11 172
11 185
11 186
11 191
11 196
11 197
11 199
11 201
11 203
11 207
11 213
11 218
11 222
11 227
11 237
11 245
11 247
11 248
11 249
11 255
12 4
12 11
12 15
12 28
12 32
12 37
12 42
12 46
12 50
12 54
12 58
12 65
12 66
12 82
12 84
12 91
12 97
12 101
12 109
12 111
12 112
12 113
12 115
12 124
12 128
12 137
12 142
12 148
12 149
12 158
12 167
12 169
12 172
12 185
12 186
12 191
12 196
12 197
12 199
12 201
12 203
12 207
12 213
12 218
12 222
12 227
12 237
12 245
12 247
12 248
12 249
12 255
15 4
15 11
15 12
15 28
15 32
15 37
15 42
15 46
15 50
15 54
15 58
15 65
15 66
15 82
15 84
15 91
15 97
15 101
15 109
15 111
15 112
15 113
15 115
15 124
15 128
15 137
15 142
15 148
15 149
15 158
15 167
15 169
15 172
15 185
15 186
15 191
15 196
15 197
15 199
15 201
15 203
15 207
15 213
15 218
15 222
15 227
15 237
15 245
15 247
15 248
15 249
15 255
18 45
18 79
19 23
19 89
21 108
21 241
22 83
22 94
22 153
23 19
23 89
26 221
28 4
28 11
28 12
28 15
28 32
28 37
28 42
28 46
28 50
28 54
28 58
28 65
28 66
28 82
28 84
28 91
28 97
28 101
28 109
28 111
28 112
28 113
28 115
28 124
28 128
28 137
28 142
28 148
28 149
28 158
28 167
28 169
28 172
28 185
28 186
28 191
28 196
28 197
28 199
28 201
28 203
28 207
28 213
28 218
28 222
28 227
28 237
28 245
28 247
28 248
28 249
28 255
31 155
31 231
32 4
32 11
32 12
32 15
32 28
32 37
32 42
32 46
32 50
32 54
32 58
32 65
32 66
32 82
32 84
32 91
32 97
32 101
32 109
32 111
32 112
32 113
32 115
32 124
32 128
32 137
32 142
32 148
32 149
32 158
32 167
32 169
32 172
32 185
32 186
32 191
32 196
32 197
32 199
32 201
32 203
32 207
32 213
32 218
32 222
32 227
32 237
32 245
32 247
32 248
32 249
32 255
33 71
33 189
33 200
37 4
37 11
37 12
37 15
37 28
37 32
37 42
37 46
37 50
37 54
37 58
37 65
37 66
37 82
37 84
37 91
37 97
37 101
37 109
37 111
37 112
37 113
37 115
37 124
37 128
37 137
37 142
37 148
37 149
37 158
37 167
37 169
37 172
37 185
37 186
37 191
37 196
37 197
37 199
37 201
37 203
37 207
37 213
37 218
37 222
37 227
37 237
37 245
37 247
37 248
37 249
37 255
38 51
40 246
42 4
42 11
42 12
42 15
42 28
42 32
42 37
42 46
42 50
42 54
42 58
42 65
42 66
42 82
42 84
42 91
42 97
42 101
42 109
42 111
42 112
42 113
42 115
42 124
42 128
42 137
42 142
42 148
42 149
42 158
42 167
42 169
42 172
42 185
42 186
42 191
42 196
42 197
42 199
42 201
42 203
42 207
42 213
42 218
42 222
42 227
42 237
42 245
42 247
42 248
42 249
42 255
45 18
45 79
46 4
46 11
46 12
46 15
46 28
46 32
46 37
46 42
46 50
46 54
46 58
46 65
46 66
46 82
46 84
46 91
46 97
46 101
46 109
46 111
46 112
46 113
46 115
46 124
46 128
46 137
46 142
46 148
46 149
46 158
46 167
46 169
46 172
46 185
46 186
46 191
46 196
46 197
46 199
46 201
46 203
46 207
46 213
46 218
46 222
46 227
46 237
46 245
46 247
46 248
46 249
46 255
47 81
47 119
47 160
47 161
47 184
48 223
50 4
50 11
50 12
50 15
50 28
50 32
50 37
50 42
50 46
50 54
50 58
50 65
50 66
50 82
50 84
50 91
50 97
50 101
50 109
50 111
50 112
50 113
50 115
50 124
50 128
50 137
50 142
50 148
50 149
50 158
50 167
50 169
50 172
50 185
50 186
50 191
50 196
50 197
50 199
50 201
50 203
50 207
50 213
50 218
50 222
50 227
50 237
50 245
50 247
50 248
50 249
50 255
51 38
54 4
54 11
54 12
54 15
54 28
54 32
54 37
54 42
54 46
54 50
54 58
54 65
54 66
54 82
54 84
54 91
54 97
54 101
54 109
54 111
54 112
54 113
54 115
54 124
54 128
54 137
54 142
54 148
54 149
54 158
54 167
54 169
54 172
54 185
54 186
54 191
54 196
54 197
54 199
54 201
54 203
54 207
54 213
54 218
54 222
54 227
54 237
54 245
54 247
54 248
54 249
54 255
55 190
58 4
58 11
58 12
58 15
58 28
58 32
58 37
58 42
58 46
58 50
58 54
58 65
58 66
58 82
58 84
58 91
58 97
58 101
58 109
58 111
58 112
58 113
58 115
58 124
58 128
58 137
58 142
58 148
58 149
58 158
58 167
58 169
58 172
58 185
58 186
58 191
58 196
58 197
58 199
58 201
58 203
58 207
58 213
58 218
58 222
58 227
58 237
58 245
58 247
58 248
58 249
58 255
60 8
60 182
61 6
61 9
61 202
63 139
63 236
65 4
65 11
65 12
65 15
65 28
65 32
65 37
65 42
65 46
65 50
65 54
65 58
65 66
65 82
65 84
65 91
65 97
65 101
65 109
65 111
65 112
65 113
65 115
65 124
65 128
65 137
65 142
65 148
65 149
65 158
65 167
65 169
65 172
65 185
65 186
65 191
65 196
65 197
65 199
65 201
65 203
65 207
65 213
65 218
65 222
65 227
65 237
65 245
65 247
65 248
65 249
65 255
66 4
66 11
66 12
66 15
66 28
66 32
66 37
66 42
66 46
66 50
66 54
66 58
66 65
66 82
66 84
66 91
66 97
66 101
66 109
66 111
66 112
66 113
66 115
66 124
66 128
66 137
66 142
66 148
66 149
66 158
66 167
66 169
66 172
66 185
66 186
66 191
66 196
66 197
66 199
66 201
66 203
66 207
66 213
66 218
66 222
66 227
66 237
66 245
66 247
66 248
66 249
66 255
67 206
68 151
69 159
70 238
71 33
71 189
71 200
75 232
77 225
79 18
79 45
81 47
81 119
81 160
81 161
81 184
82 4
82 11
82 12
82 15
82 28
82 32
82 37
82 42
82 46
82 50
82 54
82 58
82 65
82 66
82 84
82 91
82 97
82 101
82 109
82 111
82 112
82 113
82 115
82 124
82 128
82 137
82 142
82 148
82 149
82 158
82 167
82 169
82 172
82 185
82 186
82 191
82 196
82 197
82 199
82 201
82 203
82 207
82 213
82 218
82 222
82 227
82 237
82 245
82 247
82 248
82 249
82 255
83 22
83 94
83 153
84 4
84 11
84 12
84 15
84 28
84 32
84 37
84 42
84 46
84 50
84 54
84 58
84 65
84 66
84 82
84 91
84 97
84 101
84 109
84 111
84 112
84 113
84 115
84 124
84 128
84 137
84 142
84 148
84 149
84 158
84 167
84 169
84 172
84 185
84 186
84 191
84 196
84 197
84 199
84 201
84 203
84 207
84 213
84 218
84 222
84 227
84 237
84 245
84 247
84 248
84 249
84 255
87 180
88 205
89 19
89 23
91 4
91 11
91 12
91 15
91 28
91 32
91 37
91 42
91 46
91 50
91 54
91 58
91 65
91 66
91 82
91 84
91 97
91 101
91 109
91 111
91 112
91 113
91 115
91 124
91 128
91 137
91 142
91 148
91 149
91 158
91 167
91 169
91 172
91 185
91 186
91 191
91 196
91 197
91 199
91 201
91 203
91 207
91 213
91 218
91 222
91 227
91 237
91 245
91 247
91 248
91 249
91 255
92 178
94 22
94 83
94 153
95 235
97 4
97 11
97 12
97 15
97 28
97 32
97 37
97 42
97 46
97 50
97 54
97 58
97 65
97 66
97 82
97 84
97 91
97 101
97 109
97 111
97 112
97 113
97 115
97 124
97 128
97 137
97 142
97 148
97 149
97 158
97 167
97 169
97 172
97 185
97 186
97 191
97 196
97 197
97 199
97 201
97 203
97 207
97 213
97 218
97 222
97 227
97 237
97 245
97 247
97 248
97 249
97 255
100 141
101 4
101 11
101 12
101 15
101 28
101 32
101 37
101 42
101 46
101 50
101 54
101 58
101 65
101 66
101 82
101 84
101 91
101 97
101 109
101 111
101 112
101 113
101 115
101 124
101 128
101 137
101 142
101 148
101 149
101 158
101 167
101 169
101 172
101 185
101 186
101 191
101 196
101 197
101 199
101 201
101 203
101 207
101 213
101 218
101 222
101 227
101 237
101 245
101 247
101 248
101 249
101 255
108 21
108 241
109 4
109 11
109 12
109 15
109 28
109 32
109 37
109 42
109 46
109 50
109 54
109 58
109 65
109 66
109 82
109 84
109 91
109 97
109 101
109 111
109 112
109 113
109 115
109 124
109 128
109 137
109 142
109 148
109 149
109 158
109 167
109 169
109 172
109 185
109 186
109 191
109 196
109 197
109 199
109 201
109 203
109 207
109 213
109 218
109 222
109 227
109 237
109 245
109 247
109 248
109 249
109 255
111 4
111 11
111 12
111 15
111 28
111 32
111 37
111 42
111 46
111 50
111 54
111 58
111 65
111 66
111 82
111 84
111 91
111 97
111 101
111 109
111 112
111 113
111 115
111 124
111 128
111 137
111 142
111 148
111 149
111 158
111 167
111 169
111 172
111 185
111 186
111 191
111 196
111 197
111 199
111 201
111 203
111 207
111 213
111 218
111 222
111 227
111 237
111 245
111 247
111 248
111 249
111 255
112 4
112 11
112 12
112 15
112 28
112 32
112 37
112 42
112 46
112 50
112 54
112 58
112 65
112 66
112 82
112 84
112 91
112 97
112 101
112 109
112 111
112 113
112 115
112 124
112 128
112 137
112 142
112 148
112 149
112 158
112 167
112 169
112 172
112 185
112 186
112 191
112 196
112 197
112 199
112 201
112 203
112 207
112 213
112 218
112 222
112 227
112 237
112 245
112 247
112 248
112 249
112 255
113 4
113 11
113 12
113 15
113 28
113 32
113 37
113 42
113 46
113 50
113 54
113 58
113 65
113 66
113 82
113 84
113 91
113 97
113 101
113 109
113 111
113 112
113 115
113 124
113 128
113 137
113 142
113 148
113 149
113 158
113 167
113 169
113 172
113 185
113 186
113 191
113 196
113 197
113 199
113 201
113 203
113 207
113 213
113 218
113 222
113 227
113 237
113 245
113 247
113 248
113 249
113 255
115 4
115 11
115 12
115 15
115 28
115 32
115 37
115 42
115 46
115 50
115 54
115 58
115 65
115 66
115 82
115 84
115 91
115 97
115 101
115 109
115 111
115 112
115 113
115 124
115 128
115 137
115 142
115 148
115 149
115 158
115 167
115 169
115 172
115 185
115 186
115 191
115 196
115 197
115 199
115 201
115 203
115 207
115 213
115 218
115 222
115 227
115 237
115 245
115 247
115 248
115 249
115 255
119 47
119 81
119 160
119 161
119 184
124 4
124 11
124 12
124 15
124 28
124 32
124 37
124 42
124 46
124 50
124 54
124 58
124 65
124 66
124 82
124 84
124 91
124 97
124 101
124 109
124 111
124 112
124 113
124 115
124 128
124 137
124 142
124 148
124 149
124 158
124 167
124 169
124 172
124 185
124 186
124 191
124 196
124 197
124 199
124 201
124 203
124 207
124 213
124 218
124 222
124 227
124 237
124 245
124 247
124 248
124 249
124 255
126 194
128 4
128 11
128 12
128 15
128 28
128 32
128 37
128 42
128 46
128 50
128 54
128 58
128 65
128 66
128 82
128 84
128 91
128 97
128 101
128 109
128 111
128 112
128 113
128 115
128 124
128 137
128 142
128 148
128 149
128 158
128 167
128 169
128 172
128 185
128 186
128 191
128 196
128 197
128 199
128 201
128 203
128 207
128 213
128 218
128 222
128 227
128 237
128 245
128 247
128 248
128 249
128 255
130 132
132 130
137 4
137 11
137 12
137 15
137 28
137 32
137 37
137 42
137 46
137 50
137 54
137 58
137 65
137 66
137 82
137 84
137 91
137 97
137 101
137 109
137 111
137 112
137 113
137 115
137 124
137 128
137 142
137 148
137 149
137 158
137 167
137 169
137 172
137 185
137 186
137 191
137 196
137 197
137 199
137 201
137 203
137 207
137 213
137 218
137 222
137 227
137 237
137 245
137 247
137 248
137 249
137 255
139 63
139 236
141 100
142 4
142 11
142 12
142 15
142 28
142 32
142 37
142 42
142 46
142 50
142 54
142 58
142 65
142 66
142 82
142 84
142 91
142 97
142 101
142 109
142 111
142 112
142 113
142 115
142 124
142 128
142 137
142 148
142 149
142 158
142 167
142 169
142 172
142 185
142 186
142 191
142 196
142 197
142 199
142 201
142 203
142 207
142 213
142 218
142 222
142 227
142 237
142 245
142 247
142 248
142 249
142 255
143 170
145 192
147 254
148 4
148 11
148 12
148 15
148 28
148 32
148 37
148 42
148 46
148 50
148 54
148 58
148 65
148 66
148 82
148 84
148 91
148 97
148 101
148 109
148 111
148 112
148 113
148 115
148 124
148 128
148 137
148 142
148 149
148 158
148 167
148 169
148 172
148 185
148 186
148 191
148 196
148 197
148 199
148 201
148 203
148 207
148 213
148 218
148 222
148 227
148 237
148 245
148 247
148 248
148 249
148 255
149 4
149 11
149 12
149 15
149 28
149 32
149 37
149 42
149 46
149 50
149 54
149 58
149 65
149 66
149 82
149 84
149 91
149 97
149 101
149 109
149 111
149 112
149 113
149 115
149 124
149 128
149 137
149 142
149 148
149 158
149 167
149 169
149 172
149 185
149 186
149 191
149 196
149 197
149 199
149 201
149 203
149 207
149 213
149 218
149 222
149 227
149 237
149 245
149 247
149 248
149 249
149 255
151 68
152 7
153 22
153 83
153 94
155 31
155 231
158 4
158 11
158 12
158 15
158 28
158 32
158 37
158 42
158 46
158 50
158 54
158 58
158 65
158 66
158 82
158 84
158 91
158 97
158 101
158 109
158 111
158 112
158 113
158 115
158 124
158 128
158 137
158 142
158 148
158 149
158 167
158 169
158 172
158 185
158 186
158 191
158 196
158 197
158 199
158 201
158 203
158 207
158 213
158 218
158 222
158 227
158 237
158 245
158 247
158 248
158 249
158 255
159 69
160 47
160 81
160 119
160 161
160 184
161 47
161 81
161 119
161 160
161 184
162 252
166 0
166 10
167 4
167 11
167 12
167 15
167 28
167 32
167 37
167 42
167 46
167 50
167 54
167 58
167 65
167 66
167 82
167 84
167 91
167 97
167 101
167 109
167 111
167 112
167 113
167 115
167 124
167 128
167 137
167 142
167 148
167 149
167 158
167 169
167 172
167 185
167 186
167 191
167 196
167 197
167 199
167 201
167 203
167 207
167 213
167 218
167 222
167 227
167 237
167 245
167 247
167 248
167 249
167 255
169 4
169 11
169 12
169 15
169 28
169 32
169 37
169 42
169 46
169 50
169 54
169 58
169 65
169 66
169 82
169 84
169 91
169 97
169 101
169 109
169 111
169 112
169 113
169 115
169 124
169 128
169 137
169 142
169 148
169 149
169 158
169 167
169 172
169 185
169 186
169 191
169 196
169 197
169 199
169 201
169 203
169 207
169 213
169 218
169 222
169 227
169 237
169 245
169 247
169 248
169 249
169 255
170 143
172 4
172 11
172 12
172 15
172 28
172 32
172 37
172 42
172 46
172 50
172 54
172 58
172 65
172 66
172 82
172 84
172 91
172 97
172 101
172 109
172 111
172 112
172 113
172 115
172 124
172 128
172 137
172 142
172 148
172 149
172 158
172 167
172 169
172 185
172 186
172 191
172 196
172 197
172 199
172 201
172 203
172 207
172 213
172 218
172 222
172 227
172 237
172 245
172 247
172 248
172 249
172 255
174 240
178 92
180 87
182 8
182 60
184 47
184 81
184 119
184 160
184 161
185 4
185 11
185 12
185 15
185 28
185 32
185 37
185 42
185 46
185 50
185 54
185 58
185 65
185 66
185 82
185 84
185 91
185 97
185 101
185 109
185 111
185 112
185 113
185 115
185 124
185 128
185 137
185 142
185 148
185 149
185 158
185 167
185 169
185 172
185 186
185 191
185 196
185 197
185 199
185 201
185 203
185 207
185 213
185 218
185 222
185 227
185 237
185 245
185 247
185 248
185 249
185 255
186 4
186 11
186 12
186 15
186 28
186 32
186 37
186 42
186 46
186 50
186 54
186 58
186 65
186 66
186 82
186 84
186 91
186 97
186 101
186 109
186 111
186 112
186 113
186 115
186 124
186 128
186 137
186 142
186 148
186 149
186 158
186 167
186 169
186 172
186 185
186 191
186 196
186 197
186 199
186 201
186 203
186 207
186 213
186 218
186 222
186 227
186 237
186 245
186 247
186 248
186 249
186 255
189 33
189 71
189 200
190 55
191 4
191 11
191 12
191 15
191 28
191 32
191 37
191 42
191 46
191 50
191 54
191 58
191 65
191 66
191 82
191 84
191 91
191 97
191 101
191 109
191 111
191 112
191 113
191 115
191 124
191 128
191 137
191 142
191 148
191 149
191 158
191 167
191 169
191 172
191 185
191 186
191 196
191 197
191 199
191 201
191 203
191 207
191 213
191 218
191 222
191 227
191 237
191 245
191 247
191 248
191 249
191 255
192 145
194 126
196 4
196 11
196 12
196 15
196 28
196 32
196 37
196 42
196 46
196 50
196 54
196 58
196 65
196 66
196 82
196 84
196 91
196 97
196 101
196 109
196 111
196 112
196 113
196 115
196 124
196 128
196 137
196 142
196 148
196 149
196 158
196 167
196 169
196 172
196 185
196 186
196 191
196 197
196 199
196 201
196 203
196 207
196 213
196 218
196 222
196 227
196 237
196 245
196 247
196 248
196 249
196 255
197 4
197 11
197 12
197 15
197 28
197 32
197 37
197 42
197 46
197 50
197 54
197 58
197 65
197 66
197 82
197 84
197 91
197 97
197 101
197 109
197 111
197 112
197 113
197 115
197 124
197 128
197 137
197 142
197 148
197 149
197 158
197 167
197 169
197 172
197 185
197 186
197 191
197 196
197 199
197 201
197 203
197 207
197 213
197 218
197 222
197 227
197 237
197 245
197 247
197 248
197 249
197 255
199 4
199 11
199 12
199 15
199 28
199 32
199 37
199 42
199 46
199 50
199 54
199 58
199 65
199 66
199 82
199 84
199 91
199 97
199 101
199 109
199 111
199 112
199 113
199 115
199 124
199 128
199 137
199 142
199 148
199 149
199 158
199 167
199 169
199 172
199 185
199 186
199 191
199 196
199 197
199 201
199 203
199 207
199 213
199 218
199 222
199 227
199 237
199 245
199 247
199 248
199 249
199 255
200 33
200 71
200 189
201 4
201 11
201 12
201 15
201 28
201 32
201 37
201 42
201 46
201 50
201 54
201 58
201 65
201 66
201 82
201 84
201 91
201 97
201 101
201 109
201 111
201 112
201 113
201 115
201 124
201 128
201 137
201 142
201 148
201 149
201 158
201 167
201 169
201 172
201 185
201 186
201 191
201 196
201 197
201 199
201 203
201 207
201 213
201 218
201 222
201 227
201 237
201 245
201 247
201 248
201 249
201 255
202 6
202 9
202 61
203 4
203 11
203 12
203 15
203 28
203 32
203 37
203 42
203 46
203 50
203 54
203 58
203 65
203 66
203 82
203 84
203 91
203 97
203 101
203 109
203 111
203 112
203 113
203 115
203 124
203 128
203 137
203 142
203 148
203 149
203 158
203 167
203 169
203 172
203 185
203 186
203 191
203 196
203 197
203 199
203 201
203 207
203 213
203 218
203 222
203 227
203 237
203 245
203 247
203 248
203 249
203 255
204 211
205 88
206 67
207 4
207 11
207 12
207 15
207 28
207 32
207 37
207 42
207 46
207 50
207 54
207 58
207 65
207 66
207 82
207 84
207 91
207 97
207 101
207 109
207 111
207 112
207 113
207 115
207 124
207 128
207 137
207 142
207 148
207 149
207 158
207 167
207 169
207 172
207 185
207 186
207 191
207 196
207 197
207 199
207 201
207 203
207 213
207 218
207 222
207 227
207 237
207 245
207 247
207 248
207 249
207 255
211 204
213 4
213 11
213 12
213 15
213 28
213 32
213 37
213 42
213 46
213 50
213 54
213 58
213 65
213 66
213 82
213 84
213 91
213 97
213 101
213 109
213 111
213 112
213 113
213 115
213 124
213 128
213 137
213 142
213 148
213 149
213 158
213 167
213 169
213 172
213 185
213 186
213 191
213 196
213 197
213 199
213 201
213 203
213 207
213 218
213 222
213 227
213 237
213 245
213 247
213 248
213 249
213 255
218 4
218 11
218 12
218 15
218 28
218 32
218 37
218 42
218 46
218 50
218 54
218 58
218 65
218 66
218 82
218 84
218 91
218 97
218 101
218 109
218 111
218 112
218 113
218 115
218 124
218 128
218 137
218 142
218 148
218 149
218 158
218 167
218 169
218 172
218 185
218 186
218 191
218 196
218 197
218 199
218 201
218 203
218 207
218 213
218 222
218 227
218 237
218 245
218 247
218 248
218 249
218 255
221 26
222 4
222 11
222 12
222 15
222 28
222 32
222 37
222 42
222 46
222 50
222 54
222 58
222 65
222 66
222 82
222 84
222 91
222 97
222 101
222 109
222 111
222 112
222 113
222 115
222 124
222 128
222 137
222 142
222 148
222 149
222 158
222 167
222 169
222 172
222 185
222 186
222 191
222 196
222 197
222 199
222 201
222 203
222 207
222 213
222 218
222 227
222 237
222 245
222 247
222 248
222 249
222 255
223 48
225 77
227 4
227 11
227 12
227 15
227 28
227 32
227 37
227 42
227 46
227 50
227 54
227 58
227 65
227 66
227 82
227 84
227 91
227 97
227 101
227 109
227 111
227 112
227 113
227 115
227 124
227 128
227 137
227 142
227 148
227 149
227 158
227 167
227 169
227 172
227 185
227 186
227 191
227 196
227 197
227 199
227 201
227 203
227 207
227 213
227 218
227 222
227 237
227 245
227 247
227 248
227 249
227 255
228 253
231 31
231 155
232 75
235 95
236 63
236 139
237 4
237 11
237 12
237 15
237 28
237 32
237 37
237 42
237 46
237 50
237 54
237 58
237 65
237 66
237 82
237 84
237 91
237 97
237 101
237 109
237 111
237 112
237 113
237 115
237 124
237 128
237 137
237 142
237 148
237 149
237 158
237 167
237 169
237 172
237 185
237 186
237 191
237 196
237 197
237 199
237 201
237 203
237 207
237 213
237 218
237 222
237 227
237 245
237 247
237 248
237 249
237 255
238 70
240 174
241 21
241 108
244 250
245 4
245 11
245 12
245 15
245 28
245 32
245 37
245 42
245 46
245 50
245 54
245 58
245 65
245 66
245 82
245 84
245 91
245 97
245 101
245 109
245 111
245 112
245 113
245 115
245 124
245 128
245 137
245 142
245 148
245 149
245 158
245 167
245 169
245 172
245 185
245 186
245 191
245 196
245 197
245 199
245 201
245 203
245 207
245 213
245 218
245 222
245 227
245 237
245 247
245 248
245 249
245 255
246 40
247 4
247 11
247 12
247 15
247 28
247 32
247 37
247 42
247 46
247 50
247 54
247 58
247 65
247 66
247 82
247 84
247 91
247 97
247 101
247 109
247 111
247 112
247 113
247 115
247 124
247 128
247 137
247 142
247 148
247 149
247 158
247 167
247 169
247 172
247 185
247 186
247 191
247 196
247 197
247 199
247 201
247 203
247 207
247 213
247 218
247 222
247 227
247 237
247 245
247 248
247 249
247 255
248 4
248 11
248 12
248 15
248 28
248 32
248 37
248 42
248 46
248 50
248 54
248 58
248 65
248 66
248 82
248 84
248 91
248 97
248 101
248 109
248 111
248 112
248 113
248 115
248 124
248 128
248 137
248 142
248 148
248 149
248 158
248 167
248 169
248 172
248 185
248 186
248 191
248 196
248 197
248 199
248 201
248 203
248 207
248 213
248 218
248 222
248 227
248 237
248 245
248 247
248 249
248 255
249 4
249 11
249 12
249 15
249 28
249 32
249 37
249 42
249 46
249 50
249 54
249 58
249 65
249 66
249 82
249 84
249 91
249 97
249 101
249 109
249 111
249 112
249 113
249 115
249 124
249 128
249 137
249 142
249 148
249 149
249 158
249 167
249 169
249 172
249 185
249 186
249 191
249 196
249 197
249 199
249 201
249 203
249 207
249 213
249 218
249 222
249 227
249 237
249 245
249 247
249 248
249 255
250 244
252 162
253 228
254 147
255 4
255 11
255 12
255 15
255 28
255 32
255 37
255 42
255 46
255 50
255 54
255 58
255 65
255 66
255 82
255 84
255 91
255 97
255 101
255 109
255 111
255 112
255 113
255 115
255 124
255 128
255 137
255 142
255 148
255 149
255 158
255 167
255 169
255 172
255 185
255 186
255 191
255 196
255 197
255 199
255 201
255 203
255 207
255 213
255 218
255 222
255 227
255 237
255 245
255 247
255 248
255 249
