256 13244
0 1
0 3
0 6
0 8
0 9
0 14
0 18
0 23
0 24
0 25
0 27
0 30
0 31
0 34
0 35
0 40
0 43
0 44
0 45
0 49
0 51
0 52
0 59
0 60
0 64
0 68
0 69
0 70
0 71
0 72
0 73
0 75
0 76
0 77
0 78
0 79
0 80
0 86
0 87
0 88
0 89
0 90
0 92
0 95
0 96
0 98
0 99
0 100
0 102
0 105
0 106
0 107
0 110
0 114
0 117
0 123
0 129
0 131
0 133
0 134
0 135
0 139
0 143
0 144
0 145
0 146
0 147
0 151
0 152
0 154
0 155
0 156
0 160
0 162
0 163
0 170
0 173
0 174
0 175
0 176
0 177
0 178
0 179
0 180
0 182
0 183
0 184
0 187
0 189
0 193
0 195
0 198
0 200
0 202
0 204
0 206
0 208
0 210
0 212
0 214
0 215
0 217
0 223
0 228
0 229
0 235
0 236
0 240
0 242
0 243
0 244
0 246
0 250
0 251
1 0
1 3
1 6
1 8
1 9
1 14
1 18
1 23
1 24
1 25
1 27
1 30
1 31
1 34
1 35
1 40
1 43
1 44
1 45
1 49
1 51
1 52
1 59
1 60
1 64
1 68
1 69
1 70
1 71
1 72
1 73
1 75
1 76
1 77
1 78
1 79
1 80
1 86
1 87
1 88
1 89
1 90
1 92
1 95
1 96
1 98
1 99
1 100
1 102
1 105
1 106
1 107
1 110
1 114
1 117
1 123
1 129
1 131
1 133
1 134
1 135
1 139
1 143
1 144
1 145
1 146
1 147
1 151
1 152
1 154
1 155
1 156
1 160
1 162
1 163
1 170
1 173
1 174
1 175
1 176
1 177
1 178
1 179
1 180
1 182
1 183
1 184
1 187
1 189
1 193
1 195
1 198
1 200
1 202
1 204
1 206
1 208
1 210
1 212
1 214
1 215
1 217
1 223
1 228
1 229
1 235
1 236
1 240
1 242
1 243
1 244
1 246
1 250
1 251
2 209
3 0
3 1
3 6
3 8
3 9
3 14
3 18
3 23
3 24
3 25
3 27
3 30
3 31
3 34
3 35
3 40
3 43
3 44
3 45
3 49
3 51
3 52
3 59
3 60
3 64
3 68
3 69
3 70
3 71
3 72
3 73
3 75
3 76
3 77
3 78
3 79
3 80
3 86
3 87
3 88
3 89
3 90
3 92
3 95
3 96
3 98
3 99
3 100
3 102
3 105
3 106
3 107
3 110
3 114
3 117
3 123
3 129
3 131
3 133
3 134
3 135
3 139
3 143
3 144
3 145
3 146
3 147
3 151
3 152
3 154
3 155
3 156
3 160
3 162
3 163
3 170
3 173
3 174
3 175
3 176
3 177
3 178
3 179
3 180
3 182
3 183
3 184
3 187
3 189
3 193
3 195
3 198
3 200
3 202
3 204
3 206
3 208
3 210
3 212
3 214
3 215
3 217
3 223
3 228
3 229
3 235
3 236
3 240
3 242
3 243
3 244
3 246
3 250
3 251
5 140
5 150
5 216
5 221
5 252
6 0
6 1
6 3
6 8
6 9
6 14
6 18
6 23
6 24
6 25
6 27
6 30
6 31
6 34
6 35
6 40
6 43
6 44
6 45
6 49
6 51
6 52
6 59
6 60
6 64
6 68
6 69
6 70
6 71
6 72
6 73
6 75
6 76
6 77
6 78
6 79
6 80
6 86
6 87
6 88
6 89
6 90
6 92
6 95
6 96
6 98
6 99
6 100
6 102
6 105
6 106
6 107
6 110
6 114
6 117
6 123
6 129
6 131
6 133
6 134
6 135
6 139
6 143
6 144
6 145
6 146
6 147
6 151
6 152
6 154
6 155
6 156
6 160
6 162
6 163
6 170
6 173
6 174
6 175
6 176
6 177
6 178
6 179
6 180
6 182
6 183
6 184
6 187
6 189
6 193
6 195
6 198
6 200
6 202
6 204
6 206
6 208
6 210
6 212
6 214
6 215
6 217
6 223
6 228
6 229
6 235
6 236
6 240
6 242
6 243
6 244
6 246
6 250
6 251
8 0
8 1
8 3
8 6
8 9
8 14
8 18
8 23
8 24
8 25
8 27
8 30
8 31
8 34
8 35
8 40
8 43
8 44
8 45
8 49
8 51
8 52
8 59
8 60
8 64
8 68
8 69
8 70
8 71
8 72
8 73
8 75
8 76
8 77
8 78
8 79
8 80
8 86
8 87
8 88
8 89
8 90
8 92
8 95
8 96
8 98
8 99
8 100
8 102
8 105
8 106
8 107
8 110
8 114
8 117
8 123
8 129
8 131
8 133
8 134
8 135
8 139
8 143
8 144
8 145
8 146
8 147
8 151
8 152
8 154
8 155
8 156
8 160
8 162
8 163
8 170
8 173
8 174
8 175
8 176
8 177
8 178
8 179
8 180
8 182
8 183
8 184
8 187
8 189
8 193
8 195
8 198
8 200
8 202
8 204
8 206
8 208
8 210
8 212
8 214
8 215
8 217
8 223
8 228
8 229
8 235
8 236
8 240
8 242
8 243
8 244
8 246
8 250
8 251
9 0
9 1
9 3
9 6
9 8
9 14
9 18
9 23
9 24
9 25
9 27
9 30
9 31
9 34
9 35
9 40
9 43
9 44
9 45
9 49
9 51
9 52
9 59
9 60
9 64
9 68
9 69
9 70
9 71
9 72
9 73
9 75
9 76
9 77
9 78
9 79
9 80
9 86
9 87
9 88
9 89
9 90
9 92
9 95
9 96
9 98
9 99
9 100
9 102
9 105
9 106
9 107
9 110
9 114
9 117
9 123
9 129
9 131
9 133
9 134
9 135
9 139
9 143
9 144
9 145
9 146
9 147
9 151
9 152
9 154
9 155
9 156
9 160
9 162
9 163
9 170
9 173
9 174
9 175
9 176
9 177
9 178
9 179
9 180
9 182
9 183
9 184
9 187
9 189
9 193
9 195
9 198
9 200
9 202
9 204
9 206
9 208
9 210
9 212
9 214
9 215
9 217
9 223
9 228
9 229
9 235
9 236
9 240
9 242
9 243
9 244
9 246
9 250
9 251
10 128
11 63
11 66
11 101
11 111
13 67
13 115
14 0
14 1
14 3
14 6
14 8
14 9
14 18
14 23
14 24
14 25
14 27
14 30
14 31
14 34
14 35
14 40
14 43
14 44
14 45
14 49
14 51
14 52
14 59
14 60
14 64
14 68
14 69
14 70
14 71
14 72
14 73
14 75
14 76
14 77
14 78
14 79
14 80
14 86
14 87
14 88
14 89
14 90
14 92
14 95
14 96
14 98
14 99
14 100
14 102
14 105
14 106
14 107
14 110
14 114
14 117
14 123
14 129
14 131
14 133
14 134
14 135
14 139
14 143
14 144
14 145
14 146
14 147
14 151
14 152
14 154
14 155
14 156
14 160
14 162
14 163
14 170
14 173
14 174
14 175
14 176
14 177
14 178
14 179
14 180
14 182
14 183
14 184
14 187
14 189
14 193
14 195
14 198
14 200
14 202
14 204
14 206
14 208
14 210
14 212
14 214
14 215
14 217
14 223
14 228
14 229
14 235
14 236
14 240
14 242
14 243
14 244
14 246
14 250
14 251
17 46
17 57
17 124
17 190
17 238
18 0
18 1
18 3
18 6
18 8
18 9
18 14
18 23
18 24
18 25
18 27
18 30
18 31
18 34
18 35
18 40
18 43
18 44
18 45
18 49
18 51
18 52
18 59
18 60
18 64
18 68
18 69
18 70
18 71
18 72
18 73
18 75
18 76
18 77
18 78
18 79
18 80
18 86
18 87
18 88
18 89
18 90
18 92
18 95
18 96
18 98
18 99
18 100
18 102
18 105
18 106
18 107
18 110
18 114
18 117
18 123
18 129
18 131
18 133
18 134
18 135
18 139
18 143
18 144
18 145
18 146
18 147
18 151
18 152
18 154
18 155
18 156
18 160
18 162
18 163
18 170
18 173
18 174
18 175
18 176
18 177
18 178
18 179
18 180
18 182
18 183
18 184
18 187
18 189
18 193
18 195
18 198
18 200
18 202
18 204
18 206
18 208
18 210
18 212
18 214
18 215
18 217
18 223
18 228
18 229
18 235
18 236
18 240
18 242
18 243
18 244
18 246
18 250
18 251
20 169
23 0
23 1
23 3
23 6
23 8
23 9
23 14
23 18
23 24
23 25
23 27
23 30
23 31
23 34
23 35
23 40
23 43
23 44
23 45
23 49
23 51
23 52
23 59
23 60
23 64
23 68
23 69
23 70
23 71
23 72
23 73
23 75
23 76
23 77
23 78
23 79
23 80
23 86
23 87
23 88
23 89
23 90
23 92
23 95
23 96
23 98
23 99
23 100
23 102
23 105
23 106
23 107
23 110
23 114
23 117
23 123
23 129
23 131
23 133
23 134
23 135
23 139
23 143
23 144
23 145
23 146
23 147
23 151
23 152
23 154
23 155
23 156
23 160
23 162
23 163
23 170
23 173
23 174
23 175
23 176
23 177
23 178
23 179
23 180
23 182
23 183
23 184
23 187
23 189
23 193
23 195
23 198
23 200
23 202
23 204
23 206
23 208
23 210
23 212
23 214
23 215
23 217
23 223
23 228
23 229
23 235
23 236
23 240
23 242
23 243
23 244
23 246
23 250
23 251
24 0
24 1
24 3
24 6
24 8
24 9
24 14
24 18
24 23
24 25
24 27
24 30
24 31
24 34
24 35
24 40
24 43
24 44
24 45
24 49
24 51
24 52
24 59
24 60
24 64
24 68
24 69
24 70
24 71
24 72
24 73
24 75
24 76
24 77
24 78
24 79
24 80
24 86
24 87
24 88
24 89
24 90
24 92
24 95
24 96
24 98
24 99
24 100
24 102
24 105
24 106
24 107
24 110
24 114
24 117
24 123
24 129
24 131
24 133
24 134
24 135
24 139
24 143
24 144
24 145
24 146
24 147
24 151
24 152
24 154
24 155
24 156
24 160
24 162
24 163
24 170
24 173
24 174
24 175
24 176
24 177
24 178
24 179
24 180
24 182
24 183
24 184
24 187
24 189
24 193
24 195
24 198
24 200
24 202
24 204
24 206
24 208
24 210
24 212
24 214
24 215
24 217
24 223
24 228
24 229
24 235
24 236
24 240
24 242
24 243
24 244
24 246
24 250
24 251
25 0
25 1
25 3
25 6
25 8
25 9
25 14
25 18
25 23
25 24
25 27
25 30
25 31
25 34
25 35
25 40
25 43
25 44
25 45
25 49
25 51
25 52
25 59
25 60
25 64
25 68
25 69
25 70
25 71
25 72
25 73
25 75
25 76
25 77
25 78
25 79
25 80
25 86
25 87
25 88
25 89
25 90
25 92
25 95
25 96
25 98
25 99
25 100
25 102
25 105
25 106
25 107
25 110
25 114
25 117
25 123
25 129
25 131
25 133
25 134
25 135
25 139
25 143
25 144
25 145
25 146
25 147
25 151
25 152
25 154
25 155
25 156
25 160
25 162
25 163
25 170
25 173
25 174
25 175
25 176
25 177
25 178
25 179
25 180
25 182
25 183
25 184
25 187
25 189
25 193
25 195
25 198
25 200
25 202
25 204
25 206
25 208
25 210
25 212
25 214
25 215
25 217
25 223
25 228
25 229
25 235
25 236
25 240
25 242
25 243
25 244
25 246
25 250
25 251
27 0
27 1
27 3
27 6
27 8
27 9
27 14
27 18
27 23
27 24
27 25
27 30
27 31
27 34
27 35
27 40
27 43
27 44
27 45
27 49
27 51
27 52
27 59
27 60
27 64
27 68
27 69
27 70
27 71
27 72
27 73
27 75
27 76
27 77
27 78
27 79
27 80
27 86
27 87
27 88
27 89
27 90
27 92
27 95
27 96
27 98
27 99
27 100
27 102
27 105
27 106
27 107
27 110
27 114
27 117
27 123
27 129
27 131
27 133
27 134
27 135
27 139
27 143
27 144
27 145
27 146
27 147
27 151
27 152
27 154
27 155
27 156
27 160
27 162
27 163
27 170
27 173
27 174
27 175
27 176
27 177
27 178
27 179
27 180
27 182
27 183
27 184
27 187
27 189
27 193
27 195
27 198
27 200
27 202
27 204
27 206
27 208
27 210
27 212
27 214
27 215
27 217
27 223
27 228
27 229
27 235
27 236
27 240
27 242
27 243
27 244
27 246
27 250
27 251
30 0
30 1
30 3
30 6
30 8
30 9
30 14
30 18
30 23
30 24
30 25
30 27
30 31
30 34
30 35
30 40
30 43
30 44
30 45
30 49
30 51
30 52
30 59
30 60
30 64
30 68
30 69
30 70
30 71
30 72
30 73
30 75
30 76
30 77
30 78
30 79
30 80
30 86
30 87
30 88
30 89
30 90
30 92
30 95
30 96
30 98
30 99
30 100
30 102
30 105
30 106
30 107
30 110
30 114
30 117
30 123
30 129
30 131
30 133
30 134
30 135
30 139
30 143
30 144
30 145
30 146
30 147
30 151
30 152
30 154
30 155
30 156
30 160
30 162
30 163
30 170
30 173
30 174
30 175
30 176
30 177
30 178
30 179
30 180
30 182
30 183
30 184
30 187
30 189
30 193
30 195
30 198
30 200
30 202
30 204
30 206
30 208
30 210
30 212
30 214
30 215
30 217
30 223
30 228
30 229
30 235
30 236
30 240
30 242
30 243
30 244
30 246
30 250
30 251
31 0
31 1
31 3
31 6
31 8
31 9
31 14
31 18
31 23
31 24
31 25
31 27
31 30
31 34
31 35
31 40
31 43
31 44
31 45
31 49
31 51
31 52
31 59
31 60
31 64
31 68
31 69
31 70
31 71
31 72
31 73
31 75
31 76
31 77
31 78
31 79
31 80
31 86
31 87
31 88
31 89
31 90
31 92
31 95
31 96
31 98
31 99
31 100
31 102
31 105
31 106
31 107
31 110
31 114
31 117
31 123
31 129
31 131
31 133
31 134
31 135
31 139
31 143
31 144
31 145
31 146
31 147
31 151
31 152
31 154
31 155
31 156
31 160
31 162
31 163
31 170
31 173
31 174
31 175
31 176
31 177
31 178
31 179
31 180
31 182
31 183
31 184
31 187
31 189
31 193
31 195
31 198
31 200
31 202
31 204
31 206
31 208
31 210
31 212
31 214
31 215
31 217
31 223
31 228
31 229
31 235
31 236
31 240
31 242
31 243
31 244
31 246
31 250
31 251
32 53
32 201
33 93
34 0
34 1
34 3
34 6
34 8
34 9
34 14
34 18
34 23
34 24
34 25
34 27
34 30
34 31
34 35
34 40
34 43
34 44
34 45
34 49
34 51
34 52
34 59
34 60
34 64
34 68
34 69
34 70
34 71
34 72
34 73
34 75
34 76
34 77
34 78
34 79
34 80
34 86
34 87
34 88
34 89
34 90
34 92
34 95
34 96
34 98
34 99
34 100
34 102
34 105
34 106
34 107
34 110
34 114
34 117
34 123
34 129
34 131
34 133
34 134
34 135
34 139
34 143
34 144
34 145
34 146
34 147
34 151
34 152
34 154
34 155
34 156
34 160
34 162
34 163
34 170
34 173
34 174
34 175
34 176
34 177
34 178
34 179
34 180
34 182
34 183
34 184
34 187
34 189
34 193
34 195
34 198
34 200
34 202
34 204
34 206
34 208
34 210
34 212
34 214
34 215
34 217
34 223
34 228
34 229
34 235
34 236
34 240
34 242
34 243
34 244
34 246
34 250
34 251
35 0
35 1
35 3
35 6
35 8
35 9
35 14
35 18
35 23
35 24
35 25
35 27
35 30
35 31
35 34
35 40
35 43
35 44
35 45
35 49
35 51
35 52
35 59
35 60
35 64
35 68
35 69
35 70
35 71
35 72
35 73
35 75
35 76
35 77
35 78
35 79
35 80
35 86
35 87
35 88
35 89
35 90
35 92
35 95
35 96
35 98
35 99
35 100
35 102
35 105
35 106
35 107
35 110
35 114
35 117
35 123
35 129
35 131
35 133
35 134
35 135
35 139
35 143
35 144
35 145
35 146
35 147
35 151
35 152
35 154
35 155
35 156
35 160
35 162
35 163
35 170
35 173
35 174
35 175
35 176
35 177
35 178
35 179
35 180
35 182
35 183
35 184
35 187
35 189
35 193
35 195
35 198
35 200
35 202
35 204
35 206
35 208
35 210
35 212
35 214
35 215
35 217
35 223
35 228
35 229
35 235
35 236
35 240
35 242
35 243
35 244
35 246
35 250
35 251
39 225
40 0
40 1
40 3
40 6
40 8
40 9
40 14
40 18
40 23
40 24
40 25
40 27
40 30
40 31
40 34
40 35
40 43
40 44
40 45
40 49
40 51
40 52
40 59
40 60
40 64
40 68
40 69
40 70
40 71
40 72
40 73
40 75
40 76
40 77
40 78
40 79
40 80
40 86
40 87
40 88
40 89
40 90
40 92
40 95
40 96
40 98
40 99
40 100
40 102
40 105
40 106
40 107
40 110
40 114
40 117
40 123
40 129
40 131
40 133
40 134
40 135
40 139
40 143
40 144
40 145
40 146
40 147
40 151
40 152
40 154
40 155
40 156
40 160
40 162
40 163
40 170
40 173
40 174
40 175
40 176
40 177
40 178
40 179
40 180
40 182
40 183
40 184
40 187
40 189
40 193
40 195
40 198
40 200
40 202
40 204
40 206
40 208
40 210
40 212
40 214
40 215
40 217
40 223
40 228
40 229
40 235
40 236
40 240
40 242
40 243
40 244
40 246
40 250
40 251
42 227
43 0
43 1
43 3
43 6
43 8
43 9
43 14
43 18
43 23
43 24
43 25
43 27
43 30
43 31
43 34
43 35
43 40
43 44
43 45
43 49
43 51
43 52
43 59
43 60
43 64
43 68
43 69
43 70
43 71
43 72
43 73
43 75
43 76
43 77
43 78
43 79
43 80
43 86
43 87
43 88
43 89
43 90
43 92
43 95
43 96
43 98
43 99
43 100
43 102
43 105
43 106
43 107
43 110
43 114
43 117
43 123
43 129
43 131
43 133
43 134
43 135
43 139
43 143
43 144
43 145
43 146
43 147
43 151
43 152
43 154
43 155
43 156
43 160
43 162
43 163
43 170
43 173
43 174
43 175
43 176
43 177
43 178
43 179
43 180
43 182
43 183
43 184
43 187
43 189
43 193
43 195
43 198
43 200
43 202
43 204
43 206
43 208
43 210
43 212
43 214
43 215
43 217
43 223
43 228
43 229
43 235
43 236
43 240
43 242
43 243
43 244
43 246
43 250
43 251
44 0
44 1
44 3
44 6
44 8
44 9
44 14
44 18
44 23
44 24
44 25
44 27
44 30
44 31
44 34
44 35
44 40
44 43
44 45
44 49
44 51
44 52
44 59
44 60
44 64
44 68
44 69
44 70
44 71
44 72
44 73
44 75
44 76
44 77
44 78
44 79
44 80
44 86
44 87
44 88
44 89
44 90
44 92
44 95
44 96
44 98
44 99
44 100
44 102
44 105
44 106
44 107
44 110
44 114
44 117
44 123
44 129
44 131
44 133
44 134
44 135
44 139
44 143
44 144
44 145
44 146
44 147
44 151
44 152
44 154
44 155
44 156
44 160
44 162
44 163
44 170
44 173
44 174
44 175
44 176
44 177
44 178
44 179
44 180
44 182
44 183
44 184
44 187
44 189
44 193
44 195
44 198
44 200
44 202
44 204
44 206
44 208
44 210
44 212
44 214
44 215
44 217
44 223
44 228
44 229
44 235
44 236
44 240
44 242
44 243
44 244
44 246
44 250
44 251
45 0
45 1
45 3
45 6
45 8
45 9
45 14
45 18
45 23
45 24
45 25
45 27
45 30
45 31
45 34
45 35
45 40
45 43
45 44
45 49
45 51
45 52
45 59
45 60
45 64
45 68
45 69
45 70
45 71
45 72
45 73
45 75
45 76
45 77
45 78
45 79
45 80
45 86
45 87
45 88
45 89
45 90
45 92
45 95
45 96
45 98
45 99
45 100
45 102
45 105
45 106
45 107
45 110
45 114
45 117
45 123
45 129
45 131
45 133
45 134
45 135
45 139
45 143
45 144
45 145
45 146
45 147
45 151
45 152
45 154
45 155
45 156
45 160
45 162
45 163
45 170
45 173
45 174
45 175
45 176
45 177
45 178
45 179
45 180
45 182
45 183
45 184
45 187
45 189
45 193
45 195
45 198
45 200
45 202
45 204
45 206
45 208
45 210
45 212
45 214
45 215
45 217
45 223
45 228
45 229
45 235
45 236
45 240
45 242
45 243
45 244
45 246
45 250
45 251
46 17
46 57
46 124
46 190
46 238
49 0
49 1
49 3
49 6
49 8
49 9
49 14
49 18
49 23
49 24
49 25
49 27
49 30
49 31
49 34
49 35
49 40
49 43
49 44
49 45
49 51
49 52
49 59
49 60
49 64
49 68
49 69
49 70
49 71
49 72
49 73
49 75
49 76
49 77
49 78
49 79
49 80
49 86
49 87
49 88
49 89
49 90
49 92
49 95
49 96
49 98
49 99
49 100
49 102
49 105
49 106
49 107
49 110
49 114
49 117
49 123
49 129
49 131
49 133
49 134
49 135
49 139
49 143
49 144
49 145
49 146
49 147
49 151
49 152
49 154
49 155
49 156
49 160
49 162
49 163
49 170
49 173
49 174
49 175
49 176
49 177
49 178
49 179
49 180
49 182
49 183
49 184
49 187
49 189
49 193
49 195
49 198
49 200
49 202
49 204
49 206
49 208
49 210
49 212
49 214
49 215
49 217
49 223
49 228
49 229
49 235
49 236
49 240
49 242
49 243
49 244
49 246
49 250
49 251
51 0
51 1
51 3
51 6
51 8
51 9
51 14
51 18
51 23
51 24
51 25
51 27
51 30
51 31
51 34
51 35
51 40
51 43
51 44
51 45
51 49
51 52
51 59
51 60
51 64
51 68
51 69
51 70
51 71
51 72
51 73
51 75
51 76
51 77
51 78
51 79
51 80
51 86
51 87
51 88
51 89
51 90
51 92
51 95
51 96
51 98
51 99
51 100
51 102
51 105
51 106
51 107
51 110
51 114
51 117
51 123
51 129
51 131
51 133
51 134
51 135
51 139
51 143
51 144
51 145
51 146
51 147
51 151
51 152
51 154
51 155
51 156
51 160
51 162
51 163
51 170
51 173
51 174
51 175
51 176
51 177
51 178
51 179
51 180
51 182
51 183
51 184
51 187
51 189
51 193
51 195
51 198
51 200
51 202
51 204
51 206
51 208
51 210
51 212
51 214
51 215
51 217
51 223
51 228
51 229
51 235
51 236
51 240
51 242
51 243
51 244
51 246
51 250
51 251
52 0
52 1
52 3
52 6
52 8
52 9
52 14
52 18
52 23
52 24
52 25
52 27
52 30
52 31
52 34
52 35
52 40
52 43
52 44
52 45
52 49
52 51
52 59
52 60
52 64
52 68
52 69
52 70
52 71
52 72
52 73
52 75
52 76
52 77
52 78
52 79
52 80
52 86
52 87
52 88
52 89
52 90
52 92
52 95
52 96
52 98
52 99
52 100
52 102
52 105
52 106
52 107
52 110
52 114
52 117
52 123
52 129
52 131
52 133
52 134
52 135
52 139
52 143
52 144
52 145
52 146
52 147
52 151
52 152
52 154
52 155
52 156
52 160
52 162
52 163
52 170
52 173
52 174
52 175
52 176
52 177
52 178
52 179
52 180
52 182
52 183
52 184
52 187
52 189
52 193
52 195
52 198
52 200
52 202
52 204
52 206
52 208
52 210
52 212
52 214
52 215
52 217
52 223
52 228
52 229
52 235
52 236
52 240
52 242
52 243
52 244
52 246
52 250
52 251
53 32
53 201
57 17
57 46
57 124
57 190
57 238
59 0
59 1
59 3
59 6
59 8
59 9
59 14
59 18
59 23
59 24
59 25
59 27
59 30
59 31
59 34
59 35
59 40
59 43
59 44
59 45
59 49
59 51
59 52
59 60
59 64
59 68
59 69
59 70
59 71
59 72
59 73
59 75
59 76
59 77
59 78
59 79
59 80
59 86
59 87
59 88
59 89
59 90
59 92
59 95
59 96
59 98
59 99
59 100
59 102
59 105
59 106
59 107
59 110
59 114
59 117
59 123
59 129
59 131
59 133
59 134
59 135
59 139
59 143
59 144
59 145
59 146
59 147
59 151
59 152
59 154
59 155
59 156
59 160
59 162
59 163
59 170
59 173
59 174
59 175
59 176
59 177
59 178
59 179
59 180
59 182
59 183
59 184
59 187
59 189
59 193
59 195
59 198
59 200
59 202
59 204
59 206
59 208
59 210
59 212
59 214
59 215
59 217
59 223
59 228
59 229
59 235
59 236
59 240
59 242
59 243
59 244
59 246
59 250
59 251
60 0
60 1
60 3
60 6
60 8
60 9
60 14
60 18
60 23
60 24
60 25
60 27
60 30
60 31
60 34
60 35
60 40
60 43
60 44
60 45
60 49
60 51
60 52
60 59
60 64
60 68
60 69
60 70
60 71
60 72
60 73
60 75
60 76
60 77
60 78
60 79
60 80
60 86
60 87
60 88
60 89
60 90
60 92
60 95
60 96
60 98
60 99
60 100
60 102
60 105
60 106
60 107
60 110
60 114
60 117
60 123
60 129
60 131
60 133
60 134
60 135
60 139
60 143
60 144
60 145
60 146
60 147
60 151
60 152
60 154
60 155
60 156
60 160
60 162
60 163
60 170
60 173
60 174
60 175
60 176
60 177
60 178
60 179
60 180
60 182
60 183
60 184
60 187
60 189
60 193
60 195
60 198
60 200
60 202
60 204
60 206
60 208
60 210
60 212
60 214
60 215
60 217
60 223
60 228
60 229
60 235
60 236
60 240
60 242
60 243
60 244
60 246
60 250
60 251
63 11
63 66
63 101
63 111
64 0
64 1
64 3
64 6
64 8
64 9
64 14
64 18
64 23
64 24
64 25
64 27
64 30
64 31
64 34
64 35
64 40
64 43
64 44
64 45
64 49
64 51
64 52
64 59
64 60
64 68
64 69
64 70
64 71
64 72
64 73
64 75
64 76
64 77
64 78
64 79
64 80
64 86
64 87
64 88
64 89
64 90
64 92
64 95
64 96
64 98
64 99
64 100
64 102
64 105
64 106
64 107
64 110
64 114
64 117
64 123
64 129
64 131
64 133
64 134
64 135
64 139
64 143
64 144
64 145
64 146
64 147
64 151
64 152
64 154
64 155
64 156
64 160
64 162
64 163
64 170
64 173
64 174
64 175
64 176
64 177
64 178
64 179
64 180
64 182
64 183
64 184
64 187
64 189
64 193
64 195
64 198
64 200
64 202
64 204
64 206
64 208
64 210
64 212
64 214
64 215
64 217
64 223
64 228
64 229
64 235
64 236
64 240
64 242
64 243
64 244
64 246
64 250
64 251
66 11
66 63
66 101
66 111
67 13
67 115
68 0
68 1
68 3
68 6
68 8
68 9
68 14
68 18
68 23
68 24
68 25
68 27
68 30
68 31
68 34
68 35
68 40
68 43
68 44
68 45
68 49
68 51
68 52
68 59
68 60
68 64
68 69
68 70
68 71
68 72
68 73
68 75
68 76
68 77
68 78
68 79
68 80
68 86
68 87
68 88
68 89
68 90
68 92
68 95
68 96
68 98
68 99
68 100
68 102
68 105
68 106
68 107
68 110
68 114
68 117
68 123
68 129
68 131
68 133
68 134
68 135
68 139
68 143
68 144
68 145
68 146
68 147
68 151
68 152
68 154
68 155
68 156
68 160
68 162
68 163
68 170
68 173
68 174
68 175
68 176
68 177
68 178
68 179
68 180
68 182
68 183
68 184
68 187
68 189
68 193
68 195
68 198
68 200
68 202
68 204
68 206
68 208
68 210
68 212
68 214
68 215
68 217
68 223
68 228
68 229
68 235
68 236
68 240
68 242
68 243
68 244
68 246
68 250
68 251
69 0
69 1
69 3
69 6
69 8
69 9
69 14
69 18
69 23
69 24
69 25
69 27
69 30
69 31
69 34
69 35
69 40
69 43
69 44
69 45
69 49
69 51
69 52
69 59
69 60
69 64
69 68
69 70
69 71
69 72
69 73
69 75
69 76
69 77
69 78
69 79
69 80
69 86
69 87
69 88
69 89
69 90
69 92
69 95
69 96
69 98
69 99
69 100
69 102
69 105
69 106
69 107
69 110
69 114
69 117
69 123
69 129
69 131
69 133
69 134
69 135
69 139
69 143
69 144
69 145
69 146
69 147
69 151
69 152
69 154
69 155
69 156
69 160
69 162
69 163
69 170
69 173
69 174
69 175
69 176
69 177
69 178
69 179
69 180
69 182
69 183
69 184
69 187
69 189
69 193
69 195
69 198
69 200
69 202
69 204
69 206
69 208
69 210
69 212
69 214
69 215
69 217
69 223
69 228
69 229
69 235
69 236
69 240
69 242
69 243
69 244
69 246
69 250
69 251
70 0
70 1
70 3
70 6
70 8
70 9
70 14
70 18
70 23
70 24
70 25
70 27
70 30
70 31
70 34
70 35
70 40
70 43
70 44
70 45
70 49
70 51
70 52
70 59
70 60
70 64
70 68
70 69
70 71
70 72
70 73
70 75
70 76
70 77
70 78
70 79
70 80
70 86
70 87
70 88
70 89
70 90
70 92
70 95
70 96
70 98
70 99
70 100
70 102
70 105
70 106
70 107
70 110
70 114
70 117
70 123
70 129
70 131
70 133
70 134
70 135
70 139
70 143
70 144
70 145
70 146
70 147
70 151
70 152
70 154
70 155
70 156
70 160
70 162
70 163
70 170
70 173
70 174
70 175
70 176
70 177
70 178
70 179
70 180
70 182
70 183
70 184
70 187
70 189
70 193
70 195
70 198
70 200
70 202
70 204
70 206
70 208
70 210
70 212
70 214
70 215
70 217
70 223
70 228
70 229
70 235
70 236
70 240
70 242
70 243
70 244
70 246
70 250
70 251
71 0
71 1
71 3
71 6
71 8
71 9
71 14
71 18
71 23
71 24
71 25
71 27
71 30
71 31
71 34
71 35
71 40
71 43
71 44
71 45
71 49
71 51
71 52
71 59
71 60
71 64
71 68
71 69
71 70
71 72
71 73
71 75
71 76
71 77
71 78
71 79
71 80
71 86
71 87
71 88
71 89
71 90
71 92
71 95
71 96
71 98
71 99
71 100
71 102
71 105
71 106
71 107
71 110
71 114
71 117
71 123
71 129
71 131
71 133
71 134
71 135
71 139
71 143
71 144
71 145
71 146
71 147
71 151
71 152
71 154
71 155
71 156
71 160
71 162
71 163
71 170
71 173
71 174
71 175
71 176
71 177
71 178
71 179
71 180
71 182
71 183
71 184
71 187
71 189
71 193
71 195
71 198
71 200
71 202
71 204
71 206
71 208
71 210
71 212
71 214
71 215
71 217
71 223
71 228
71 229
71 235
71 236
71 240
71 242
71 243
71 244
71 246
71 250
71 251
72 0
72 1
72 3
72 6
72 8
72 9
72 14
72 18
72 23
72 24
72 25
72 27
72 30
72 31
72 34
72 35
72 40
72 43
72 44
72 45
72 49
72 51
72 52
72 59
72 60
72 64
72 68
72 69
72 70
72 71
72 73
72 75
72 76
72 77
72 78
72 79
72 80
72 86
72 87
72 88
72 89
72 90
72 92
72 95
72 96
72 98
72 99
72 100
72 102
72 105
72 106
72 107
72 110
72 114
72 117
72 123
72 129
72 131
72 133
72 134
72 135
72 139
72 143
72 144
72 145
72 146
72 147
72 151
72 152
72 154
72 155
72 156
72 160
72 162
72 163
72 170
72 173
72 174
72 175
72 176
72 177
72 178
72 179
72 180
72 182
72 183
72 184
72 187
72 189
72 193
72 195
72 198
72 200
72 202
72 204
72 206
72 208
72 210
72 212
72 214
72 215
72 217
72 223
72 228
72 229
72 235
72 236
72 240
72 242
72 243
72 244
72 246
72 250
72 251
73 0
73 1
73 3
73 6
73 8
73 9
73 14
73 18
73 23
73 24
73 25
73 27
73 30
73 31
73 34
73 35
73 40
73 43
73 44
73 45
73 49
73 51
73 52
73 59
73 60
73 64
73 68
73 69
73 70
73 71
73 72
73 75
73 76
73 77
73 78
73 79
73 80
73 86
73 87
73 88
73 89
73 90
73 92
73 95
73 96
73 98
73 99
73 100
73 102
73 105
73 106
73 107
73 110
73 114
73 117
73 123
73 129
73 131
73 133
73 134
73 135
73 139
73 143
73 144
73 145
73 146
73 147
73 151
73 152
73 154
73 155
73 156
73 160
73 162
73 163
73 170
73 173
73 174
73 175
73 176
73 177
73 178
73 179
73 180
73 182
73 183
73 184
73 187
73 189
73 193
73 195
73 198
73 200
73 202
73 204
73 206
73 208
73 210
73 212
73 214
73 215
73 217
73 223
73 228
73 229
73 235
73 236
73 240
73 242
73 243
73 244
73 246
73 250
73 251
75 0
75 1
75 3
75 6
75 8
75 9
75 14
75 18
75 23
75 24
75 25
75 27
75 30
75 31
75 34
75 35
75 40
75 43
75 44
75 45
75 49
75 51
75 52
75 59
75 60
75 64
75 68
75 69
75 70
75 71
75 72
75 73
75 76
75 77
75 78
75 79
75 80
75 86
75 87
75 88
75 89
75 90
75 92
75 95
75 96
75 98
75 99
75 100
75 102
75 105
75 106
75 107
75 110
75 114
75 117
75 123
75 129
75 131
75 133
75 134
75 135
75 139
75 143
75 144
75 145
75 146
75 147
75 151
75 152
75 154
75 155
75 156
75 160
75 162
75 163
75 170
75 173
75 174
75 175
75 176
75 177
75 178
75 179
75 180
75 182
75 183
75 184
75 187
75 189
75 193
75 195
75 198
75 200
75 202
75 204
75 206
75 208
75 210
75 212
75 214
75 215
75 217
75 223
75 228
75 229
75 235
75 236
75 240
75 242
75 243
75 244
75 246
75 250
75 251
76 0
76 1
76 3
76 6
76 8
76 9
76 14
76 18
76 23
76 24
76 25
76 27
76 30
76 31
76 34
76 35
76 40
76 43
76 44
76 45
76 49
76 51
76 52
76 59
76 60
76 64
76 68
76 69
76 70
76 71
76 72
76 73
76 75
76 77
76 78
76 79
76 80
76 86
76 87
76 88
76 89
76 90
76 92
76 95
76 96
76 98
76 99
76 100
76 102
76 105
76 106
76 107
76 110
76 114
76 117
76 123
76 129
76 131
76 133
76 134
76 135
76 139
76 143
76 144
76 145
76 146
76 147
76 151
76 152
76 154
76 155
76 156
76 160
76 162
76 163
76 170
76 173
76 174
76 175
76 176
76 177
76 178
76 179
76 180
76 182
76 183
76 184
76 187
76 189
76 193
76 195
76 198
76 200
76 202
76 204
76 206
76 208
76 210
76 212
76 214
76 215
76 217
76 223
76 228
76 229
76 235
76 236
76 240
76 242
76 243
76 244
76 246
76 250
76 251
77 0
77 1
77 3
77 6
77 8
77 9
77 14
77 18
77 23
77 24
77 25
77 27
77 30
77 31
77 34
77 35
77 40
77 43
77 44
77 45
77 49
77 51
77 52
77 59
77 60
77 64
77 68
77 69
77 70
77 71
77 72
77 73
77 75
77 76
77 78
77 79
77 80
77 86
77 87
77 88
77 89
77 90
77 92
77 95
77 96
77 98
77 99
77 100
77 102
77 105
77 106
77 107
77 110
77 114
77 117
77 123
77 129
77 131
77 133
77 134
77 135
77 139
77 143
77 144
77 145
77 146
77 147
77 151
77 152
77 154
77 155
77 156
77 160
77 162
77 163
77 170
77 173
77 174
77 175
77 176
77 177
77 178
77 179
77 180
77 182
77 183
77 184
77 187
77 189
77 193
77 195
77 198
77 200
77 202
77 204
77 206
77 208
77 210
77 212
77 214
77 215
77 217
77 223
77 228
77 229
77 235
77 236
77 240
77 242
77 243
77 244
77 246
77 250
77 251
78 0
78 1
78 3
78 6
78 8
78 9
78 14
78 18
78 23
78 24
78 25
78 27
78 30
78 31
78 34
78 35
78 40
78 43
78 44
78 45
78 49
78 51
78 52
78 59
78 60
78 64
78 68
78 69
78 70
78 71
78 72
78 73
78 75
78 76
78 77
78 79
78 80
78 86
78 87
78 88
78 89
78 90
78 92
78 95
78 96
78 98
78 99
78 100
78 102
78 105
78 106
78 107
78 110
78 114
78 117
78 123
78 129
78 131
78 133
78 134
78 135
78 139
78 143
78 144
78 145
78 146
78 147
78 151
78 152
78 154
78 155
78 156
78 160
78 162
78 163
78 170
78 173
78 174
78 175
78 176
78 177
78 178
78 179
78 180
78 182
78 183
78 184
78 187
78 189
78 193
78 195
78 198
78 200
78 202
78 204
78 206
78 208
78 210
78 212
78 214
78 215
78 217
78 223
78 228
78 229
78 235
78 236
78 240
78 242
78 243
78 244
78 246
78 250
78 251
79 0
79 1
79 3
79 6
79 8
79 9
79 14
79 18
79 23
79 24
79 25
79 27
79 30
79 31
79 34
79 35
79 40
79 43
79 44
79 45
79 49
79 51
79 52
79 59
79 60
79 64
79 68
79 69
79 70
79 71
79 72
79 73
79 75
79 76
79 77
79 78
79 80
79 86
79 87
79 88
79 89
79 90
79 92
79 95
79 96
79 98
79 99
79 100
79 102
79 105
79 106
79 107
79 110
79 114
79 117
79 123
79 129
79 131
79 133
79 134
79 135
79 139
79 143
79 144
79 145
79 146
79 147
79 151
79 152
79 154
79 155
79 156
79 160
79 162
79 163
79 170
79 173
79 174
79 175
79 176
79 177
79 178
79 179
79 180
79 182
79 183
79 184
79 187
79 189
79 193
79 195
79 198
79 200
79 202
79 204
79 206
79 208
79 210
79 212
79 214
79 215
79 217
79 223
79 228
79 229
79 235
79 236
79 240
79 242
79 243
79 244
79 246
79 250
79 251
80 0
80 1
80 3
80 6
80 8
80 9
80 14
80 18
80 23
80 24
80 25
80 27
80 30
80 31
80 34
80 35
80 40
80 43
80 44
80 45
80 49
80 51
80 52
80 59
80 60
80 64
80 68
80 69
80 70
80 71
80 72
80 73
80 75
80 76
80 77
80 78
80 79
80 86
80 87
80 88
80 89
80 90
80 92
80 95
80 96
80 98
80 99
80 100
80 102
80 105
80 106
80 107
80 110
80 114
80 117
80 123
80 129
80 131
80 133
80 134
80 135
80 139
80 143
80 144
80 145
80 146
80 147
80 151
80 152
80 154
80 155
80 156
80 160
80 162
80 163
80 170
80 173
80 174
80 175
80 176
80 177
80 178
80 179
80 180
80 182
80 183
80 184
80 187
80 189
80 193
80 195
80 198
80 200
80 202
80 204
80 206
80 208
80 210
80 212
80 214
80 215
80 217
80 223
80 228
80 229
80 235
80 236
80 240
80 242
80 243
80 244
80 246
80 250
80 251
81 220
82 230
83 94
83 153
86 0
86 1
86 3
86 6
86 8
86 9
86 14
86 18
86 23
86 24
86 25
86 27
86 30
86 31
86 34
86 35
86 40
86 43
86 44
86 45
86 49
86 51
86 52
86 59
86 60
86 64
86 68
86 69
86 70
86 71
86 72
86 73
86 75
86 76
86 77
86 78
86 79
86 80
86 87
86 88
86 89
86 90
86 92
86 95
86 96
86 98
86 99
86 100
86 102
86 105
86 106
86 107
86 110
86 114
86 117
86 123
86 129
86 131
86 133
86 134
86 135
86 139
86 143
86 144
86 145
86 146
86 147
86 151
86 152
86 154
86 155
86 156
86 160
86 162
86 163
86 170
86 173
86 174
86 175
86 176
86 177
86 178
86 179
86 180
86 182
86 183
86 184
86 187
86 189
86 193
86 195
86 198
86 200
86 202
86 204
86 206
86 208
86 210
86 212
86 214
86 215
86 217
86 223
86 228
86 229
86 235
86 236
86 240
86 242
86 243
86 244
86 246
86 250
86 251
87 0
87 1
87 3
87 6
87 8
87 9
87 14
87 18
87 23
87 24
87 25
87 27
87 30
87 31
87 34
87 35
87 40
87 43
87 44
87 45
87 49
87 51
87 52
87 59
87 60
87 64
87 68
87 69
87 70
87 71
87 72
87 73
87 75
87 76
87 77
87 78
87 79
87 80
87 86
87 88
87 89
87 90
87 92
87 95
87 96
87 98
87 99
87 100
87 102
87 105
87 106
87 107
87 110
87 114
87 117
87 123
87 129
87 131
87 133
87 134
87 135
87 139
87 143
87 144
87 145
87 146
87 147
87 151
87 152
87 154
87 155
87 156
87 160
87 162
87 163
87 170
87 173
87 174
87 175
87 176
87 177
87 178
87 179
87 180
87 182
87 183
87 184
87 187
87 189
87 193
87 195
87 198
87 200
87 202
87 204
87 206
87 208
87 210
87 212
87 214
87 215
87 217
87 223
87 228
87 229
87 235
87 236
87 240
87 242
87 243
87 244
87 246
87 250
87 251
88 0
88 1
88 3
88 6
88 8
88 9
88 14
88 18
88 23
88 24
88 25
88 27
88 30
88 31
88 34
88 35
88 40
88 43
88 44
88 45
88 49
88 51
88 52
88 59
88 60
88 64
88 68
88 69
88 70
88 71
88 72
88 73
88 75
88 76
88 77
88 78
88 79
88 80
88 86
88 87
88 89
88 90
88 92
88 95
88 96
88 98
88 99
88 100
88 102
88 105
88 106
88 107
88 110
88 114
88 117
88 123
88 129
88 131
88 133
88 134
88 135
88 139
88 143
88 144
88 145
88 146
88 147
88 151
88 152
88 154
88 155
88 156
88 160
88 162
88 163
88 170
88 173
88 174
88 175
88 176
88 177
88 178
88 179
88 180
88 182
88 183
88 184
88 187
88 189
88 193
88 195
88 198
88 200
88 202
88 204
88 206
88 208
88 210
88 212
88 214
88 215
88 217
88 223
88 228
88 229
88 235
88 236
88 240
88 242
88 243
88 244
88 246
88 250
88 251
89 0
89 1
89 3
89 6
89 8
89 9
89 14
89 18
89 23
89 24
89 25
89 27
89 30
89 31
89 34
89 35
89 40
89 43
89 44
89 45
89 49
89 51
89 52
89 59
89 60
89 64
89 68
89 69
89 70
89 71
89 72
89 73
89 75
89 76
89 77
89 78
89 79
89 80
89 86
89 87
89 88
89 90
89 92
89 95
89 96
89 98
89 99
89 100
89 102
89 105
89 106
89 107
89 110
89 114
89 117
89 123
89 129
89 131
89 133
89 134
89 135
89 139
89 143
89 144
89 145
89 146
89 147
89 151
89 152
89 154
89 155
89 156
89 160
89 162
89 163
89 170
89 173
89 174
89 175
89 176
89 177
89 178
89 179
89 180
89 182
89 183
89 184
89 187
89 189
89 193
89 195
89 198
89 200
89 202
89 204
89 206
89 208
89 210
89 212
89 214
89 215
89 217
89 223
89 228
89 229
89 235
89 236
89 240
89 242
89 243
89 244
89 246
89 250
89 251
90 0
90 1
90 3
90 6
90 8
90 9
90 14
90 18
90 23
90 24
90 25
90 27
90 30
90 31
90 34
90 35
90 40
90 43
90 44
90 45
90 49
90 51
90 52
90 59
90 60
90 64
90 68
90 69
90 70
90 71
90 72
90 73
90 75
90 76
90 77
90 78
90 79
90 80
90 86
90 87
90 88
90 89
90 92
90 95
90 96
90 98
90 99
90 100
90 102
90 105
90 106
90 107
90 110
90 114
90 117
90 123
90 129
90 131
90 133
90 134
90 135
90 139
90 143
90 144
90 145
90 146
90 147
90 151
90 152
90 154
90 155
90 156
90 160
90 162
90 163
90 170
90 173
90 174
90 175
90 176
90 177
90 178
90 179
90 180
90 182
90 183
90 184
90 187
90 189
90 193
90 195
90 198
90 200
90 202
90 204
90 206
90 208
90 210
90 212
90 214
90 215
90 217
90 223
90 228
90 229
90 235
90 236
90 240
90 242
90 243
90 244
90 246
90 250
90 251
92 0
92 1
92 3
92 6
92 8
92 9
92 14
92 18
92 23
92 24
92 25
92 27
92 30
92 31
92 34
92 35
92 40
92 43
92 44
92 45
92 49
92 51
92 52
92 59
92 60
92 64
92 68
92 69
92 70
92 71
92 72
92 73
92 75
92 76
92 77
92 78
92 79
92 80
92 86
92 87
92 88
92 89
92 90
92 95
92 96
92 98
92 99
92 100
92 102
92 105
92 106
92 107
92 110
92 114
92 117
92 123
92 129
92 131
92 133
92 134
92 135
92 139
92 143
92 144
92 145
92 146
92 147
92 151
92 152
92 154
92 155
92 156
92 160
92 162
92 163
92 170
92 173
92 174
92 175
92 176
92 177
92 178
92 179
92 180
92 182
92 183
92 184
92 187
92 189
92 193
92 195
92 198
92 200
92 202
92 204
92 206
92 208
92 210
92 212
92 214
92 215
92 217
92 223
92 228
92 229
92 235
92 236
92 240
92 242
92 243
92 244
92 246
92 250
92 251
93 33
94 83
94 153
95 0
95 1
95 3
95 6
95 8
95 9
95 14
95 18
95 23
95 24
95 25
95 27
95 30
95 31
95 34
95 35
95 40
95 43
95 44
95 45
95 49
95 51
95 52
95 59
95 60
95 64
95 68
95 69
95 70
95 71
95 72
95 73
95 75
95 76
95 77
95 78
95 79
95 80
95 86
95 87
95 88
95 89
95 90
95 92
95 96
95 98
95 99
95 100
95 102
95 105
95 106
95 107
95 110
95 114
95 117
95 123
95 129
95 131
95 133
95 134
95 135
95 139
95 143
95 144
95 145
95 146
95 147
95 151
95 152
95 154
95 155
95 156
95 160
95 162
95 163
95 170
95 173
95 174
95 175
95 176
95 177
95 178
95 179
95 180
95 182
95 183
95 184
95 187
95 189
95 193
95 195
95 198
95 200
95 202
95 204
95 206
95 208
95 210
95 212
95 214
95 215
95 217
95 223
95 228
95 229
95 235
95 236
95 240
95 242
95 243
95 244
95 246
95 250
95 251
96 0
96 1
96 3
96 6
96 8
96 9
96 14
96 18
96 23
96 24
96 25
96 27
96 30
96 31
96 34
96 35
96 40
96 43
96 44
96 45
96 49
96 51
96 52
96 59
96 60
96 64
96 68
96 69
96 70
96 71
96 72
96 73
96 75
96 76
96 77
96 78
96 79
96 80
96 86
96 87
96 88
96 89
96 90
96 92
96 95
96 98
96 99
96 100
96 102
96 105
96 106
96 107
96 110
96 114
96 117
96 123
96 129
96 131
96 133
96 134
96 135
96 139
96 143
96 144
96 145
96 146
96 147
96 151
96 152
96 154
96 155
96 156
96 160
96 162
96 163
96 170
96 173
96 174
96 175
96 176
96 177
96 178
96 179
96 180
96 182
96 183
96 184
96 187
96 189
96 193
96 195
96 198
96 200
96 202
96 204
96 206
96 208
96 210
96 212
96 214
96 215
96 217
96 223
96 228
96 229
96 235
96 236
96 240
96 242
96 243
96 244
96 246
96 250
96 251
98 0
98 1
98 3
98 6
98 8
98 9
98 14
98 18
98 23
98 24
98 25
98 27
98 30
98 31
98 34
98 35
98 40
98 43
98 44
98 45
98 49
98 51
98 52
98 59
98 60
98 64
98 68
98 69
98 70
98 71
98 72
98 73
98 75
98 76
98 77
98 78
98 79
98 80
98 86
98 87
98 88
98 89
98 90
98 92
98 95
98 96
98 99
98 100
98 102
98 105
98 106
98 107
98 110
98 114
98 117
98 123
98 129
98 131
98 133
98 134
98 135
98 139
98 143
98 144
98 145
98 146
98 147
98 151
98 152
98 154
98 155
98 156
98 160
98 162
98 163
98 170
98 173
98 174
98 175
98 176
98 177
98 178
98 179
98 180
98 182
98 183
98 184
98 187
98 189
98 193
98 195
98 198
98 200
98 202
98 204
98 206
98 208
98 210
98 212
98 214
98 215
98 217
98 223
98 228
98 229
98 235
98 236
98 240
98 242
98 243
98 244
98 246
98 250
98 251
99 0
99 1
99 3
99 6
99 8
99 9
99 14
99 18
99 23
99 24
99 25
99 27
99 30
99 31
99 34
99 35
99 40
99 43
99 44
99 45
99 49
99 51
99 52
99 59
99 60
99 64
99 68
99 69
99 70
99 71
99 72
99 73
99 75
99 76
99 77
99 78
99 79
99 80
99 86
99 87
99 88
99 89
99 90
99 92
99 95
99 96
99 98
99 100
99 102
99 105
99 106
99 107
99 110
99 114
99 117
99 123
99 129
99 131
99 133
99 134
99 135
99 139
99 143
99 144
99 145
99 146
99 147
99 151
99 152
99 154
99 155
99 156
99 160
99 162
99 163
99 170
99 173
99 174
99 175
99 176
99 177
99 178
99 179
99 180
99 182
99 183
99 184
99 187
99 189
99 193
99 195
99 198
99 200
99 202
99 204
99 206
99 208
99 210
99 212
99 214
99 215
99 217
99 223
99 228
99 229
99 235
99 236
99 240
99 242
99 243
99 244
99 246
99 250
99 251
100 0
100 1
100 3
100 6
100 8
100 9
100 14
100 18
100 23
100 24
100 25
100 27
100 30
100 31
100 34
100 35
100 40
100 43
100 44
100 45
100 49
100 51
100 52
100 59
100 60
100 64
100 68
100 69
100 70
100 71
100 72
100 73
100 75
100 76
100 77
100 78
100 79
100 80
100 86
100 87
100 88
100 89
100 90
100 92
100 95
100 96
100 98
100 99
100 102
100 105
100 106
100 107
100 110
100 114
100 117
100 123
100 129
100 131
100 133
100 134
100 135
100 139
100 143
100 144
100 145
100 146
100 147
100 151
100 152
100 154
100 155
100 156
100 160
100 162
100 163
100 170
100 173
100 174
100 175
100 176
100 177
100 178
100 179
100 180
100 182
100 183
100 184
100 187
100 189
100 193
100 195
100 198
100 200
100 202
100 204
100 206
100 208
100 210
100 212
100 214
100 215
100 217
100 223
100 228
100 229
100 235
100 236
100 240
100 242
100 243
100 244
100 246
100 250
100 251
101 11
101 63
101 66
101 111
102 0
102 1
102 3
102 6
102 8
102 9
102 14
102 18
102 23
102 24
102 25
102 27
102 30
102 31
102 34
102 35
102 40
102 43
102 44
102 45
102 49
102 51
102 52
102 59
102 60
102 64
102 68
102 69
102 70
102 71
102 72
102 73
102 75
102 76
102 77
102 78
102 79
102 80
102 86
102 87
102 88
102 89
102 90
102 92
102 95
102 96
102 98
102 99
102 100
102 105
102 106
102 107
102 110
102 114
102 117
102 123
102 129
102 131
102 133
102 134
102 135
102 139
102 143
102 144
102 145
102 146
102 147
102 151
102 152
102 154
102 155
102 156
102 160
102 162
102 163
102 170
102 173
102 174
102 175
102 176
102 177
102 178
102 179
102 180
102 182
102 183
102 184
102 187
102 189
102 193
102 195
102 198
102 200
102 202
102 204
102 206
102 208
102 210
102 212
102 214
102 215
102 217
102 223
102 228
102 229
102 235
102 236
102 240
102 242
102 243
102 244
102 246
102 250
102 251
105 0
105 1
105 3
105 6
105 8
105 9
105 14
105 18
105 23
105 24
105 25
105 27
105 30
105 31
105 34
105 35
105 40
105 43
105 44
105 45
105 49
105 51
105 52
105 59
105 60
105 64
105 68
105 69
105 70
105 71
105 72
105 73
105 75
105 76
105 77
105 78
105 79
105 80
105 86
105 87
105 88
105 89
105 90
105 92
105 95
105 96
105 98
105 99
105 100
105 102
105 106
105 107
105 110
105 114
105 117
105 123
105 129
105 131
105 133
105 134
105 135
105 139
105 143
105 144
105 145
105 146
105 147
105 151
105 152
105 154
105 155
105 156
105 160
105 162
105 163
105 170
105 173
105 174
105 175
105 176
105 177
105 178
105 179
105 180
105 182
105 183
105 184
105 187
105 189
105 193
105 195
105 198
105 200
105 202
105 204
105 206
105 208
105 210
105 212
105 214
105 215
105 217
105 223
105 228
105 229
105 235
105 236
105 240
105 242
105 243
105 244
105 246
105 250
105 251
106 0
106 1
106 3
106 6
106 8
106 9
106 14
106 18
106 23
106 24
106 25
106 27
106 30
106 31
106 34
106 35
106 40
106 43
106 44
106 45
106 49
106 51
106 52
106 59
106 60
106 64
106 68
106 69
106 70
106 71
106 72
106 73
106 75
106 76
106 77
106 78
106 79
106 80
106 86
106 87
106 88
106 89
106 90
106 92
106 95
106 96
106 98
106 99
106 100
106 102
106 105
106 107
106 110
106 114
106 117
106 123
106 129
106 131
106 133
106 134
106 135
106 139
106 143
106 144
106 145
106 146
106 147
106 151
106 152
106 154
106 155
106 156
106 160
106 162
106 163
106 170
106 173
106 174
106 175
106 176
106 177
106 178
106 179
106 180
106 182
106 183
106 184
106 187
106 189
106 193
106 195
106 198
106 200
106 202
106 204
106 206
106 208
106 210
106 212
106 214
106 215
106 217
106 223
106 228
106 229
106 235
106 236
106 240
106 242
106 243
106 244
106 246
106 250
106 251
107 0
107 1
107 3
107 6
107 8
107 9
107 14
107 18
107 23
107 24
107 25
107 27
107 30
107 31
107 34
107 35
107 40
107 43
107 44
107 45
107 49
107 51
107 52
107 59
107 60
107 64
107 68
107 69
107 70
107 71
107 72
107 73
107 75
107 76
107 77
107 78
107 79
107 80
107 86
107 87
107 88
107 89
107 90
107 92
107 95
107 96
107 98
107 99
107 100
107 102
107 105
107 106
107 110
107 114
107 117
107 123
107 129
107 131
107 133
107 134
107 135
107 139
107 143
107 144
107 145
107 146
107 147
107 151
107 152
107 154
107 155
107 156
107 160
107 162
107 163
107 170
107 173
107 174
107 175
107 176
107 177
107 178
107 179
107 180
107 182
107 183
107 184
107 187
107 189
107 193
107 195
107 198
107 200
107 202
107 204
107 206
107 208
107 210
107 212
107 214
107 215
107 217
107 223
107 228
107 229
107 235
107 236
107 240
107 242
107 243
107 244
107 246
107 250
107 251
110 0
110 1
110 3
110 6
110 8
110 9
110 14
110 18
110 23
110 24
110 25
110 27
110 30
110 31
110 34
110 35
110 40
110 43
110 44
110 45
110 49
110 51
110 52
110 59
110 60
110 64
110 68
110 69
110 70
110 71
110 72
110 73
110 75
110 76
110 77
110 78
110 79
110 80
110 86
110 87
110 88
110 89
110 90
110 92
110 95
110 96
110 98
110 99
110 100
110 102
110 105
110 106
110 107
110 114
110 117
110 123
110 129
110 131
110 133
110 134
110 135
110 139
110 143
110 144
110 145
110 146
110 147
110 151
110 152
110 154
110 155
110 156
110 160
110 162
110 163
110 170
110 173
110 174
110 175
110 176
110 177
110 178
110 179
110 180
110 182
110 183
110 184
110 187
110 189
110 193
110 195
110 198
110 200
110 202
110 204
110 206
110 208
110 210
110 212
110 214
110 215
110 217
110 223
110 228
110 229
110 235
110 236
110 240
110 242
110 243
110 244
110 246
110 250
110 251
111 11
111 63
111 66
111 101
114 0
114 1
114 3
114 6
114 8
114 9
114 14
114 18
114 23
114 24
114 25
114 27
114 30
114 31
114 34
114 35
114 40
114 43
114 44
114 45
114 49
114 51
114 52
114 59
114 60
114 64
114 68
114 69
114 70
114 71
114 72
114 73
114 75
114 76
114 77
114 78
114 79
114 80
114 86
114 87
114 88
114 89
114 90
114 92
114 95
114 96
114 98
114 99
114 100
114 102
114 105
114 106
114 107
114 110
114 117
114 123
114 129
114 131
114 133
114 134
114 135
114 139
114 143
114 144
114 145
114 146
114 147
114 151
114 152
114 154
114 155
114 156
114 160
114 162
114 163
114 170
114 173
114 174
114 175
114 176
114 177
114 178
114 179
114 180
114 182
114 183
114 184
114 187
114 189
114 193
114 195
114 198
114 200
114 202
114 204
114 206
114 208
114 210
114 212
114 214
114 215
114 217
114 223
114 228
114 229
114 235
114 236
114 240
114 242
114 243
114 244
114 246
114 250
114 251
115 13
115 67
116 241
117 0
117 1
117 3
117 6
117 8
117 9
117 14
117 18
117 23
117 24
117 25
117 27
117 30
117 31
117 34
117 35
117 40
117 43
117 44
117 45
117 49
117 51
117 52
117 59
117 60
117 64
117 68
117 69
117 70
117 71
117 72
117 73
117 75
117 76
117 77
117 78
117 79
117 80
117 86
117 87
117 88
117 89
117 90
117 92
117 95
117 96
117 98
117 99
117 100
117 102
117 105
117 106
117 107
117 110
117 114
117 123
117 129
117 131
117 133
117 134
117 135
117 139
117 143
117 144
117 145
117 146
117 147
117 151
117 152
117 154
117 155
117 156
117 160
117 162
117 163
117 170
117 173
117 174
117 175
117 176
117 177
117 178
117 179
117 180
117 182
117 183
117 184
117 187
117 189
117 193
117 195
117 198
117 200
117 202
117 204
117 206
117 208
117 210
117 212
117 214
117 215
117 217
117 223
117 228
117 229
117 235
117 236
117 240
117 242
117 243
117 244
117 246
117 250
117 251
123 0
123 1
123 3
123 6
123 8
123 9
123 14
123 18
123 23
123 24
123 25
123 27
123 30
123 31
123 34
123 35
123 40
123 43
123 44
123 45
123 49
123 51
123 52
123 59
123 60
123 64
123 68
123 69
123 70
123 71
123 72
123 73
123 75
123 76
123 77
123 78
123 79
123 80
123 86
123 87
123 88
123 89
123 90
123 92
123 95
123 96
123 98
123 99
123 100
123 102
123 105
123 106
123 107
123 110
123 114
123 117
123 129
123 131
123 133
123 134
123 135
123 139
123 143
123 144
123 145
123 146
123 147
123 151
123 152
123 154
123 155
123 156
123 160
123 162
123 163
123 170
123 173
123 174
123 175
123 176
123 177
123 178
123 179
123 180
123 182
123 183
123 184
123 187
123 189
123 193
123 195
123 198
123 200
123 202
123 204
123 206
123 208
123 210
123 212
123 214
123 215
123 217
123 223
123 228
123 229
123 235
123 236
123 240
123 242
123 243
123 244
123 246
123 250
123 251
124 17
124 46
124 57
124 190
124 238
128 10
129 0
129 1
129 3
129 6
129 8
129 9
129 14
129 18
129 23
129 24
129 25
129 27
129 30
129 31
129 34
129 35
129 40
129 43
129 44
129 45
129 49
129 51
129 52
129 59
129 60
129 64
129 68
129 69
129 70
129 71
129 72
129 73
129 75
129 76
129 77
129 78
129 79
129 80
129 86
129 87
129 88
129 89
129 90
129 92
129 95
129 96
129 98
129 99
129 100
129 102
129 105
129 106
129 107
129 110
129 114
129 117
129 123
129 131
129 133
129 134
129 135
129 139
129 143
129 144
129 145
129 146
129 147
129 151
129 152
129 154
129 155
129 156
129 160
129 162
129 163
129 170
129 173
129 174
129 175
129 176
129 177
129 178
129 179
129 180
129 182
129 183
129 184
129 187
129 189
129 193
129 195
129 198
129 200
129 202
129 204
129 206
129 208
129 210
129 212
129 214
129 215
129 217
129 223
129 228
129 229
129 235
129 236
129 240
129 242
129 243
129 244
129 246
129 250
129 251
131 0
131 1
131 3
131 6
131 8
131 9
131 14
131 18
131 23
131 24
131 25
131 27
131 30
131 31
131 34
131 35
131 40
131 43
131 44
131 45
131 49
131 51
131 52
131 59
131 60
131 64
131 68
131 69
131 70
131 71
131 72
131 73
131 75
131 76
131 77
131 78
131 79
131 80
131 86
131 87
131 88
131 89
131 90
131 92
131 95
131 96
131 98
131 99
131 100
131 102
131 105
131 106
131 107
131 110
131 114
131 117
131 123
131 129
131 133
131 134
131 135
131 139
131 143
131 144
131 145
131 146
131 147
131 151
131 152
131 154
131 155
131 156
131 160
131 162
131 163
131 170
131 173
131 174
131 175
131 176
131 177
131 178
131 179
131 180
131 182
131 183
131 184
131 187
131 189
131 193
131 195
131 198
131 200
131 202
131 204
131 206
131 208
131 210
131 212
131 214
131 215
131 217
131 223
131 228
131 229
131 235
131 236
131 240
131 242
131 243
131 244
131 246
131 250
131 251
133 0
133 1
133 3
133 6
133 8
133 9
133 14
133 18
133 23
133 24
133 25
133 27
133 30
133 31
133 34
133 35
133 40
133 43
133 44
133 45
133 49
133 51
133 52
133 59
133 60
133 64
133 68
133 69
133 70
133 71
133 72
133 73
133 75
133 76
133 77
133 78
133 79
133 80
133 86
133 87
133 88
133 89
133 90
133 92
133 95
133 96
133 98
133 99
133 100
133 102
133 105
133 106
133 107
133 110
133 114
133 117
133 123
133 129
133 131
133 134
133 135
133 139
133 143
133 144
133 145
133 146
133 147
133 151
133 152
133 154
133 155
133 156
133 160
133 162
133 163
133 170
133 173
133 174
133 175
133 176
133 177
133 178
133 179
133 180
133 182
133 183
133 184
133 187
133 189
133 193
133 195
133 198
133 200
133 202
133 204
133 206
133 208
133 210
133 212
133 214
133 215
133 217
133 223
133 228
133 229
133 235
133 236
133 240
133 242
133 243
133 244
133 246
133 250
133 251
134 0
134 1
134 3
134 6
134 8
134 9
134 14
134 18
134 23
134 24
134 25
134 27
134 30
134 31
134 34
134 35
134 40
134 43
134 44
134 45
134 49
134 51
134 52
134 59
134 60
134 64
134 68
134 69
134 70
134 71
134 72
134 73
134 75
134 76
134 77
134 78
134 79
134 80
134 86
134 87
134 88
134 89
134 90
134 92
134 95
134 96
134 98
134 99
134 100
134 102
134 105
134 106
134 107
134 110
134 114
134 117
134 123
134 129
134 131
134 133
134 135
134 139
134 143
134 144
134 145
134 146
134 147
134 151
134 152
134 154
134 155
134 156
134 160
134 162
134 163
134 170
134 173
134 174
134 175
134 176
134 177
134 178
134 179
134 180
134 182
134 183
134 184
134 187
134 189
134 193
134 195
134 198
134 200
134 202
134 204
134 206
134 208
134 210
134 212
134 214
134 215
134 217
134 223
134 228
134 229
134 235
134 236
134 240
134 242
134 243
134 244
134 246
134 250
134 251
135 0
135 1
135 3
135 6
135 8
135 9
135 14
135 18
135 23
135 24
135 25
135 27
135 30
135 31
135 34
135 35
135 40
135 43
135 44
135 45
135 49
135 51
135 52
135 59
135 60
135 64
135 68
135 69
135 70
135 71
135 72
135 73
135 75
135 76
135 77
135 78
135 79
135 80
135 86
135 87
135 88
135 89
135 90
135 92
135 95
135 96
135 98
135 99
135 100
135 102
135 105
135 106
135 107
135 110
135 114
135 117
135 123
135 129
135 131
135 133
135 134
135 139
135 143
135 144
135 145
135 146
135 147
135 151
135 152
135 154
135 155
135 156
135 160
135 162
135 163
135 170
135 173
135 174
135 175
135 176
135 177
135 178
135 179
135 180
135 182
135 183
135 184
135 187
135 189
135 193
135 195
135 198
135 200
135 202
135 204
135 206
135 208
135 210
135 212
135 214
135 215
135 217
135 223
135 228
135 229
135 235
135 236
135 240
135 242
135 243
135 244
135 246
135 250
135 251
139 0
139 1
139 3
139 6
139 8
139 9
139 14
139 18
139 23
139 24
139 25
139 27
139 30
139 31
139 34
139 35
139 40
139 43
139 44
139 45
139 49
139 51
139 52
139 59
139 60
139 64
139 68
139 69
139 70
139 71
139 72
139 73
139 75
139 76
139 77
139 78
139 79
139 80
139 86
139 87
139 88
139 89
139 90
139 92
139 95
139 96
139 98
139 99
139 100
139 102
139 105
139 106
139 107
139 110
139 114
139 117
139 123
139 129
139 131
139 133
139 134
139 135
139 143
139 144
139 145
139 146
139 147
139 151
139 152
139 154
139 155
139 156
139 160
139 162
139 163
139 170
139 173
139 174
139 175
139 176
139 177
139 178
139 179
139 180
139 182
139 183
139 184
139 187
139 189
139 193
139 195
139 198
139 200
139 202
139 204
139 206
139 208
139 210
139 212
139 214
139 215
139 217
139 223
139 228
139 229
139 235
139 236
139 240
139 242
139 243
139 244
139 246
139 250
139 251
140 5
140 150
140 216
140 221
140 252
141 203
142 245
143 0
143 1
143 3
143 6
143 8
143 9
143 14
143 18
143 23
143 24
143 25
143 27
143 30
143 31
143 34
143 35
143 40
143 43
143 44
143 45
143 49
143 51
143 52
143 59
143 60
143 64
143 68
143 69
143 70
143 71
143 72
143 73
143 75
143 76
143 77
143 78
143 79
143 80
143 86
143 87
143 88
143 89
143 90
143 92
143 95
143 96
143 98
143 99
143 100
143 102
143 105
143 106
143 107
143 110
143 114
143 117
143 123
143 129
143 131
143 133
143 134
143 135
143 139
143 144
143 145
143 146
143 147
143 151
143 152
143 154
143 155
143 156
143 160
143 162
143 163
143 170
143 173
143 174
143 175
143 176
143 177
143 178
143 179
143 180
143 182
143 183
143 184
143 187
143 189
143 193
143 195
143 198
143 200
143 202
143 204
143 206
143 208
143 210
143 212
143 214
143 215
143 217
143 223
143 228
143 229
143 235
143 236
143 240
143 242
143 243
143 244
143 246
143 250
143 251
144 0
144 1
144 3
144 6
144 8
144 9
144 14
144 18
144 23
144 24
144 25
144 27
144 30
144 31
144 34
144 35
144 40
144 43
144 44
144 45
144 49
144 51
144 52
144 59
144 60
144 64
144 68
144 69
144 70
144 71
144 72
144 73
144 75
144 76
144 77
144 78
144 79
144 80
144 86
144 87
144 88
144 89
144 90
144 92
144 95
144 96
144 98
144 99
144 100
144 102
144 105
144 106
144 107
144 110
144 114
144 117
144 123
144 129
144 131
144 133
144 134
144 135
144 139
144 143
144 145
144 146
144 147
144 151
144 152
144 154
144 155
144 156
144 160
144 162
144 163
144 170
144 173
144 174
144 175
144 176
144 177
144 178
144 179
144 180
144 182
144 183
144 184
144 187
144 189
144 193
144 195
144 198
144 200
144 202
144 204
144 206
144 208
144 210
144 212
144 214
144 215
144 217
144 223
144 228
144 229
144 235
144 236
144 240
144 242
144 243
144 244
144 246
144 250
144 251
145 0
145 1
145 3
145 6
145 8
145 9
145 14
145 18
145 23
145 24
145 25
145 27
145 30
145 31
145 34
145 35
145 40
145 43
145 44
145 45
145 49
145 51
145 52
145 59
145 60
145 64
145 68
145 69
145 70
145 71
145 72
145 73
145 75
145 76
145 77
145 78
145 79
145 80
145 86
145 87
145 88
145 89
145 90
145 92
145 95
145 96
145 98
145 99
145 100
145 102
145 105
145 106
145 107
145 110
145 114
145 117
145 123
145 129
145 131
145 133
145 134
145 135
145 139
145 143
145 144
145 146
145 147
145 151
145 152
145 154
145 155
145 156
145 160
145 162
145 163
145 170
145 173
145 174
145 175
145 176
145 177
145 178
145 179
145 180
145 182
145 183
145 184
145 187
145 189
145 193
145 195
145 198
145 200
145 202
145 204
145 206
145 208
145 210
145 212
145 214
145 215
145 217
145 223
145 228
145 229
145 235
145 236
145 240
145 242
145 243
145 244
145 246
145 250
145 251
146 0
146 1
146 3
146 6
146 8
146 9
146 14
146 18
146 23
146 24
146 25
146 27
146 30
146 31
146 34
146 35
146 40
146 43
146 44
146 45
146 49
146 51
146 52
146 59
146 60
146 64
146 68
146 69
146 70
146 71
146 72
146 73
146 75
146 76
146 77
146 78
146 79
146 80
146 86
146 87
146 88
146 89
146 90
146 92
146 95
146 96
146 98
146 99
146 100
146 102
146 105
146 106
146 107
146 110
146 114
146 117
146 123
146 129
146 131
146 133
146 134
146 135
146 139
146 143
146 144
146 145
146 147
146 151
146 152
146 154
146 155
146 156
146 160
146 162
146 163
146 170
146 173
146 174
146 175
146 176
146 177
146 178
146 179
146 180
146 182
146 183
146 184
146 187
146 189
146 193
146 195
146 198
146 200
146 202
146 204
146 206
146 208
146 210
146 212
146 214
146 215
146 217
146 223
146 228
146 229
146 235
146 236
146 240
146 242
146 243
146 244
146 246
146 250
146 251
147 0
147 1
147 3
147 6
147 8
147 9
147 14
147 18
147 23
147 24
147 25
147 27
147 30
147 31
147 34
147 35
147 40
147 43
147 44
147 45
147 49
147 51
147 52
147 59
147 60
147 64
147 68
147 69
147 70
147 71
147 72
147 73
147 75
147 76
147 77
147 78
147 79
147 80
147 86
147 87
147 88
147 89
147 90
147 92
147 95
147 96
147 98
147 99
147 100
147 102
147 105
147 106
147 107
147 110
147 114
147 117
147 123
147 129
147 131
147 133
147 134
147 135
147 139
147 143
147 144
147 145
147 146
147 151
147 152
147 154
147 155
147 156
147 160
147 162
147 163
147 170
147 173
147 174
147 175
147 176
147 177
147 178
147 179
147 180
147 182
147 183
147 184
147 187
147 189
147 193
147 195
147 198
147 200
147 202
147 204
147 206
147 208
147 210
147 212
147 214
147 215
147 217
147 223
147 228
147 229
147 235
147 236
147 240
147 242
147 243
147 244
147 246
147 250
147 251
149 199
150 5
150 140
150 216
150 221
150 252
151 0
151 1
151 3
151 6
151 8
151 9
151 14
151 18
151 23
151 24
151 25
151 27
151 30
151 31
151 34
151 35
151 40
151 43
151 44
151 45
151 49
151 51
151 52
151 59
151 60
151 64
151 68
151 69
151 70
151 71
151 72
151 73
151 75
151 76
151 77
151 78
151 79
151 80
151 86
151 87
151 88
151 89
151 90
151 92
151 95
151 96
151 98
151 99
151 100
151 102
151 105
151 106
151 107
151 110
151 114
151 117
151 123
151 129
151 131
151 133
151 134
151 135
151 139
151 143
151 144
151 145
151 146
151 147
151 152
151 154
151 155
151 156
151 160
151 162
151 163
151 170
151 173
151 174
151 175
151 176
151 177
151 178
151 179
151 180
151 182
151 183
151 184
151 187
151 189
151 193
151 195
151 198
151 200
151 202
151 204
151 206
151 208
151 210
151 212
151 214
151 215
151 217
151 223
151 228
151 229
151 235
151 236
151 240
151 242
151 243
151 244
151 246
151 250
151 251
152 0
152 1
152 3
152 6
152 8
152 9
152 14
152 18
152 23
152 24
152 25
152 27
152 30
152 31
152 34
152 35
152 40
152 43
152 44
152 45
152 49
152 51
152 52
152 59
152 60
152 64
152 68
152 69
152 70
152 71
152 72
152 73
152 75
152 76
152 77
152 78
152 79
152 80
152 86
152 87
152 88
152 89
152 90
152 92
152 95
152 96
152 98
152 99
152 100
152 102
152 105
152 106
152 107
152 110
152 114
152 117
152 123
152 129
152 131
152 133
152 134
152 135
152 139
152 143
152 144
152 145
152 146
152 147
152 151
152 154
152 155
152 156
152 160
152 162
152 163
152 170
152 173
152 174
152 175
152 176
152 177
152 178
152 179
152 180
152 182
152 183
152 184
152 187
152 189
152 193
152 195
152 198
152 200
152 202
152 204
152 206
152 208
152 210
152 212
152 214
152 215
152 217
152 223
152 228
152 229
152 235
152 236
152 240
152 242
152 243
152 244
152 246
152 250
152 251
153 83
153 94
154 0
154 1
154 3
154 6
154 8
154 9
154 14
154 18
154 23
154 24
154 25
154 27
154 30
154 31
154 34
154 35
154 40
154 43
154 44
154 45
154 49
154 51
154 52
154 59
154 60
154 64
154 68
154 69
154 70
154 71
154 72
154 73
154 75
154 76
154 77
154 78
154 79
154 80
154 86
154 87
154 88
154 89
154 90
154 92
154 95
154 96
154 98
154 99
154 100
154 102
154 105
154 106
154 107
154 110
154 114
154 117
154 123
154 129
154 131
154 133
154 134
154 135
154 139
154 143
154 144
154 145
154 146
154 147
154 151
154 152
154 155
154 156
154 160
154 162
154 163
154 170
154 173
154 174
154 175
154 176
154 177
154 178
154 179
154 180
154 182
154 183
154 184
154 187
154 189
154 193
154 195
154 198
154 200
154 202
154 204
154 206
154 208
154 210
154 212
154 214
154 215
154 217
154 223
154 228
154 229
154 235
154 236
154 240
154 242
154 243
154 244
154 246
154 250
154 251
155 0
155 1
155 3
155 6
155 8
155 9
155 14
155 18
155 23
155 24
155 25
155 27
155 30
155 31
155 34
155 35
155 40
155 43
155 44
155 45
155 49
155 51
155 52
155 59
155 60
155 64
155 68
155 69
155 70
155 71
155 72
155 73
155 75
155 76
155 77
155 78
155 79
155 80
155 86
155 87
155 88
155 89
155 90
155 92
155 95
155 96
155 98
155 99
155 100
155 102
155 105
155 106
155 107
155 110
155 114
155 117
155 123
155 129
155 131
155 133
155 134
155 135
155 139
155 143
155 144
155 145
155 146
155 147
155 151
155 152
155 154
155 156
155 160
155 162
155 163
155 170
155 173
155 174
155 175
155 176
155 177
155 178
155 179
155 180
155 182
155 183
155 184
155 187
155 189
155 193
155 195
155 198
155 200
155 202
155 204
155 206
155 208
155 210
155 212
155 214
155 215
155 217
155 223
155 228
155 229
155 235
155 236
155 240
155 242
155 243
155 244
155 246
155 250
155 251
156 0
156 1
156 3
156 6
156 8
156 9
156 14
156 18
156 23
156 24
156 25
156 27
156 30
156 31
156 34
156 35
156 40
156 43
156 44
156 45
156 49
156 51
156 52
156 59
156 60
156 64
156 68
156 69
156 70
156 71
156 72
156 73
156 75
156 76
156 77
156 78
156 79
156 80
156 86
156 87
156 88
156 89
156 90
156 92
156 95
156 96
156 98
156 99
156 100
156 102
156 105
156 106
156 107
156 110
156 114
156 117
156 123
156 129
156 131
156 133
156 134
156 135
156 139
156 143
156 144
156 145
156 146
156 147
156 151
156 152
156 154
156 155
156 160
156 162
156 163
156 170
156 173
156 174
156 175
156 176
156 177
156 178
156 179
156 180
156 182
156 183
156 184
156 187
156 189
156 193
156 195
156 198
156 200
156 202
156 204
156 206
156 208
156 210
156 212
156 214
156 215
156 217
156 223
156 228
156 229
156 235
156 236
156 240
156 242
156 243
156 244
156 246
156 250
156 251
160 0
160 1
160 3
160 6
160 8
160 9
160 14
160 18
160 23
160 24
160 25
160 27
160 30
160 31
160 34
160 35
160 40
160 43
160 44
160 45
160 49
160 51
160 52
160 59
160 60
160 64
160 68
160 69
160 70
160 71
160 72
160 73
160 75
160 76
160 77
160 78
160 79
160 80
160 86
160 87
160 88
160 89
160 90
160 92
160 95
160 96
160 98
160 99
160 100
160 102
160 105
160 106
160 107
160 110
160 114
160 117
160 123
160 129
160 131
160 133
160 134
160 135
160 139
160 143
160 144
160 145
160 146
160 147
160 151
160 152
160 154
160 155
160 156
160 162
160 163
160 170
160 173
160 174
160 175
160 176
160 177
160 178
160 179
160 180
160 182
160 183
160 184
160 187
160 189
160 193
160 195
160 198
160 200
160 202
160 204
160 206
160 208
160 210
160 212
160 214
160 215
160 217
160 223
160 228
160 229
160 235
160 236
160 240
160 242
160 243
160 244
160 246
160 250
160 251
161 254
162 0
162 1
162 3
162 6
162 8
162 9
162 14
162 18
162 23
162 24
162 25
162 27
162 30
162 31
162 34
162 35
162 40
162 43
162 44
162 45
162 49
162 51
162 52
162 59
162 60
162 64
162 68
162 69
162 70
162 71
162 72
162 73
162 75
162 76
162 77
162 78
162 79
162 80
162 86
162 87
162 88
162 89
162 90
162 92
162 95
162 96
162 98
162 99
162 100
162 102
162 105
162 106
162 107
162 110
162 114
162 117
162 123
162 129
162 131
162 133
162 134
162 135
162 139
162 143
162 144
162 145
162 146
162 147
162 151
162 152
162 154
162 155
162 156
162 160
162 163
162 170
162 173
162 174
162 175
162 176
162 177
162 178
162 179
162 180
162 182
162 183
162 184
162 187
162 189
162 193
162 195
162 198
162 200
162 202
162 204
162 206
162 208
162 210
162 212
162 214
162 215
162 217
162 223
162 228
162 229
162 235
162 236
162 240
162 242
162 243
162 244
162 246
162 250
162 251
163 0
163 1
163 3
163 6
163 8
163 9
163 14
163 18
163 23
163 24
163 25
163 27
163 30
163 31
163 34
163 35
163 40
163 43
163 44
163 45
163 49
163 51
163 52
163 59
163 60
163 64
163 68
163 69
163 70
163 71
163 72
163 73
163 75
163 76
163 77
163 78
163 79
163 80
163 86
163 87
163 88
163 89
163 90
163 92
163 95
163 96
163 98
163 99
163 100
163 102
163 105
163 106
163 107
163 110
163 114
163 117
163 123
163 129
163 131
163 133
163 134
163 135
163 139
163 143
163 144
163 145
163 146
163 147
163 151
163 152
163 154
163 155
163 156
163 160
163 162
163 170
163 173
163 174
163 175
163 176
163 177
163 178
163 179
163 180
163 182
163 183
163 184
163 187
163 189
163 193
163 195
163 198
163 200
163 202
163 204
163 206
163 208
163 210
163 212
163 214
163 215
163 217
163 223
163 228
163 229
163 235
163 236
163 240
163 242
163 243
163 244
163 246
163 250
163 251
168 188
168 213
169 20
170 0
170 1
170 3
170 6
170 8
170 9
170 14
170 18
170 23
170 24
170 25
170 27
170 30
170 31
170 34
170 35
170 40
170 43
170 44
170 45
170 49
170 51
170 52
170 59
170 60
170 64
170 68
170 69
170 70
170 71
170 72
170 73
170 75
170 76
170 77
170 78
170 79
170 80
170 86
170 87
170 88
170 89
170 90
170 92
170 95
170 96
170 98
170 99
170 100
170 102
170 105
170 106
170 107
170 110
170 114
170 117
170 123
170 129
170 131
170 133
170 134
170 135
170 139
170 143
170 144
170 145
170 146
170 147
170 151
170 152
170 154
170 155
170 156
170 160
170 162
170 163
170 173
170 174
170 175
170 176
170 177
170 178
170 179
170 180
170 182
170 183
170 184
170 187
170 189
170 193
170 195
170 198
170 200
170 202
170 204
170 206
170 208
170 210
170 212
170 214
170 215
170 217
170 223
170 228
170 229
170 235
170 236
170 240
170 242
170 243
170 244
170 246
170 250
170 251
173 0
173 1
173 3
173 6
173 8
173 9
173 14
173 18
173 23
173 24
173 25
173 27
173 30
173 31
173 34
173 35
173 40
173 43
173 44
173 45
173 49
173 51
173 52
173 59
173 60
173 64
173 68
173 69
173 70
173 71
173 72
173 73
173 75
173 76
173 77
173 78
173 79
173 80
173 86
173 87
173 88
173 89
173 90
173 92
173 95
173 96
173 98
173 99
173 100
173 102
173 105
173 106
173 107
173 110
173 114
173 117
173 123
173 129
173 131
173 133
173 134
173 135
173 139
173 143
173 144
173 145
173 146
173 147
173 151
173 152
173 154
173 155
173 156
173 160
173 162
173 163
173 170
173 174
173 175
173 176
173 177
173 178
173 179
173 180
173 182
173 183
173 184
173 187
173 189
173 193
173 195
173 198
173 200
173 202
173 204
173 206
173 208
173 210
173 212
173 214
173 215
173 217
173 223
173 228
173 229
173 235
173 236
173 240
173 242
173 243
173 244
173 246
173 250
173 251
174 0
174 1
174 3
174 6
174 8
174 9
174 14
174 18
174 23
174 24
174 25
174 27
174 30
174 31
174 34
174 35
174 40
174 43
174 44
174 45
174 49
174 51
174 52
174 59
174 60
174 64
174 68
174 69
174 70
174 71
174 72
174 73
174 75
174 76
174 77
174 78
174 79
174 80
174 86
174 87
174 88
174 89
174 90
174 92
174 95
174 96
174 98
174 99
174 100
174 102
174 105
174 106
174 107
174 110
174 114
174 117
174 123
174 129
174 131
174 133
174 134
174 135
174 139
174 143
174 144
174 145
174 146
174 147
174 151
174 152
174 154
174 155
174 156
174 160
174 162
174 163
174 170
174 173
174 175
174 176
174 177
174 178
174 179
174 180
174 182
174 183
174 184
174 187
174 189
174 193
174 195
174 198
174 200
174 202
174 204
174 206
174 208
174 210
174 212
174 214
174 215
174 217
174 223
174 228
174 229
174 235
174 236
174 240
174 242
174 243
174 244
174 246
174 250
174 251
175 0
175 1
175 3
175 6
175 8
175 9
175 14
175 18
175 23
175 24
175 25
175 27
175 30
175 31
175 34
175 35
175 40
175 43
175 44
175 45
175 49
175 51
175 52
175 59
175 60
175 64
175 68
175 69
175 70
175 71
175 72
175 73
175 75
175 76
175 77
175 78
175 79
175 80
175 86
175 87
175 88
175 89
175 90
175 92
175 95
175 96
175 98
175 99
175 100
175 102
175 105
175 106
175 107
175 110
175 114
175 117
175 123
175 129
175 131
175 133
175 134
175 135
175 139
175 143
175 144
175 145
175 146
175 147
175 151
175 152
175 154
175 155
175 156
175 160
175 162
175 163
175 170
175 173
175 174
175 176
175 177
175 178
175 179
175 180
175 182
175 183
175 184
175 187
175 189
175 193
175 195
175 198
175 200
175 202
175 204
175 206
175 208
175 210
175 212
175 214
175 215
175 217
175 223
175 228
175 229
175 235
175 236
175 240
175 242
175 243
175 244
175 246
175 250
175 251
176 0
176 1
176 3
176 6
176 8
176 9
176 14
176 18
176 23
176 24
176 25
176 27
176 30
176 31
176 34
176 35
176 40
176 43
176 44
176 45
176 49
176 51
176 52
176 59
176 60
176 64
176 68
176 69
176 70
176 71
176 72
176 73
176 75
176 76
176 77
176 78
176 79
176 80
176 86
176 87
176 88
176 89
176 90
176 92
176 95
176 96
176 98
176 99
176 100
176 102
176 105
176 106
176 107
176 110
176 114
176 117
176 123
176 129
176 131
176 133
176 134
176 135
176 139
176 143
176 144
176 145
176 146
176 147
176 151
176 152
176 154
176 155
176 156
176 160
176 162
176 163
176 170
176 173
176 174
176 175
176 177
176 178
176 179
176 180
176 182
176 183
176 184
176 187
176 189
176 193
176 195
176 198
176 200
176 202
176 204
176 206
176 208
176 210
176 212
176 214
176 215
176 217
176 223
176 228
176 229
176 235
176 236
176 240
176 242
176 243
176 244
176 246
176 250
176 251
177 0
177 1
177 3
177 6
177 8
177 9
177 14
177 18
177 23
177 24
177 25
177 27
177 30
177 31
177 34
177 35
177 40
177 43
177 44
177 45
177 49
177 51
177 52
177 59
177 60
177 64
177 68
177 69
177 70
177 71
177 72
177 73
177 75
177 76
177 77
177 78
177 79
177 80
177 86
177 87
177 88
177 89
177 90
177 92
177 95
177 96
177 98
177 99
177 100
177 102
177 105
177 106
177 107
177 110
177 114
177 117
177 123
177 129
177 131
177 133
177 134
177 135
177 139
177 143
177 144
177 145
177 146
177 147
177 151
177 152
177 154
177 155
177 156
177 160
177 162
177 163
177 170
177 173
177 174
177 175
177 176
177 178
177 179
177 180
177 182
177 183
177 184
177 187
177 189
177 193
177 195
177 198
177 200
177 202
177 204
177 206
177 208
177 210
177 212
177 214
177 215
177 217
177 223
177 228
177 229
177 235
177 236
177 240
177 242
177 243
177 244
177 246
177 250
177 251
178 0
178 1
178 3
178 6
178 8
178 9
178 14
178 18
178 23
178 24
178 25
178 27
178 30
178 31
178 34
178 35
178 40
178 43
178 44
178 45
178 49
178 51
178 52
178 59
178 60
178 64
178 68
178 69
178 70
178 71
178 72
178 73
178 75
178 76
178 77
178 78
178 79
178 80
178 86
178 87
178 88
178 89
178 90
178 92
178 95
178 96
178 98
178 99
178 100
178 102
178 105
178 106
178 107
178 110
178 114
178 117
178 123
178 129
178 131
178 133
178 134
178 135
178 139
178 143
178 144
178 145
178 146
178 147
178 151
178 152
178 154
178 155
178 156
178 160
178 162
178 163
178 170
178 173
178 174
178 175
178 176
178 177
178 179
178 180
178 182
178 183
178 184
178 187
178 189
178 193
178 195
178 198
178 200
178 202
178 204
178 206
178 208
178 210
178 212
178 214
178 215
178 217
178 223
178 228
178 229
178 235
178 236
178 240
178 242
178 243
178 244
178 246
178 250
178 251
179 0
179 1
179 3
179 6
179 8
179 9
179 14
179 18
179 23
179 24
179 25
179 27
179 30
179 31
179 34
179 35
179 40
179 43
179 44
179 45
179 49
179 51
179 52
179 59
179 60
179 64
179 68
179 69
179 70
179 71
179 72
179 73
179 75
179 76
179 77
179 78
179 79
179 80
179 86
179 87
179 88
179 89
179 90
179 92
179 95
179 96
179 98
179 99
179 100
179 102
179 105
179 106
179 107
179 110
179 114
179 117
179 123
179 129
179 131
179 133
179 134
179 135
179 139
179 143
179 144
179 145
179 146
179 147
179 151
179 152
179 154
179 155
179 156
179 160
179 162
179 163
179 170
179 173
179 174
179 175
179 176
179 177
179 178
179 180
179 182
179 183
179 184
179 187
179 189
179 193
179 195
179 198
179 200
179 202
179 204
179 206
179 208
179 210
179 212
179 214
179 215
179 217
179 223
179 228
179 229
179 235
179 236
179 240
179 242
179 243
179 244
179 246
179 250
179 251
180 0
180 1
180 3
180 6
180 8
180 9
180 14
180 18
180 23
180 24
180 25
180 27
180 30
180 31
180 34
180 35
180 40
180 43
180 44
180 45
180 49
180 51
180 52
180 59
180 60
180 64
180 68
180 69
180 70
180 71
180 72
180 73
180 75
180 76
180 77
180 78
180 79
180 80
180 86
180 87
180 88
180 89
180 90
180 92
180 95
180 96
180 98
180 99
180 100
180 102
180 105
180 106
180 107
180 110
180 114
180 117
180 123
180 129
180 131
180 133
180 134
180 135
180 139
180 143
180 144
180 145
180 146
180 147
180 151
180 152
180 154
180 155
180 156
180 160
180 162
180 163
180 170
180 173
180 174
180 175
180 176
180 177
180 178
180 179
180 182
180 183
180 184
180 187
180 189
180 193
180 195
180 198
180 200
180 202
180 204
180 206
180 208
180 210
180 212
180 214
180 215
180 217
180 223
180 228
180 229
180 235
180 236
180 240
180 242
180 243
180 244
180 246
180 250
180 251
182 0
182 1
182 3
182 6
182 8
182 9
182 14
182 18
182 23
182 24
182 25
182 27
182 30
182 31
182 34
182 35
182 40
182 43
182 44
182 45
182 49
182 51
182 52
182 59
182 60
182 64
182 68
182 69
182 70
182 71
182 72
182 73
182 75
182 76
182 77
182 78
182 79
182 80
182 86
182 87
182 88
182 89
182 90
182 92
182 95
182 96
182 98
182 99
182 100
182 102
182 105
182 106
182 107
182 110
182 114
182 117
182 123
182 129
182 131
182 133
182 134
182 135
182 139
182 143
182 144
182 145
182 146
182 147
182 151
182 152
182 154
182 155
182 156
182 160
182 162
182 163
182 170
182 173
182 174
182 175
182 176
182 177
182 178
182 179
182 180
182 183
182 184
182 187
182 189
182 193
182 195
182 198
182 200
182 202
182 204
182 206
182 208
182 210
182 212
182 214
182 215
182 217
182 223
182 228
182 229
182 235
182 236
182 240
182 242
182 243
182 244
182 246
182 250
182 251
183 0
183 1
183 3
183 6
183 8
183 9
183 14
183 18
183 23
183 24
183 25
183 27
183 30
183 31
183 34
183 35
183 40
183 43
183 44
183 45
183 49
183 51
183 52
183 59
183 60
183 64
183 68
183 69
183 70
183 71
183 72
183 73
183 75
183 76
183 77
183 78
183 79
183 80
183 86
183 87
183 88
183 89
183 90
183 92
183 95
183 96
183 98
183 99
183 100
183 102
183 105
183 106
183 107
183 110
183 114
183 117
183 123
183 129
183 131
183 133
183 134
183 135
183 139
183 143
183 144
183 145
183 146
183 147
183 151
183 152
183 154
183 155
183 156
183 160
183 162
183 163
183 170
183 173
183 174
183 175
183 176
183 177
183 178
183 179
183 180
183 182
183 184
183 187
183 189
183 193
183 195
183 198
183 200
183 202
183 204
183 206
183 208
183 210
183 212
183 214
183 215
183 217
183 223
183 228
183 229
183 235
183 236
183 240
183 242
183 243
183 244
183 246
183 250
183 251
184 0
184 1
184 3
184 6
184 8
184 9
184 14
184 18
184 23
184 24
184 25
184 27
184 30
184 31
184 34
184 35
184 40
184 43
184 44
184 45
184 49
184 51
184 52
184 59
184 60
184 64
184 68
184 69
184 70
184 71
184 72
184 73
184 75
184 76
184 77
184 78
184 79
184 80
184 86
184 87
184 88
184 89
184 90
184 92
184 95
184 96
184 98
184 99
184 100
184 102
184 105
184 106
184 107
184 110
184 114
184 117
184 123
184 129
184 131
184 133
184 134
184 135
184 139
184 143
184 144
184 145
184 146
184 147
184 151
184 152
184 154
184 155
184 156
184 160
184 162
184 163
184 170
184 173
184 174
184 175
184 176
184 177
184 178
184 179
184 180
184 182
184 183
184 187
184 189
184 193
184 195
184 198
184 200
184 202
184 204
184 206
184 208
184 210
184 212
184 214
184 215
184 217
184 223
184 228
184 229
184 235
184 236
184 240
184 242
184 243
184 244
184 246
184 250
184 251
185 247
187 0
187 1
187 3
187 6
187 8
187 9
187 14
187 18
187 23
187 24
187 25
187 27
187 30
187 31
187 34
187 35
187 40
187 43
187 44
187 45
187 49
187 51
187 52
187 59
187 60
187 64
187 68
187 69
187 70
187 71
187 72
187 73
187 75
187 76
187 77
187 78
187 79
187 80
187 86
187 87
187 88
187 89
187 90
187 92
187 95
187 96
187 98
187 99
187 100
187 102
187 105
187 106
187 107
187 110
187 114
187 117
187 123
187 129
187 131
187 133
187 134
187 135
187 139
187 143
187 144
187 145
187 146
187 147
187 151
187 152
187 154
187 155
187 156
187 160
187 162
187 163
187 170
187 173
187 174
187 175
187 176
187 177
187 178
187 179
187 180
187 182
187 183
187 184
187 189
187 193
187 195
187 198
187 200
187 202
187 204
187 206
187 208
187 210
187 212
187 214
187 215
187 217
187 223
187 228
187 229
187 235
187 236
187 240
187 242
187 243
187 244
187 246
187 250
187 251
188 168
188 213
189 0
189 1
189 3
189 6
189 8
189 9
189 14
189 18
189 23
189 24
189 25
189 27
189 30
189 31
189 34
189 35
189 40
189 43
189 44
189 45
189 49
189 51
189 52
189 59
189 60
189 64
189 68
189 69
189 70
189 71
189 72
189 73
189 75
189 76
189 77
189 78
189 79
189 80
189 86
189 87
189 88
189 89
189 90
189 92
189 95
189 96
189 98
189 99
189 100
189 102
189 105
189 106
189 107
189 110
189 114
189 117
189 123
189 129
189 131
189 133
189 134
189 135
189 139
189 143
189 144
189 145
189 146
189 147
189 151
189 152
189 154
189 155
189 156
189 160
189 162
189 163
189 170
189 173
189 174
189 175
189 176
189 177
189 178
189 179
189 180
189 182
189 183
189 184
189 187
189 193
189 195
189 198
189 200
189 202
189 204
189 206
189 208
189 210
189 212
189 214
189 215
189 217
189 223
189 228
189 229
189 235
189 236
189 240
189 242
189 243
189 244
189 246
189 250
189 251
190 17
190 46
190 57
190 124
190 238
193 0
193 1
193 3
193 6
193 8
193 9
193 14
193 18
193 23
193 24
193 25
193 27
193 30
193 31
193 34
193 35
193 40
193 43
193 44
193 45
193 49
193 51
193 52
193 59
193 60
193 64
193 68
193 69
193 70
193 71
193 72
193 73
193 75
193 76
193 77
193 78
193 79
193 80
193 86
193 87
193 88
193 89
193 90
193 92
193 95
193 96
193 98
193 99
193 100
193 102
193 105
193 106
193 107
193 110
193 114
193 117
193 123
193 129
193 131
193 133
193 134
193 135
193 139
193 143
193 144
193 145
193 146
193 147
193 151
193 152
193 154
193 155
193 156
193 160
193 162
193 163
193 170
193 173
193 174
193 175
193 176
193 177
193 178
193 179
193 180
193 182
193 183
193 184
193 187
193 189
193 195
193 198
193 200
193 202
193 204
193 206
193 208
193 210
193 212
193 214
193 215
193 217
193 223
193 228
193 229
193 235
193 236
193 240
193 242
193 243
193 244
193 246
193 250
193 251
195 0
195 1
195 3
195 6
195 8
195 9
195 14
195 18
195 23
195 24
195 25
195 27
195 30
195 31
195 34
195 35
195 40
195 43
195 44
195 45
195 49
195 51
195 52
195 59
195 60
195 64
195 68
195 69
195 70
195 71
195 72
195 73
195 75
195 76
195 77
195 78
195 79
195 80
195 86
195 87
195 88
195 89
195 90
195 92
195 95
195 96
195 98
195 99
195 100
195 102
195 105
195 106
195 107
195 110
195 114
195 117
195 123
195 129
195 131
195 133
195 134
195 135
195 139
195 143
195 144
195 145
195 146
195 147
195 151
195 152
195 154
195 155
195 156
195 160
195 162
195 163
195 170
195 173
195 174
195 175
195 176
195 177
195 178
195 179
195 180
195 182
195 183
195 184
195 187
195 189
195 193
195 198
195 200
195 202
195 204
195 206
195 208
195 210
195 212
195 214
195 215
195 217
195 223
195 228
195 229
195 235
195 236
195 240
195 242
195 243
195 244
195 246
195 250
195 251
198 0
198 1
198 3
198 6
198 8
198 9
198 14
198 18
198 23
198 24
198 25
198 27
198 30
198 31
198 34
198 35
198 40
198 43
198 44
198 45
198 49
198 51
198 52
198 59
198 60
198 64
198 68
198 69
198 70
198 71
198 72
198 73
198 75
198 76
198 77
198 78
198 79
198 80
198 86
198 87
198 88
198 89
198 90
198 92
198 95
198 96
198 98
198 99
198 100
198 102
198 105
198 106
198 107
198 110
198 114
198 117
198 123
198 129
198 131
198 133
198 134
198 135
198 139
198 143
198 144
198 145
198 146
198 147
198 151
198 152
198 154
198 155
198 156
198 160
198 162
198 163
198 170
198 173
198 174
198 175
198 176
198 177
198 178
198 179
198 180
198 182
198 183
198 184
198 187
198 189
198 193
198 195
198 200
198 202
198 204
198 206
198 208
198 210
198 212
198 214
198 215
198 217
198 223
198 228
198 229
198 235
198 236
198 240
198 242
198 243
198 244
198 246
198 250
198 251
199 149
200 0
200 1
200 3
200 6
200 8
200 9
200 14
200 18
200 23
200 24
200 25
200 27
200 30
200 31
200 34
200 35
200 40
200 43
200 44
200 45
200 49
200 51
200 52
200 59
200 60
200 64
200 68
200 69
200 70
200 71
200 72
200 73
200 75
200 76
200 77
200 78
200 79
200 80
200 86
200 87
200 88
200 89
200 90
200 92
200 95
200 96
200 98
200 99
200 100
200 102
200 105
200 106
200 107
200 110
200 114
200 117
200 123
200 129
200 131
200 133
200 134
200 135
200 139
200 143
200 144
200 145
200 146
200 147
200 151
200 152
200 154
200 155
200 156
200 160
200 162
200 163
200 170
200 173
200 174
200 175
200 176
200 177
200 178
200 179
200 180
200 182
200 183
200 184
200 187
200 189
200 193
200 195
200 198
200 202
200 204
200 206
200 208
200 210
200 212
200 214
200 215
200 217
200 223
200 228
200 229
200 235
200 236
200 240
200 242
200 243
200 244
200 246
200 250
200 251
201 32
201 53
202 0
202 1
202 3
202 6
202 8
202 9
202 14
202 18
202 23
202 24
202 25
202 27
202 30
202 31
202 34
202 35
202 40
202 43
202 44
202 45
202 49
202 51
202 52
202 59
202 60
202 64
202 68
202 69
202 70
202 71
202 72
202 73
202 75
202 76
202 77
202 78
202 79
202 80
202 86
202 87
202 88
202 89
202 90
202 92
202 95
202 96
202 98
202 99
202 100
202 102
202 105
202 106
202 107
202 110
202 114
202 117
202 123
202 129
202 131
202 133
202 134
202 135
202 139
202 143
202 144
202 145
202 146
202 147
202 151
202 152
202 154
202 155
202 156
202 160
202 162
202 163
202 170
202 173
202 174
202 175
202 176
202 177
202 178
202 179
202 180
202 182
202 183
202 184
202 187
202 189
202 193
202 195
202 198
202 200
202 204
202 206
202 208
202 210
202 212
202 214
202 215
202 217
202 223
202 228
202 229
202 235
202 236
202 240
202 242
202 243
202 244
202 246
202 250
202 251
203 141
204 0
204 1
204 3
204 6
204 8
204 9
204 14
204 18
204 23
204 24
204 25
204 27
204 30
204 31
204 34
204 35
204 40
204 43
204 44
204 45
204 49
204 51
204 52
204 59
204 60
204 64
204 68
204 69
204 70
204 71
204 72
204 73
204 75
204 76
204 77
204 78
204 79
204 80
204 86
204 87
204 88
204 89
204 90
204 92
204 95
204 96
204 98
204 99
204 100
204 102
204 105
204 106
204 107
204 110
204 114
204 117
204 123
204 129
204 131
204 133
204 134
204 135
204 139
204 143
204 144
204 145
204 146
204 147
204 151
204 152
204 154
204 155
204 156
204 160
204 162
204 163
204 170
204 173
204 174
204 175
204 176
204 177
204 178
204 179
204 180
204 182
204 183
204 184
204 187
204 189
204 193
204 195
204 198
204 200
204 202
204 206
204 208
204 210
204 212
204 214
204 215
204 217
204 223
204 228
204 229
204 235
204 236
204 240
204 242
204 243
204 244
204 246
204 250
204 251
206 0
206 1
206 3
206 6
206 8
206 9
206 14
206 18
206 23
206 24
206 25
206 27
206 30
206 31
206 34
206 35
206 40
206 43
206 44
206 45
206 49
206 51
206 52
206 59
206 60
206 64
206 68
206 69
206 70
206 71
206 72
206 73
206 75
206 76
206 77
206 78
206 79
206 80
206 86
206 87
206 88
206 89
206 90
206 92
206 95
206 96
206 98
206 99
206 100
206 102
206 105
206 106
206 107
206 110
206 114
206 117
206 123
206 129
206 131
206 133
206 134
206 135
206 139
206 143
206 144
206 145
206 146
206 147
206 151
206 152
206 154
206 155
206 156
206 160
206 162
206 163
206 170
206 173
206 174
206 175
206 176
206 177
206 178
206 179
206 180
206 182
206 183
206 184
206 187
206 189
206 193
206 195
206 198
206 200
206 202
206 204
206 208
206 210
206 212
206 214
206 215
206 217
206 223
206 228
206 229
206 235
206 236
206 240
206 242
206 243
206 244
206 246
206 250
206 251
208 0
208 1
208 3
208 6
208 8
208 9
208 14
208 18
208 23
208 24
208 25
208 27
208 30
208 31
208 34
208 35
208 40
208 43
208 44
208 45
208 49
208 51
208 52
208 59
208 60
208 64
208 68
208 69
208 70
208 71
208 72
208 73
208 75
208 76
208 77
208 78
208 79
208 80
208 86
208 87
208 88
208 89
208 90
208 92
208 95
208 96
208 98
208 99
208 100
208 102
208 105
208 106
208 107
208 110
208 114
208 117
208 123
208 129
208 131
208 133
208 134
208 135
208 139
208 143
208 144
208 145
208 146
208 147
208 151
208 152
208 154
208 155
208 156
208 160
208 162
208 163
208 170
208 173
208 174
208 175
208 176
208 177
208 178
208 179
208 180
208 182
208 183
208 184
208 187
208 189
208 193
208 195
208 198
208 200
208 202
208 204
208 206
208 210
208 212
208 214
208 215
208 217
208 223
208 228
208 229
208 235
208 236
208 240
208 242
208 243
208 244
208 246
208 250
208 251
209 2
210 0
210 1
210 3
210 6
210 8
210 9
210 14
210 18
210 23
210 24
210 25
210 27
210 30
210 31
210 34
210 35
210 40
210 43
210 44
210 45
210 49
210 51
210 52
210 59
210 60
210 64
210 68
210 69
210 70
210 71
210 72
210 73
210 75
210 76
210 77
210 78
210 79
210 80
210 86
210 87
210 88
210 89
210 90
210 92
210 95
210 96
210 98
210 99
210 100
210 102
210 105
210 106
210 107
210 110
210 114
210 117
210 123
210 129
210 131
210 133
210 134
210 135
210 139
210 143
210 144
210 145
210 146
210 147
210 151
210 152
210 154
210 155
210 156
210 160
210 162
210 163
210 170
210 173
210 174
210 175
210 176
210 177
210 178
210 179
210 180
210 182
210 183
210 184
210 187
210 189
210 193
210 195
210 198
210 200
210 202
210 204
210 206
210 208
210 212
210 214
210 215
210 217
210 223
210 228
210 229
210 235
210 236
210 240
210 242
210 243
210 244
210 246
210 250
210 251
212 0
212 1
212 3
212 6
212 8
212 9
212 14
212 18
212 23
212 24
212 25
212 27
212 30
212 31
212 34
212 35
212 40
212 43
212 44
212 45
212 49
212 51
212 52
212 59
212 60
212 64
212 68
212 69
212 70
212 71
212 72
212 73
212 75
212 76
212 77
212 78
212 79
212 80
212 86
212 87
212 88
212 89
212 90
212 92
212 95
212 96
212 98
212 99
212 100
212 102
212 105
212 106
212 107
212 110
212 114
212 117
212 123
212 129
212 131
212 133
212 134
212 135
212 139
212 143
212 144
212 145
212 146
212 147
212 151
212 152
212 154
212 155
212 156
212 160
212 162
212 163
212 170
212 173
212 174
212 175
212 176
212 177
212 178
212 179
212 180
212 182
212 183
212 184
212 187
212 189
212 193
212 195
212 198
212 200
212 202
212 204
212 206
212 208
212 210
212 214
212 215
212 217
212 223
212 228
212 229
212 235
212 236
212 240
212 242
212 243
212 244
212 246
212 250
212 251
213 168
213 188
214 0
214 1
214 3
214 6
214 8
214 9
214 14
214 18
214 23
214 24
214 25
214 27
214 30
214 31
214 34
214 35
214 40
214 43
214 44
214 45
214 49
214 51
214 52
214 59
214 60
214 64
214 68
214 69
214 70
214 71
214 72
214 73
214 75
214 76
214 77
214 78
214 79
214 80
214 86
214 87
214 88
214 89
214 90
214 92
214 95
214 96
214 98
214 99
214 100
214 102
214 105
214 106
214 107
214 110
214 114
214 117
214 123
214 129
214 131
214 133
214 134
214 135
214 139
214 143
214 144
214 145
214 146
214 147
214 151
214 152
214 154
214 155
214 156
214 160
214 162
214 163
214 170
214 173
214 174
214 175
214 176
214 177
214 178
214 179
214 180
214 182
214 183
214 184
214 187
214 189
214 193
214 195
214 198
214 200
214 202
214 204
214 206
214 208
214 210
214 212
214 215
214 217
214 223
214 228
214 229
214 235
214 236
214 240
214 242
214 243
214 244
214 246
214 250
214 251
215 0
215 1
215 3
215 6
215 8
215 9
215 14
215 18
215 23
215 24
215 25
215 27
215 30
215 31
215 34
215 35
215 40
215 43
215 44
215 45
215 49
215 51
215 52
215 59
215 60
215 64
215 68
215 69
215 70
215 71
215 72
215 73
215 75
215 76
215 77
215 78
215 79
215 80
215 86
215 87
215 88
215 89
215 90
215 92
215 95
215 96
215 98
215 99
215 100
215 102
215 105
215 106
215 107
215 110
215 114
215 117
215 123
215 129
215 131
215 133
215 134
215 135
215 139
215 143
215 144
215 145
215 146
215 147
215 151
215 152
215 154
215 155
215 156
215 160
215 162
215 163
215 170
215 173
215 174
215 175
215 176
215 177
215 178
215 179
215 180
215 182
215 183
215 184
215 187
215 189
215 193
215 195
215 198
215 200
215 202
215 204
215 206
215 208
215 210
215 212
215 214
215 217
215 223
215 228
215 229
215 235
215 236
215 240
215 242
215 243
215 244
215 246
215 250
215 251
216 5
216 140
216 150
216 221
216 252
217 0
217 1
217 3
217 6
217 8
217 9
217 14
217 18
217 23
217 24
217 25
217 27
217 30
217 31
217 34
217 35
217 40
217 43
217 44
217 45
217 49
217 51
217 52
217 59
217 60
217 64
217 68
217 69
217 70
217 71
217 72
217 73
217 75
217 76
217 77
217 78
217 79
217 80
217 86
217 87
217 88
217 89
217 90
217 92
217 95
217 96
217 98
217 99
217 100
217 102
217 105
217 106
217 107
217 110
217 114
217 117
217 123
217 129
217 131
217 133
217 134
217 135
217 139
217 143
217 144
217 145
217 146
217 147
217 151
217 152
217 154
217 155
217 156
217 160
217 162
217 163
217 170
217 173
217 174
217 175
217 176
217 177
217 178
217 179
217 180
217 182
217 183
217 184
217 187
217 189
217 193
217 195
217 198
217 200
217 202
217 204
217 206
217 208
217 210
217 212
217 214
217 215
217 223
217 228
217 229
217 235
217 236
217 240
217 242
217 243
217 244
217 246
217 250
217 251
220 81
221 5
221 140
221 150
221 216
221 252
223 0
223 1
223 3
223 6
223 8
223 9
223 14
223 18
223 23
223 24
223 25
223 27
223 30
223 31
223 34
223 35
223 40
223 43
223 44
223 45
223 49
223 51
223 52
223 59
223 60
223 64
223 68
223 69
223 70
223 71
223 72
223 73
223 75
223 76
223 77
223 78
223 79
223 80
223 86
223 87
223 88
223 89
223 90
223 92
223 95
223 96
223 98
223 99
223 100
223 102
223 105
223 106
223 107
223 110
223 114
223 117
223 123
223 129
223 131
223 133
223 134
223 135
223 139
223 143
223 144
223 145
223 146
223 147
223 151
223 152
223 154
223 155
223 156
223 160
223 162
223 163
223 170
223 173
223 174
223 175
223 176
223 177
223 178
223 179
223 180
223 182
223 183
223 184
223 187
223 189
223 193
223 195
223 198
223 200
223 202
223 204
223 206
223 208
223 210
223 212
223 214
223 215
223 217
223 228
223 229
223 235
223 236
223 240
223 242
223 243
223 244
223 246
223 250
223 251
225 39
227 42
228 0
228 1
228 3
228 6
228 8
228 9
228 14
228 18
228 23
228 24
228 25
228 27
228 30
228 31
228 34
228 35
228 40
228 43
228 44
228 45
228 49
228 51
228 52
228 59
228 60
228 64
228 68
228 69
228 70
228 71
228 72
228 73
228 75
228 76
228 77
228 78
228 79
228 80
228 86
228 87
228 88
228 89
228 90
228 92
228 95
228 96
228 98
228 99
228 100
228 102
228 105
228 106
228 107
228 110
228 114
228 117
228 123
228 129
228 131
228 133
228 134
228 135
228 139
228 143
228 144
228 145
228 146
228 147
228 151
228 152
228 154
228 155
228 156
228 160
228 162
228 163
228 170
228 173
228 174
228 175
228 176
228 177
228 178
228 179
228 180
228 182
228 183
228 184
228 187
228 189
228 193
228 195
228 198
228 200
228 202
228 204
228 206
228 208
228 210
228 212
228 214
228 215
228 217
228 223
228 229
228 235
228 236
228 240
228 242
228 243
228 244
228 246
228 250
228 251
229 0
229 1
229 3
229 6
229 8
229 9
229 14
229 18
229 23
229 24
229 25
229 27
229 30
229 31
229 34
229 35
229 40
229 43
229 44
229 45
229 49
229 51
229 52
229 59
229 60
229 64
229 68
229 69
229 70
229 71
229 72
229 73
229 75
229 76
229 77
229 78
229 79
229 80
229 86
229 87
229 88
229 89
229 90
229 92
229 95
229 96
229 98
229 99
229 100
229 102
229 105
229 106
229 107
229 110
229 114
229 117
229 123
229 129
229 131
229 133
229 134
229 135
229 139
229 143
229 144
229 145
229 146
229 147
229 151
229 152
229 154
229 155
229 156
229 160
229 162
229 163
229 170
229 173
229 174
229 175
229 176
229 177
229 178
229 179
229 180
229 182
229 183
229 184
229 187
229 189
229 193
229 195
229 198
229 200
229 202
229 204
229 206
229 208
229 210
229 212
229 214
229 215
229 217
229 223
229 228
229 235
229 236
229 240
229 242
229 243
229 244
229 246
229 250
229 251
230 82
231 232
232 231
235 0
235 1
235 3
235 6
235 8
235 9
235 14
235 18
235 23
235 24
235 25
235 27
235 30
235 31
235 34
235 35
235 40
235 43
235 44
235 45
235 49
235 51
235 52
235 59
235 60
235 64
235 68
235 69
235 70
235 71
235 72
235 73
235 75
235 76
235 77
235 78
235 79
235 80
235 86
235 87
235 88
235 89
235 90
235 92
235 95
235 96
235 98
235 99
235 100
235 102
235 105
235 106
235 107
235 110
235 114
235 117
235 123
235 129
235 131
235 133
235 134
235 135
235 139
235 143
235 144
235 145
235 146
235 147
235 151
235 152
235 154
235 155
235 156
235 160
235 162
235 163
235 170
235 173
235 174
235 175
235 176
235 177
235 178
235 179
235 180
235 182
235 183
235 184
235 187
235 189
235 193
235 195
235 198
235 200
235 202
235 204
235 206
235 208
235 210
235 212
235 214
235 215
235 217
235 223
235 228
235 229
235 236
235 240
235 242
235 243
235 244
235 246
235 250
235 251
236 0
236 1
236 3
236 6
236 8
236 9
236 14
236 18
236 23
236 24
236 25
236 27
236 30
236 31
236 34
236 35
236 40
236 43
236 44
236 45
236 49
236 51
236 52
236 59
236 60
236 64
236 68
236 69
236 70
236 71
236 72
236 73
236 75
236 76
236 77
236 78
236 79
236 80
236 86
236 87
236 88
236 89
236 90
236 92
236 95
236 96
236 98
236 99
236 100
236 102
236 105
236 106
236 107
236 110
236 114
236 117
236 123
236 129
236 131
236 133
236 134
236 135
236 139
236 143
236 144
236 145
236 146
236 147
236 151
236 152
236 154
236 155
236 156
236 160
236 162
236 163
236 170
236 173
236 174
236 175
236 176
236 177
236 178
236 179
236 180
236 182
236 183
236 184
236 187
236 189
236 193
236 195
236 198
236 200
236 202
236 204
236 206
236 208
236 210
236 212
236 214
236 215
236 217
236 223
236 228
236 229
236 235
236 240
236 242
236 243
236 244
236 246
236 250
236 251
238 17
238 46
238 57
238 124
238 190
240 0
240 1
240 3
240 6
240 8
240 9
240 14
240 18
240 23
240 24
240 25
240 27
240 30
240 31
240 34
240 35
240 40
240 43
240 44
240 45
240 49
240 51
240 52
240 59
240 60
240 64
240 68
240 69
240 70
240 71
240 72
240 73
240 75
240 76
240 77
240 78
240 79
240 80
240 86
240 87
240 88
240 89
240 90
240 92
240 95
240 96
240 98
240 99
240 100
240 102
240 105
240 106
240 107
240 110
240 114
240 117
240 123
240 129
240 131
240 133
240 134
240 135
240 139
240 143
240 144
240 145
240 146
240 147
240 151
240 152
240 154
240 155
240 156
240 160
240 162
240 163
240 170
240 173
240 174
240 175
240 176
240 177
240 178
240 179
240 180
240 182
240 183
240 184
240 187
240 189
240 193
240 195
240 198
240 200
240 202
240 204
240 206
240 208
240 210
240 212
240 214
240 215
240 217
240 223
240 228
240 229
240 235
240 236
240 242
240 243
240 244
240 246
240 250
240 251
241 116
242 0
242 1
242 3
242 6
242 8
242 9
242 14
242 18
242 23
242 24
242 25
242 27
242 30
242 31
242 34
242 35
242 40
242 43
242 44
242 45
242 49
242 51
242 52
242 59
242 60
242 64
242 68
242 69
242 70
242 71
242 72
242 73
242 75
242 76
242 77
242 78
242 79
242 80
242 86
242 87
242 88
242 89
242 90
242 92
242 95
242 96
242 98
242 99
242 100
242 102
242 105
242 106
242 107
242 110
242 114
242 117
242 123
242 129
242 131
242 133
242 134
242 135
242 139
242 143
242 144
242 145
242 146
242 147
242 151
242 152
242 154
242 155
242 156
242 160
242 162
242 163
242 170
242 173
242 174
242 175
242 176
242 177
242 178
242 179
242 180
242 182
242 183
242 184
242 187
242 189
242 193
242 195
242 198
242 200
242 202
242 204
242 206
242 208
242 210
242 212
242 214
242 215
242 217
242 223
242 228
242 229
242 235
242 236
242 240
242 243
242 244
242 246
242 250
242 251
243 0
243 1
243 3
243 6
243 8
243 9
243 14
243 18
243 23
243 24
243 25
243 27
243 30
243 31
243 34
243 35
243 40
243 43
243 44
243 45
243 49
243 51
243 52
243 59
243 60
243 64
243 68
243 69
243 70
243 71
243 72
243 73
243 75
243 76
243 77
243 78
243 79
243 80
243 86
243 87
243 88
243 89
243 90
243 92
243 95
243 96
243 98
243 99
243 100
243 102
243 105
243 106
243 107
243 110
243 114
243 117
243 123
243 129
243 131
243 133
243 134
243 135
243 139
243 143
243 144
243 145
243 146
243 147
243 151
243 152
243 154
243 155
243 156
243 160
243 162
243 163
243 170
243 173
243 174
243 175
243 176
243 177
243 178
243 179
243 180
243 182
243 183
243 184
243 187
243 189
243 193
243 195
243 198
243 200
243 202
243 204
243 206
243 208
243 210
243 212
243 214
243 215
243 217
243 223
243 228
243 229
243 235
243 236
243 240
243 242
243 244
243 246
243 250
243 251
244 0
244 1
244 3
244 6
244 8
244 9
244 14
244 18
244 23
244 24
244 25
244 27
244 30
244 31
244 34
244 35
244 40
244 43
244 44
244 45
244 49
244 51
244 52
244 59
244 60
244 64
244 68
244 69
244 70
244 71
244 72
244 73
244 75
244 76
244 77
244 78
244 79
244 80
244 86
244 87
244 88
244 89
244 90
244 92
244 95
244 96
244 98
244 99
244 100
244 102
244 105
244 106
244 107
244 110
244 114
244 117
244 123
244 129
244 131
244 133
244 134
244 135
244 139
244 143
244 144
244 145
244 146
244 147
244 151
244 152
244 154
244 155
244 156
244 160
244 162
244 163
244 170
244 173
244 174
244 175
244 176
244 177
244 178
244 179
244 180
244 182
244 183
244 184
244 187
244 189
244 193
244 195
244 198
244 200
244 202
244 204
244 206
244 208
244 210
244 212
244 214
244 215
244 217
244 223
244 228
244 229
244 235
244 236
244 240
244 242
244 243
244 246
244 250
244 251
245 142
246 0
246 1
246 3
246 6
246 8
246 9
246 14
246 18
246 23
246 24
246 25
246 27
246 30
246 31
246 34
246 35
246 40
246 43
246 44
246 45
246 49
246 51
246 52
246 59
246 60
246 64
246 68
246 69
246 70
246 71
246 72
246 73
246 75
246 76
246 77
246 78
246 79
246 80
246 86
246 87
246 88
246 89
246 90
246 92
246 95
246 96
246 98
246 99
246 100
246 102
246 105
246 106
246 107
246 110
246 114
246 117
246 123
246 129
246 131
246 133
246 134
246 135
246 139
246 143
246 144
246 145
246 146
246 147
246 151
246 152
246 154
246 155
246 156
246 160
246 162
246 163
246 170
246 173
246 174
246 175
246 176
246 177
246 178
246 179
246 180
246 182
246 183
246 184
246 187
246 189
246 193
246 195
246 198
246 200
246 202
246 204
246 206
246 208
246 210
246 212
246 214
246 215
246 217
246 223
246 228
246 229
246 235
246 236
246 240
246 242
246 243
246 244
246 250
246 251
247 185
250 0
250 1
250 3
250 6
250 8
250 9
250 14
250 18
250 23
250 24
250 25
250 27
250 30
250 31
250 34
250 35
250 40
250 43
250 44
250 45
250 49
250 51
250 52
250 59
250 60
250 64
250 68
250 69
250 70
250 71
250 72
250 73
250 75
250 76
250 77
250 78
250 79
250 80
250 86
250 87
250 88
250 89
250 90
250 92
250 95
250 96
250 98
250 99
250 100
250 102
250 105
250 106
250 107
250 110
250 114
250 117
250 123
250 129
250 131
250 133
250 134
250 135
250 139
250 143
250 144
250 145
250 146
250 147
250 151
250 152
250 154
250 155
250 156
250 160
250 162
250 163
250 170
250 173
250 174
250 175
250 176
250 177
250 178
250 179
250 180
250 182
250 183
250 184
250 187
250 189
250 193
250 195
250 198
250 200
250 202
250 204
250 206
250 208
250 210
250 212
250 214
250 215
250 217
250 223
250 228
250 229
250 235
250 236
250 240
250 242
250 243
250 244
250 246
250 251
251 0
251 1
251 3
251 6
251 8
251 9
251 14
251 18
251 23
251 24
251 25
251 27
251 30
251 31
251 34
251 35
251 40
251 43
251 44
251 45
251 49
251 51
251 52
251 59
251 60
251 64
251 68
251 69
251 70
251 71
251 72
251 73
251 75
251 76
251 77
251 78
251 79
251 80
251 86
251 87
251 88
251 89
251 90
251 92
251 95
251 96
251 98
251 99
251 100
251 102
251 105
251 106
251 107
251 110
251 114
251 117
251 123
251 129
251 131
251 133
251 134
251 135
251 139
251 143
251 144
251 145
251 146
251 147
251 151
251 152
251 154
251 155
251 156
251 160
251 162
251 163
251 170
251 173
251 174
251 175
251 176
251 177
251 178
251 179
251 180
251 182
251 183
251 184
251 187
251 189
251 193
251 195
251 198
251 200
251 202
251 204
251 206
251 208
251 210
251 212
251 214
251 215
251 217
251 223
251 228
251 229
251 235
251 236
251 240
251 242
251 243
251 244
251 246
251 250
252 5
252 140
252 150
252 216
252 221
254 161
