64 126
1 40
2 20
4 6
4 22
5 8
5 18
5 23
5 31
5 34
5 35
5 44
5 49
5 51
5 52
6 4
6 22
8 5
8 18
8 23
8 31
8 34
8 35
8 44
8 49
8 51
8 52
17 45
18 5
18 8
18 23
18 31
18 34
18 35
18 44
18 49
18 51
18 52
20 2
22 4
22 6
23 5
23 8
23 18
23 31
23 34
23 35
23 44
23 49
23 51
23 52
24 43
25 37
31 5
31 8
31 18
31 23
31 34
31 35
31 44
31 49
31 51
31 52
34 5
34 8
34 18
34 23
34 31
34 35
34 44
34 49
34 51
34 52
35 5
35 8
35 18
35 23
35 31
35 34
35 44
35 49
35 51
35 52
37 25
40 1
43 24
44 5
44 8
44 18
44 23
44 31
44 34
44 35
44 49
44 51
44 52
45 17
49 5
49 8
49 18
49 23
49 31
49 34
49 35
49 44
49 51
49 52
51 5
51 8
51 18
51 23
51 31
51 34
51 35
51 44
51 49
51 52
52 5
52 8
52 18
52 23
52 31
52 34
52 35
52 44
52 49
52 51
