256 7418
0 94
0 222
1 7
1 8
1 18
1 20
1 22
1 23
1 25
1 26
1 31
1 33
1 34
1 35
1 39
1 41
1 44
1 49
1 51
1 52
1 61
1 67
1 69
1 70
1 71
1 73
1 74
1 75
1 78
1 79
1 80
1 85
1 87
1 88
1 90
1 92
1 95
1 110
1 115
1 117
1 118
1 121
1 127
1 129
1 131
1 133
1 139
1 143
1 144
1 146
1 147
1 152
1 156
1 157
1 159
1 160
1 162
1 164
1 170
1 171
1 173
1 175
1 177
1 178
1 180
1 182
1 187
1 189
1 192
1 193
1 200
1 204
1 205
1 206
1 208
1 214
1 220
1 223
1 224
1 226
1 228
1 229
1 230
1 233
1 244
1 246
1 253
7 1
7 8
7 18
7 20
7 22
7 23
7 25
7 26
7 31
7 33
7 34
7 35
7 39
7 41
7 44
7 49
7 51
7 52
7 61
7 67
7 69
7 70
7 71
7 73
7 74
7 75
7 78
7 79
7 80
7 85
7 87
7 88
7 90
7 92
7 95
7 110
7 115
7 117
7 118
7 121
7 127
7 129
7 131
7 133
7 139
7 143
7 144
7 146
7 147
7 152
7 156
7 157
7 159
7 160
7 162
7 164
7 170
7 171
7 173
7 175
7 177
7 178
7 180
7 182
7 187
7 189
7 192
7 193
7 200
7 204
7 205
7 206
7 208
7 214
7 220
7 223
7 224
7 226
7 228
7 229
7 230
7 233
7 244
7 246
7 253
8 1
8 7
8 18
8 20
8 22
8 23
8 25
8 26
8 31
8 33
8 34
8 35
8 39
8 41
8 44
8 49
8 51
8 52
8 61
8 67
8 69
8 70
8 71
8 73
8 74
8 75
8 78
8 79
8 80
8 85
8 87
8 88
8 90
8 92
8 95
8 110
8 115
8 117
8 118
8 121
8 127
8 129
8 131
8 133
8 139
8 143
8 144
8 146
8 147
8 152
8 156
8 157
8 159
8 160
8 162
8 164
8 170
8 171
8 173
8 175
8 177
8 178
8 180
8 182
8 187
8 189
8 192
8 193
8 200
8 204
8 205
8 206
8 208
8 214
8 220
8 223
8 224
8 226
8 228
8 229
8 230
8 233
8 244
8 246
8 253
9 199
11 114
11 149
11 251
17 27
17 64
18 1
18 7
18 8
18 20
18 22
18 23
18 25
18 26
18 31
18 33
18 34
18 35
18 39
18 41
18 44
18 49
18 51
18 52
18 61
18 67
18 69
18 70
18 71
18 73
18 74
18 75
18 78
18 79
18 80
18 85
18 87
18 88
18 90
18 92
18 95
18 110
18 115
18 117
18 118
18 121
18 127
18 129
18 131
18 133
18 139
18 143
18 144
18 146
18 147
18 152
18 156
18 157
18 159
18 160
18 162
18 164
18 170
18 171
18 173
18 175
18 177
18 178
18 180
18 182
18 187
18 189
18 192
18 193
18 200
18 204
18 205
18 206
18 208
18 214
18 220
18 223
18 224
18 226
18 228
18 229
18 230
18 233
18 244
18 246
18 253
20 1
20 7
20 8
20 18
20 22
20 23
20 25
20 26
20 31
20 33
20 34
20 35
20 39
20 41
20 44
20 49
20 51
20 52
20 61
20 67
20 69
20 70
20 71
20 73
20 74
20 75
20 78
20 79
20 80
20 85
20 87
20 88
20 90
20 92
20 95
20 110
20 115
20 117
20 118
20 121
20 127
20 129
20 131
20 133
20 139
20 143
20 144
20 146
20 147
20 152
20 156
20 157
20 159
20 160
20 162
20 164
20 170
20 171
20 173
20 175
20 177
20 178
20 180
20 182
20 187
20 189
20 192
20 193
20 200
20 204
20 205
20 206
20 208
20 214
20 220
20 223
20 224
20 226
20 228
20 229
20 230
20 233
20 244
20 246
20 253
22 1
22 7
22 8
22 18
22 20
22 23
22 25
22 26
22 31
22 33
22 34
22 35
22 39
22 41
22 44
22 49
22 51
22 52
22 61
22 67
22 69
22 70
22 71
22 73
22 74
22 75
22 78
22 79
22 80
22 85
22 87
22 88
22 90
22 92
22 95
22 110
22 115
22 117
22 118
22 121
22 127
22 129
22 131
22 133
22 139
22 143
22 144
22 146
22 147
22 152
22 156
22 157
22 159
22 160
22 162
22 164
22 170
22 171
22 173
22 175
22 177
22 178
22 180
22 182
22 187
22 189
22 192
22 193
22 200
22 204
22 205
22 206
22 208
22 214
22 220
22 223
22 224
22 226
22 228
22 229
22 230
22 233
22 244
22 246
22 253
23 1
23 7
23 8
23 18
23 20
23 22
23 25
23 26
23 31
23 33
23 34
23 35
23 39
23 41
23 44
23 49
23 51
23 52
23 61
23 67
23 69
23 70
23 71
23 73
23 74
23 75
23 78
23 79
23 80
23 85
23 87
23 88
23 90
23 92
23 95
23 110
23 115
23 117
23 118
23 121
23 127
23 129
23 131
23 133
23 139
23 143
23 144
23 146
23 147
23 152
23 156
23 157
23 159
23 160
23 162
23 164
23 170
23 171
23 173
23 175
23 177
23 178
23 180
23 182
23 187
23 189
23 192
23 193
23 200
23 204
23 205
23 206
23 208
23 214
23 220
23 223
23 224
23 226
23 228
23 229
23 230
23 233
23 244
23 246
23 253
25 1
25 7
25 8
25 18
25 20
25 22
25 23
25 26
25 31
25 33
25 34
25 35
25 39
25 41
25 44
25 49
25 51
25 52
25 61
25 67
25 69
25 70
25 71
25 73
25 74
25 75
25 78
25 79
25 80
25 85
25 87
25 88
25 90
25 92
25 95
25 110
25 115
25 117
25 118
25 121
25 127
25 129
25 131
25 133
25 139
25 143
25 144
25 146
25 147
25 152
25 156
25 157
25 159
25 160
25 162
25 164
25 170
25 171
25 173
25 175
25 177
25 178
25 180
25 182
25 187
25 189
25 192
25 193
25 200
25 204
25 205
25 206
25 208
25 214
25 220
25 223
25 224
25 226
25 228
25 229
25 230
25 233
25 244
25 246
25 253
26 1
26 7
26 8
26 18
26 20
26 22
26 23
26 25
26 31
26 33
26 34
26 35
26 39
26 41
26 44
26 49
26 51
26 52
26 61
26 67
26 69
26 70
26 71
26 73
26 74
26 75
26 78
26 79
26 80
26 85
26 87
26 88
26 90
26 92
26 95
26 110
26 115
26 117
26 118
26 121
26 127
26 129
26 131
26 133
26 139
26 143
26 144
26 146
26 147
26 152
26 156
26 157
26 159
26 160
26 162
26 164
26 170
26 171
26 173
26 175
26 177
26 178
26 180
26 182
26 187
26 189
26 192
26 193
26 200
26 204
26 205
26 206
26 208
26 214
26 220
26 223
26 224
26 226
26 228
26 229
26 230
26 233
26 244
26 246
26 253
27 17
27 64
29 153
30 237
31 1
31 7
31 8
31 18
31 20
31 22
31 23
31 25
31 26
31 33
31 34
31 35
31 39
31 41
31 44
31 49
31 51
31 52
31 61
31 67
31 69
31 70
31 71
31 73
31 74
31 75
31 78
31 79
31 80
31 85
31 87
31 88
31 90
31 92
31 95
31 110
31 115
31 117
31 118
31 121
31 127
31 129
31 131
31 133
31 139
31 143
31 144
31 146
31 147
31 152
31 156
31 157
31 159
31 160
31 162
31 164
31 170
31 171
31 173
31 175
31 177
31 178
31 180
31 182
31 187
31 189
31 192
31 193
31 200
31 204
31 205
31 206
31 208
31 214
31 220
31 223
31 224
31 226
31 228
31 229
31 230
31 233
31 244
31 246
31 253
33 1
33 7
33 8
33 18
33 20
33 22
33 23
33 25
33 26
33 31
33 34
33 35
33 39
33 41
33 44
33 49
33 51
33 52
33 61
33 67
33 69
33 70
33 71
33 73
33 74
33 75
33 78
33 79
33 80
33 85
33 87
33 88
33 90
33 92
33 95
33 110
33 115
33 117
33 118
33 121
33 127
33 129
33 131
33 133
33 139
33 143
33 144
33 146
33 147
33 152
33 156
33 157
33 159
33 160
33 162
33 164
33 170
33 171
33 173
33 175
33 177
33 178
33 180
33 182
33 187
33 189
33 192
33 193
33 200
33 204
33 205
33 206
33 208
33 214
33 220
33 223
33 224
33 226
33 228
33 229
33 230
33 233
33 244
33 246
33 253
34 1
34 7
34 8
34 18
34 20
34 22
34 23
34 25
34 26
34 31
34 33
34 35
34 39
34 41
34 44
34 49
34 51
34 52
34 61
34 67
34 69
34 70
34 71
34 73
34 74
34 75
34 78
34 79
34 80
34 85
34 87
34 88
34 90
34 92
34 95
34 110
34 115
34 117
34 118
34 121
34 127
34 129
34 131
34 133
34 139
34 143
34 144
34 146
34 147
34 152
34 156
34 157
34 159
34 160
34 162
34 164
34 170
34 171
34 173
34 175
34 177
34 178
34 180
34 182
34 187
34 189
34 192
34 193
34 200
34 204
34 205
34 206
34 208
34 214
34 220
34 223
34 224
34 226
34 228
34 229
34 230
34 233
34 244
34 246
34 253
35 1
35 7
35 8
35 18
35 20
35 22
35 23
35 25
35 26
35 31
35 33
35 34
35 39
35 41
35 44
35 49
35 51
35 52
35 61
35 67
35 69
35 70
35 71
35 73
35 74
35 75
35 78
35 79
35 80
35 85
35 87
35 88
35 90
35 92
35 95
35 110
35 115
35 117
35 118
35 121
35 127
35 129
35 131
35 133
35 139
35 143
35 144
35 146
35 147
35 152
35 156
35 157
35 159
35 160
35 162
35 164
35 170
35 171
35 173
35 175
35 177
35 178
35 180
35 182
35 187
35 189
35 192
35 193
35 200
35 204
35 205
35 206
35 208
35 214
35 220
35 223
35 224
35 226
35 228
35 229
35 230
35 233
35 244
35 246
35 253
37 185
39 1
39 7
39 8
39 18
39 20
39 22
39 23
39 25
39 26
39 31
39 33
39 34
39 35
39 41
39 44
39 49
39 51
39 52
39 61
39 67
39 69
39 70
39 71
39 73
39 74
39 75
39 78
39 79
39 80
39 85
39 87
39 88
39 90
39 92
39 95
39 110
39 115
39 117
39 118
39 121
39 127
39 129
39 131
39 133
39 139
39 143
39 144
39 146
39 147
39 152
39 156
39 157
39 159
39 160
39 162
39 164
39 170
39 171
39 173
39 175
39 177
39 178
39 180
39 182
39 187
39 189
39 192
39 193
39 200
39 204
39 205
39 206
39 208
39 214
39 220
39 223
39 224
39 226
39 228
39 229
39 230
39 233
39 244
39 246
39 253
40 43
40 66
40 99
40 232
41 1
41 7
41 8
41 18
41 20
41 22
41 23
41 25
41 26
41 31
41 33
41 34
41 35
41 39
41 44
41 49
41 51
41 52
41 61
41 67
41 69
41 70
41 71
41 73
41 74
41 75
41 78
41 79
41 80
41 85
41 87
41 88
41 90
41 92
41 95
41 110
41 115
41 117
41 118
41 121
41 127
41 129
41 131
41 133
41 139
41 143
41 144
41 146
41 147
41 152
41 156
41 157
41 159
41 160
41 162
41 164
41 170
41 171
41 173
41 175
41 177
41 178
41 180
41 182
41 187
41 189
41 192
41 193
41 200
41 204
41 205
41 206
41 208
41 214
41 220
41 223
41 224
41 226
41 228
41 229
41 230
41 233
41 244
41 246
41 253
42 183
43 40
43 66
43 99
43 232
44 1
44 7
44 8
44 18
44 20
44 22
44 23
44 25
44 26
44 31
44 33
44 34
44 35
44 39
44 41
44 49
44 51
44 52
44 61
44 67
44 69
44 70
44 71
44 73
44 74
44 75
44 78
44 79
44 80
44 85
44 87
44 88
44 90
44 92
44 95
44 110
44 115
44 117
44 118
44 121
44 127
44 129
44 131
44 133
44 139
44 143
44 144
44 146
44 147
44 152
44 156
44 157
44 159
44 160
44 162
44 164
44 170
44 171
44 173
44 175
44 177
44 178
44 180
44 182
44 187
44 189
44 192
44 193
44 200
44 204
44 205
44 206
44 208
44 214
44 220
44 223
44 224
44 226
44 228
44 229
44 230
44 233
44 244
44 246
44 253
45 55
45 196
49 1
49 7
49 8
49 18
49 20
49 22
49 23
49 25
49 26
49 31
49 33
49 34
49 35
49 39
49 41
49 44
49 51
49 52
49 61
49 67
49 69
49 70
49 71
49 73
49 74
49 75
49 78
49 79
49 80
49 85
49 87
49 88
49 90
49 92
49 95
49 110
49 115
49 117
49 118
49 121
49 127
49 129
49 131
49 133
49 139
49 143
49 144
49 146
49 147
49 152
49 156
49 157
49 159
49 160
49 162
49 164
49 170
49 171
49 173
49 175
49 177
49 178
49 180
49 182
49 187
49 189
49 192
49 193
49 200
49 204
49 205
49 206
49 208
49 214
49 220
49 223
49 224
49 226
49 228
49 229
49 230
49 233
49 244
49 246
49 253
50 102
50 165
50 201
51 1
51 7
51 8
51 18
51 20
51 22
51 23
51 25
51 26
51 31
51 33
51 34
51 35
51 39
51 41
51 44
51 49
51 52
51 61
51 67
51 69
51 70
51 71
51 73
51 74
51 75
51 78
51 79
51 80
51 85
51 87
51 88
51 90
51 92
51 95
51 110
51 115
51 117
51 118
51 121
51 127
51 129
51 131
51 133
51 139
51 143
51 144
51 146
51 147
51 152
51 156
51 157
51 159
51 160
51 162
51 164
51 170
51 171
51 173
51 175
51 177
51 178
51 180
51 182
51 187
51 189
51 192
51 193
51 200
51 204
51 205
51 206
51 208
51 214
51 220
51 223
51 224
51 226
51 228
51 229
51 230
51 233
51 244
51 246
51 253
52 1
52 7
52 8
52 18
52 20
52 22
52 23
52 25
52 26
52 31
52 33
52 34
52 35
52 39
52 41
52 44
52 49
52 51
52 61
52 67
52 69
52 70
52 71
52 73
52 74
52 75
52 78
52 79
52 80
52 85
52 87
52 88
52 90
52 92
52 95
52 110
52 115
52 117
52 118
52 121
52 127
52 129
52 131
52 133
52 139
52 143
52 144
52 146
52 147
52 152
52 156
52 157
52 159
52 160
52 162
52 164
52 170
52 171
52 173
52 175
52 177
52 178
52 180
52 182
52 187
52 189
52 192
52 193
52 200
52 204
52 205
52 206
52 208
52 214
52 220
52 223
52 224
52 226
52 228
52 229
52 230
52 233
52 244
52 246
52 253
54 93
55 45
55 196
60 100
61 1
61 7
61 8
61 18
61 20
61 22
61 23
61 25
61 26
61 31
61 33
61 34
61 35
61 39
61 41
61 44
61 49
61 51
61 52
61 67
61 69
61 70
61 71
61 73
61 74
61 75
61 78
61 79
61 80
61 85
61 87
61 88
61 90
61 92
61 95
61 110
61 115
61 117
61 118
61 121
61 127
61 129
61 131
61 133
61 139
61 143
61 144
61 146
61 147
61 152
61 156
61 157
61 159
61 160
61 162
61 164
61 170
61 171
61 173
61 175
61 177
61 178
61 180
61 182
61 187
61 189
61 192
61 193
61 200
61 204
61 205
61 206
61 208
61 214
61 220
61 223
61 224
61 226
61 228
61 229
61 230
61 233
61 244
61 246
61 253
62 203
62 213
64 17
64 27
66 40
66 43
66 99
66 232
67 1
67 7
67 8
67 18
67 20
67 22
67 23
67 25
67 26
67 31
67 33
67 34
67 35
67 39
67 41
67 44
67 49
67 51
67 52
67 61
67 69
67 70
67 71
67 73
67 74
67 75
67 78
67 79
67 80
67 85
67 87
67 88
67 90
67 92
67 95
67 110
67 115
67 117
67 118
67 121
67 127
67 129
67 131
67 133
67 139
67 143
67 144
67 146
67 147
67 152
67 156
67 157
67 159
67 160
67 162
67 164
67 170
67 171
67 173
67 175
67 177
67 178
67 180
67 182
67 187
67 189
67 192
67 193
67 200
67 204
67 205
67 206
67 208
67 214
67 220
67 223
67 224
67 226
67 228
67 229
67 230
67 233
67 244
67 246
67 253
69 1
69 7
69 8
69 18
69 20
69 22
69 23
69 25
69 26
69 31
69 33
69 34
69 35
69 39
69 41
69 44
69 49
69 51
69 52
69 61
69 67
69 70
69 71
69 73
69 74
69 75
69 78
69 79
69 80
69 85
69 87
69 88
69 90
69 92
69 95
69 110
69 115
69 117
69 118
69 121
69 127
69 129
69 131
69 133
69 139
69 143
69 144
69 146
69 147
69 152
69 156
69 157
69 159
69 160
69 162
69 164
69 170
69 171
69 173
69 175
69 177
69 178
69 180
69 182
69 187
69 189
69 192
69 193
69 200
69 204
69 205
69 206
69 208
69 214
69 220
69 223
69 224
69 226
69 228
69 229
69 230
69 233
69 244
69 246
69 253
70 1
70 7
70 8
70 18
70 20
70 22
70 23
70 25
70 26
70 31
70 33
70 34
70 35
70 39
70 41
70 44
70 49
70 51
70 52
70 61
70 67
70 69
70 71
70 73
70 74
70 75
70 78
70 79
70 80
70 85
70 87
70 88
70 90
70 92
70 95
70 110
70 115
70 117
70 118
70 121
70 127
70 129
70 131
70 133
70 139
70 143
70 144
70 146
70 147
70 152
70 156
70 157
70 159
70 160
70 162
70 164
70 170
70 171
70 173
70 175
70 177
70 178
70 180
70 182
70 187
70 189
70 192
70 193
70 200
70 204
70 205
70 206
70 208
70 214
70 220
70 223
70 224
70 226
70 228
70 229
70 230
70 233
70 244
70 246
70 253
71 1
71 7
71 8
71 18
71 20
71 22
71 23
71 25
71 26
71 31
71 33
71 34
71 35
71 39
71 41
71 44
71 49
71 51
71 52
71 61
71 67
71 69
71 70
71 73
71 74
71 75
71 78
71 79
71 80
71 85
71 87
71 88
71 90
71 92
71 95
71 110
71 115
71 117
71 118
71 121
71 127
71 129
71 131
71 133
71 139
71 143
71 144
71 146
71 147
71 152
71 156
71 157
71 159
71 160
71 162
71 164
71 170
71 171
71 173
71 175
71 177
71 178
71 180
71 182
71 187
71 189
71 192
71 193
71 200
71 204
71 205
71 206
71 208
71 214
71 220
71 223
71 224
71 226
71 228
71 229
71 230
71 233
71 244
71 246
71 253
73 1
73 7
73 8
73 18
73 20
73 22
73 23
73 25
73 26
73 31
73 33
73 34
73 35
73 39
73 41
73 44
73 49
73 51
73 52
73 61
73 67
73 69
73 70
73 71
73 74
73 75
73 78
73 79
73 80
73 85
73 87
73 88
73 90
73 92
73 95
73 110
73 115
73 117
73 118
73 121
73 127
73 129
73 131
73 133
73 139
73 143
73 144
73 146
73 147
73 152
73 156
73 157
73 159
73 160
73 162
73 164
73 170
73 171
73 173
73 175
73 177
73 178
73 180
73 182
73 187
73 189
73 192
73 193
73 200
73 204
73 205
73 206
73 208
73 214
73 220
73 223
73 224
73 226
73 228
73 229
73 230
73 233
73 244
73 246
73 253
74 1
74 7
74 8
74 18
74 20
74 22
74 23
74 25
74 26
74 31
74 33
74 34
74 35
74 39
74 41
74 44
74 49
74 51
74 52
74 61
74 67
74 69
74 70
74 71
74 73
74 75
74 78
74 79
74 80
74 85
74 87
74 88
74 90
74 92
74 95
74 110
74 115
74 117
74 118
74 121
74 127
74 129
74 131
74 133
74 139
74 143
74 144
74 146
74 147
74 152
74 156
74 157
74 159
74 160
74 162
74 164
74 170
74 171
74 173
74 175
74 177
74 178
74 180
74 182
74 187
74 189
74 192
74 193
74 200
74 204
74 205
74 206
74 208
74 214
74 220
74 223
74 224
74 226
74 228
74 229
74 230
74 233
74 244
74 246
74 253
75 1
75 7
75 8
75 18
75 20
75 22
75 23
75 25
75 26
75 31
75 33
75 34
75 35
75 39
75 41
75 44
75 49
75 51
75 52
75 61
75 67
75 69
75 70
75 71
75 73
75 74
75 78
75 79
75 80
75 85
75 87
75 88
75 90
75 92
75 95
75 110
75 115
75 117
75 118
75 121
75 127
75 129
75 131
75 133
75 139
75 143
75 144
75 146
75 147
75 152
75 156
75 157
75 159
75 160
75 162
75 164
75 170
75 171
75 173
75 175
75 177
75 178
75 180
75 182
75 187
75 189
75 192
75 193
75 200
75 204
75 205
75 206
75 208
75 214
75 220
75 223
75 224
75 226
75 228
75 229
75 230
75 233
75 244
75 246
75 253
78 1
78 7
78 8
78 18
78 20
78 22
78 23
78 25
78 26
78 31
78 33
78 34
78 35
78 39
78 41
78 44
78 49
78 51
78 52
78 61
78 67
78 69
78 70
78 71
78 73
78 74
78 75
78 79
78 80
78 85
78 87
78 88
78 90
78 92
78 95
78 110
78 115
78 117
78 118
78 121
78 127
78 129
78 131
78 133
78 139
78 143
78 144
78 146
78 147
78 152
78 156
78 157
78 159
78 160
78 162
78 164
78 170
78 171
78 173
78 175
78 177
78 178
78 180
78 182
78 187
78 189
78 192
78 193
78 200
78 204
78 205
78 206
78 208
78 214
78 220
78 223
78 224
78 226
78 228
78 229
78 230
78 233
78 244
78 246
78 253
79 1
79 7
79 8
79 18
79 20
79 22
79 23
79 25
79 26
79 31
79 33
79 34
79 35
79 39
79 41
79 44
79 49
79 51
79 52
79 61
79 67
79 69
79 70
79 71
79 73
79 74
79 75
79 78
79 80
79 85
79 87
79 88
79 90
79 92
79 95
79 110
79 115
79 117
79 118
79 121
79 127
79 129
79 131
79 133
79 139
79 143
79 144
79 146
79 147
79 152
79 156
79 157
79 159
79 160
79 162
79 164
79 170
79 171
79 173
79 175
79 177
79 178
79 180
79 182
79 187
79 189
79 192
79 193
79 200
79 204
79 205
79 206
79 208
79 214
79 220
79 223
79 224
79 226
79 228
79 229
79 230
79 233
79 244
79 246
79 253
80 1
80 7
80 8
80 18
80 20
80 22
80 23
80 25
80 26
80 31
80 33
80 34
80 35
80 39
80 41
80 44
80 49
80 51
80 52
80 61
80 67
80 69
80 70
80 71
80 73
80 74
80 75
80 78
80 79
80 85
80 87
80 88
80 90
80 92
80 95
80 110
80 115
80 117
80 118
80 121
80 127
80 129
80 131
80 133
80 139
80 143
80 144
80 146
80 147
80 152
80 156
80 157
80 159
80 160
80 162
80 164
80 170
80 171
80 173
80 175
80 177
80 178
80 180
80 182
80 187
80 189
80 192
80 193
80 200
80 204
80 205
80 206
80 208
80 214
80 220
80 223
80 224
80 226
80 228
80 229
80 230
80 233
80 244
80 246
80 253
85 1
85 7
85 8
85 18
85 20
85 22
85 23
85 25
85 26
85 31
85 33
85 34
85 35
85 39
85 41
85 44
85 49
85 51
85 52
85 61
85 67
85 69
85 70
85 71
85 73
85 74
85 75
85 78
85 79
85 80
85 87
85 88
85 90
85 92
85 95
85 110
85 115
85 117
85 118
85 121
85 127
85 129
85 131
85 133
85 139
85 143
85 144
85 146
85 147
85 152
85 156
85 157
85 159
85 160
85 162
85 164
85 170
85 171
85 173
85 175
85 177
85 178
85 180
85 182
85 187
85 189
85 192
85 193
85 200
85 204
85 205
85 206
85 208
85 214
85 220
85 223
85 224
85 226
85 228
85 229
85 230
85 233
85 244
85 246
85 253
87 1
87 7
87 8
87 18
87 20
87 22
87 23
87 25
87 26
87 31
87 33
87 34
87 35
87 39
87 41
87 44
87 49
87 51
87 52
87 61
87 67
87 69
87 70
87 71
87 73
87 74
87 75
87 78
87 79
87 80
87 85
87 88
87 90
87 92
87 95
87 110
87 115
87 117
87 118
87 121
87 127
87 129
87 131
87 133
87 139
87 143
87 144
87 146
87 147
87 152
87 156
87 157
87 159
87 160
87 162
87 164
87 170
87 171
87 173
87 175
87 177
87 178
87 180
87 182
87 187
87 189
87 192
87 193
87 200
87 204
87 205
87 206
87 208
87 214
87 220
87 223
87 224
87 226
87 228
87 229
87 230
87 233
87 244
87 246
87 253
88 1
88 7
88 8
88 18
88 20
88 22
88 23
88 25
88 26
88 31
88 33
88 34
88 35
88 39
88 41
88 44
88 49
88 51
88 52
88 61
88 67
88 69
88 70
88 71
88 73
88 74
88 75
88 78
88 79
88 80
88 85
88 87
88 90
88 92
88 95
88 110
88 115
88 117
88 118
88 121
88 127
88 129
88 131
88 133
88 139
88 143
88 144
88 146
88 147
88 152
88 156
88 157
88 159
88 160
88 162
88 164
88 170
88 171
88 173
88 175
88 177
88 178
88 180
88 182
88 187
88 189
88 192
88 193
88 200
88 204
88 205
88 206
88 208
88 214
88 220
88 223
88 224
88 226
88 228
88 229
88 230
88 233
88 244
88 246
88 253
89 122
89 210
90 1
90 7
90 8
90 18
90 20
90 22
90 23
90 25
90 26
90 31
90 33
90 34
90 35
90 39
90 41
90 44
90 49
90 51
90 52
90 61
90 67
90 69
90 70
90 71
90 73
90 74
90 75
90 78
90 79
90 80
90 85
90 87
90 88
90 92
90 95
90 110
90 115
90 117
90 118
90 121
90 127
90 129
90 131
90 133
90 139
90 143
90 144
90 146
90 147
90 152
90 156
90 157
90 159
90 160
90 162
90 164
90 170
90 171
90 173
90 175
90 177
90 178
90 180
90 182
90 187
90 189
90 192
90 193
90 200
90 204
90 205
90 206
90 208
90 214
90 220
90 223
90 224
90 226
90 228
90 229
90 230
90 233
90 244
90 246
90 253
92 1
92 7
92 8
92 18
92 20
92 22
92 23
92 25
92 26
92 31
92 33
92 34
92 35
92 39
92 41
92 44
92 49
92 51
92 52
92 61
92 67
92 69
92 70
92 71
92 73
92 74
92 75
92 78
92 79
92 80
92 85
92 87
92 88
92 90
92 95
92 110
92 115
92 117
92 118
92 121
92 127
92 129
92 131
92 133
92 139
92 143
92 144
92 146
92 147
92 152
92 156
92 157
92 159
92 160
92 162
92 164
92 170
92 171
92 173
92 175
92 177
92 178
92 180
92 182
92 187
92 189
92 192
92 193
92 200
92 204
92 205
92 206
92 208
92 214
92 220
92 223
92 224
92 226
92 228
92 229
92 230
92 233
92 244
92 246
92 253
93 54
94 0
94 222
95 1
95 7
95 8
95 18
95 20
95 22
95 23
95 25
95 26
95 31
95 33
95 34
95 35
95 39
95 41
95 44
95 49
95 51
95 52
95 61
95 67
95 69
95 70
95 71
95 73
95 74
95 75
95 78
95 79
95 80
95 85
95 87
95 88
95 90
95 92
95 110
95 115
95 117
95 118
95 121
95 127
95 129
95 131
95 133
95 139
95 143
95 144
95 146
95 147
95 152
95 156
95 157
95 159
95 160
95 162
95 164
95 170
95 171
95 173
95 175
95 177
95 178
95 180
95 182
95 187
95 189
95 192
95 193
95 200
95 204
95 205
95 206
95 208
95 214
95 220
95 223
95 224
95 226
95 228
95 229
95 230
95 233
95 244
95 246
95 253
99 40
99 43
99 66
99 232
100 60
102 50
102 165
102 201
103 150
110 1
110 7
110 8
110 18
110 20
110 22
110 23
110 25
110 26
110 31
110 33
110 34
110 35
110 39
110 41
110 44
110 49
110 51
110 52
110 61
110 67
110 69
110 70
110 71
110 73
110 74
110 75
110 78
110 79
110 80
110 85
110 87
110 88
110 90
110 92
110 95
110 115
110 117
110 118
110 121
110 127
110 129
110 131
110 133
110 139
110 143
110 144
110 146
110 147
110 152
110 156
110 157
110 159
110 160
110 162
110 164
110 170
110 171
110 173
110 175
110 177
110 178
110 180
110 182
110 187
110 189
110 192
110 193
110 200
110 204
110 205
110 206
110 208
110 214
110 220
110 223
110 224
110 226
110 228
110 229
110 230
110 233
110 244
110 246
110 253
114 11
114 149
114 251
115 1
115 7
115 8
115 18
115 20
115 22
115 23
115 25
115 26
115 31
115 33
115 34
115 35
115 39
115 41
115 44
115 49
115 51
115 52
115 61
115 67
115 69
115 70
115 71
115 73
115 74
115 75
115 78
115 79
115 80
115 85
115 87
115 88
115 90
115 92
115 95
115 110
115 117
115 118
115 121
115 127
115 129
115 131
115 133
115 139
115 143
115 144
115 146
115 147
115 152
115 156
115 157
115 159
115 160
115 162
115 164
115 170
115 171
115 173
115 175
115 177
115 178
115 180
115 182
115 187
115 189
115 192
115 193
115 200
115 204
115 205
115 206
115 208
115 214
115 220
115 223
115 224
115 226
115 228
115 229
115 230
115 233
115 244
115 246
115 253
117 1
117 7
117 8
117 18
117 20
117 22
117 23
117 25
117 26
117 31
117 33
117 34
117 35
117 39
117 41
117 44
117 49
117 51
117 52
117 61
117 67
117 69
117 70
117 71
117 73
117 74
117 75
117 78
117 79
117 80
117 85
117 87
117 88
117 90
117 92
117 95
117 110
117 115
117 118
117 121
117 127
117 129
117 131
117 133
117 139
117 143
117 144
117 146
117 147
117 152
117 156
117 157
117 159
117 160
117 162
117 164
117 170
117 171
117 173
117 175
117 177
117 178
117 180
117 182
117 187
117 189
117 192
117 193
117 200
117 204
117 205
117 206
117 208
117 214
117 220
117 223
117 224
117 226
117 228
117 229
117 230
117 233
117 244
117 246
117 253
118 1
118 7
118 8
118 18
118 20
118 22
118 23
118 25
118 26
118 31
118 33
118 34
118 35
118 39
118 41
118 44
118 49
118 51
118 52
118 61
118 67
118 69
118 70
118 71
118 73
118 74
118 75
118 78
118 79
118 80
118 85
118 87
118 88
118 90
118 92
118 95
118 110
118 115
118 117
118 121
118 127
118 129
118 131
118 133
118 139
118 143
118 144
118 146
118 147
118 152
118 156
118 157
118 159
118 160
118 162
118 164
118 170
118 171
118 173
118 175
118 177
118 178
118 180
118 182
118 187
118 189
118 192
118 193
118 200
118 204
118 205
118 206
118 208
118 214
118 220
118 223
118 224
118 226
118 228
118 229
118 230
118 233
118 244
118 246
118 253
120 219
121 1
121 7
121 8
121 18
121 20
121 22
121 23
121 25
121 26
121 31
121 33
121 34
121 35
121 39
121 41
121 44
121 49
121 51
121 52
121 61
121 67
121 69
121 70
121 71
121 73
121 74
121 75
121 78
121 79
121 80
121 85
121 87
121 88
121 90
121 92
121 95
121 110
121 115
121 117
121 118
121 127
121 129
121 131
121 133
121 139
121 143
121 144
121 146
121 147
121 152
121 156
121 157
121 159
121 160
121 162
121 164
121 170
121 171
121 173
121 175
121 177
121 178
121 180
121 182
121 187
121 189
121 192
121 193
121 200
121 204
121 205
121 206
121 208
121 214
121 220
121 223
121 224
121 226
121 228
121 229
121 230
121 233
121 244
121 246
121 253
122 89
122 210
127 1
127 7
127 8
127 18
127 20
127 22
127 23
127 25
127 26
127 31
127 33
127 34
127 35
127 39
127 41
127 44
127 49
127 51
127 52
127 61
127 67
127 69
127 70
127 71
127 73
127 74
127 75
127 78
127 79
127 80
127 85
127 87
127 88
127 90
127 92
127 95
127 110
127 115
127 117
127 118
127 121
127 129
127 131
127 133
127 139
127 143
127 144
127 146
127 147
127 152
127 156
127 157
127 159
127 160
127 162
127 164
127 170
127 171
127 173
127 175
127 177
127 178
127 180
127 182
127 187
127 189
127 192
127 193
127 200
127 204
127 205
127 206
127 208
127 214
127 220
127 223
127 224
127 226
127 228
127 229
127 230
127 233
127 244
127 246
127 253
128 240
129 1
129 7
129 8
129 18
129 20
129 22
129 23
129 25
129 26
129 31
129 33
129 34
129 35
129 39
129 41
129 44
129 49
129 51
129 52
129 61
129 67
129 69
129 70
129 71
129 73
129 74
129 75
129 78
129 79
129 80
129 85
129 87
129 88
129 90
129 92
129 95
129 110
129 115
129 117
129 118
129 121
129 127
129 131
129 133
129 139
129 143
129 144
129 146
129 147
129 152
129 156
129 157
129 159
129 160
129 162
129 164
129 170
129 171
129 173
129 175
129 177
129 178
129 180
129 182
129 187
129 189
129 192
129 193
129 200
129 204
129 205
129 206
129 208
129 214
129 220
129 223
129 224
129 226
129 228
129 229
129 230
129 233
129 244
129 246
129 253
131 1
131 7
131 8
131 18
131 20
131 22
131 23
131 25
131 26
131 31
131 33
131 34
131 35
131 39
131 41
131 44
131 49
131 51
131 52
131 61
131 67
131 69
131 70
131 71
131 73
131 74
131 75
131 78
131 79
131 80
131 85
131 87
131 88
131 90
131 92
131 95
131 110
131 115
131 117
131 118
131 121
131 127
131 129
131 133
131 139
131 143
131 144
131 146
131 147
131 152
131 156
131 157
131 159
131 160
131 162
131 164
131 170
131 171
131 173
131 175
131 177
131 178
131 180
131 182
131 187
131 189
131 192
131 193
131 200
131 204
131 205
131 206
131 208
131 214
131 220
131 223
131 224
131 226
131 228
131 229
131 230
131 233
131 244
131 246
131 253
133 1
133 7
133 8
133 18
133 20
133 22
133 23
133 25
133 26
133 31
133 33
133 34
133 35
133 39
133 41
133 44
133 49
133 51
133 52
133 61
133 67
133 69
133 70
133 71
133 73
133 74
133 75
133 78
133 79
133 80
133 85
133 87
133 88
133 90
133 92
133 95
133 110
133 115
133 117
133 118
133 121
133 127
133 129
133 131
133 139
133 143
133 144
133 146
133 147
133 152
133 156
133 157
133 159
133 160
133 162
133 164
133 170
133 171
133 173
133 175
133 177
133 178
133 180
133 182
133 187
133 189
133 192
133 193
133 200
133 204
133 205
133 206
133 208
133 214
133 220
133 223
133 224
133 226
133 228
133 229
133 230
133 233
133 244
133 246
133 253
137 245
139 1
139 7
139 8
139 18
139 20
139 22
139 23
139 25
139 26
139 31
139 33
139 34
139 35
139 39
139 41
139 44
139 49
139 51
139 52
139 61
139 67
139 69
139 70
139 71
139 73
139 74
139 75
139 78
139 79
139 80
139 85
139 87
139 88
139 90
139 92
139 95
139 110
139 115
139 117
139 118
139 121
139 127
139 129
139 131
139 133
139 143
139 144
139 146
139 147
139 152
139 156
139 157
139 159
139 160
139 162
139 164
139 170
139 171
139 173
139 175
139 177
139 178
139 180
139 182
139 187
139 189
139 192
139 193
139 200
139 204
139 205
139 206
139 208
139 214
139 220
139 223
139 224
139 226
139 228
139 229
139 230
139 233
139 244
139 246
139 253
143 1
143 7
143 8
143 18
143 20
143 22
143 23
143 25
143 26
143 31
143 33
143 34
143 35
143 39
143 41
143 44
143 49
143 51
143 52
143 61
143 67
143 69
143 70
143 71
143 73
143 74
143 75
143 78
143 79
143 80
143 85
143 87
143 88
143 90
143 92
143 95
143 110
143 115
143 117
143 118
143 121
143 127
143 129
143 131
143 133
143 139
143 144
143 146
143 147
143 152
143 156
143 157
143 159
143 160
143 162
143 164
143 170
143 171
143 173
143 175
143 177
143 178
143 180
143 182
143 187
143 189
143 192
143 193
143 200
143 204
143 205
143 206
143 208
143 214
143 220
143 223
143 224
143 226
143 228
143 229
143 230
143 233
143 244
143 246
143 253
144 1
144 7
144 8
144 18
144 20
144 22
144 23
144 25
144 26
144 31
144 33
144 34
144 35
144 39
144 41
144 44
144 49
144 51
144 52
144 61
144 67
144 69
144 70
144 71
144 73
144 74
144 75
144 78
144 79
144 80
144 85
144 87
144 88
144 90
144 92
144 95
144 110
144 115
144 117
144 118
144 121
144 127
144 129
144 131
144 133
144 139
144 143
144 146
144 147
144 152
144 156
144 157
144 159
144 160
144 162
144 164
144 170
144 171
144 173
144 175
144 177
144 178
144 180
144 182
144 187
144 189
144 192
144 193
144 200
144 204
144 205
144 206
144 208
144 214
144 220
144 223
144 224
144 226
144 228
144 229
144 230
144 233
144 244
144 246
144 253
146 1
146 7
146 8
146 18
146 20
146 22
146 23
146 25
146 26
146 31
146 33
146 34
146 35
146 39
146 41
146 44
146 49
146 51
146 52
146 61
146 67
146 69
146 70
146 71
146 73
146 74
146 75
146 78
146 79
146 80
146 85
146 87
146 88
146 90
146 92
146 95
146 110
146 115
146 117
146 118
146 121
146 127
146 129
146 131
146 133
146 139
146 143
146 144
146 147
146 152
146 156
146 157
146 159
146 160
146 162
146 164
146 170
146 171
146 173
146 175
146 177
146 178
146 180
146 182
146 187
146 189
146 192
146 193
146 200
146 204
146 205
146 206
146 208
146 214
146 220
146 223
146 224
146 226
146 228
146 229
146 230
146 233
146 244
146 246
146 253
147 1
147 7
147 8
147 18
147 20
147 22
147 23
147 25
147 26
147 31
147 33
147 34
147 35
147 39
147 41
147 44
147 49
147 51
147 52
147 61
147 67
147 69
147 70
147 71
147 73
147 74
147 75
147 78
147 79
147 80
147 85
147 87
147 88
147 90
147 92
147 95
147 110
147 115
147 117
147 118
147 121
147 127
147 129
147 131
147 133
147 139
147 143
147 144
147 146
147 152
147 156
147 157
147 159
147 160
147 162
147 164
147 170
147 171
147 173
147 175
147 177
147 178
147 180
147 182
147 187
147 189
147 192
147 193
147 200
147 204
147 205
147 206
147 208
147 214
147 220
147 223
147 224
147 226
147 228
147 229
147 230
147 233
147 244
147 246
147 253
148 181
149 11
149 114
149 251
150 103
152 1
152 7
152 8
152 18
152 20
152 22
152 23
152 25
152 26
152 31
152 33
152 34
152 35
152 39
152 41
152 44
152 49
152 51
152 52
152 61
152 67
152 69
152 70
152 71
152 73
152 74
152 75
152 78
152 79
152 80
152 85
152 87
152 88
152 90
152 92
152 95
152 110
152 115
152 117
152 118
152 121
152 127
152 129
152 131
152 133
152 139
152 143
152 144
152 146
152 147
152 156
152 157
152 159
152 160
152 162
152 164
152 170
152 171
152 173
152 175
152 177
152 178
152 180
152 182
152 187
152 189
152 192
152 193
152 200
152 204
152 205
152 206
152 208
152 214
152 220
152 223
152 224
152 226
152 228
152 229
152 230
152 233
152 244
152 246
152 253
153 29
156 1
156 7
156 8
156 18
156 20
156 22
156 23
156 25
156 26
156 31
156 33
156 34
156 35
156 39
156 41
156 44
156 49
156 51
156 52
156 61
156 67
156 69
156 70
156 71
156 73
156 74
156 75
156 78
156 79
156 80
156 85
156 87
156 88
156 90
156 92
156 95
156 110
156 115
156 117
156 118
156 121
156 127
156 129
156 131
156 133
156 139
156 143
156 144
156 146
156 147
156 152
156 157
156 159
156 160
156 162
156 164
156 170
156 171
156 173
156 175
156 177
156 178
156 180
156 182
156 187
156 189
156 192
156 193
156 200
156 204
156 205
156 206
156 208
156 214
156 220
156 223
156 224
156 226
156 228
156 229
156 230
156 233
156 244
156 246
156 253
157 1
157 7
157 8
157 18
157 20
157 22
157 23
157 25
157 26
157 31
157 33
157 34
157 35
157 39
157 41
157 44
157 49
157 51
157 52
157 61
157 67
157 69
157 70
157 71
157 73
157 74
157 75
157 78
157 79
157 80
157 85
157 87
157 88
157 90
157 92
157 95
157 110
157 115
157 117
157 118
157 121
157 127
157 129
157 131
157 133
157 139
157 143
157 144
157 146
157 147
157 152
157 156
157 159
157 160
157 162
157 164
157 170
157 171
157 173
157 175
157 177
157 178
157 180
157 182
157 187
157 189
157 192
157 193
157 200
157 204
157 205
157 206
157 208
157 214
157 220
157 223
157 224
157 226
157 228
157 229
157 230
157 233
157 244
157 246
157 253
159 1
159 7
159 8
159 18
159 20
159 22
159 23
159 25
159 26
159 31
159 33
159 34
159 35
159 39
159 41
159 44
159 49
159 51
159 52
159 61
159 67
159 69
159 70
159 71
159 73
159 74
159 75
159 78
159 79
159 80
159 85
159 87
159 88
159 90
159 92
159 95
159 110
159 115
159 117
159 118
159 121
159 127
159 129
159 131
159 133
159 139
159 143
159 144
159 146
159 147
159 152
159 156
159 157
159 160
159 162
159 164
159 170
159 171
159 173
159 175
159 177
159 178
159 180
159 182
159 187
159 189
159 192
159 193
159 200
159 204
159 205
159 206
159 208
159 214
159 220
159 223
159 224
159 226
159 228
159 229
159 230
159 233
159 244
159 246
159 253
160 1
160 7
160 8
160 18
160 20
160 22
160 23
160 25
160 26
160 31
160 33
160 34
160 35
160 39
160 41
160 44
160 49
160 51
160 52
160 61
160 67
160 69
160 70
160 71
160 73
160 74
160 75
160 78
160 79
160 80
160 85
160 87
160 88
160 90
160 92
160 95
160 110
160 115
160 117
160 118
160 121
160 127
160 129
160 131
160 133
160 139
160 143
160 144
160 146
160 147
160 152
160 156
160 157
160 159
160 162
160 164
160 170
160 171
160 173
160 175
160 177
160 178
160 180
160 182
160 187
160 189
160 192
160 193
160 200
160 204
160 205
160 206
160 208
160 214
160 220
160 223
160 224
160 226
160 228
160 229
160 230
160 233
160 244
160 246
160 253
162 1
162 7
162 8
162 18
162 20
162 22
162 23
162 25
162 26
162 31
162 33
162 34
162 35
162 39
162 41
162 44
162 49
162 51
162 52
162 61
162 67
162 69
162 70
162 71
162 73
162 74
162 75
162 78
162 79
162 80
162 85
162 87
162 88
162 90
162 92
162 95
162 110
162 115
162 117
162 118
162 121
162 127
162 129
162 131
162 133
162 139
162 143
162 144
162 146
162 147
162 152
162 156
162 157
162 159
162 160
162 164
162 170
162 171
162 173
162 175
162 177
162 178
162 180
162 182
162 187
162 189
162 192
162 193
162 200
162 204
162 205
162 206
162 208
162 214
162 220
162 223
162 224
162 226
162 228
162 229
162 230
162 233
162 244
162 246
162 253
164 1
164 7
164 8
164 18
164 20
164 22
164 23
164 25
164 26
164 31
164 33
164 34
164 35
164 39
164 41
164 44
164 49
164 51
164 52
164 61
164 67
164 69
164 70
164 71
164 73
164 74
164 75
164 78
164 79
164 80
164 85
164 87
164 88
164 90
164 92
164 95
164 110
164 115
164 117
164 118
164 121
164 127
164 129
164 131
164 133
164 139
164 143
164 144
164 146
164 147
164 152
164 156
164 157
164 159
164 160
164 162
164 170
164 171
164 173
164 175
164 177
164 178
164 180
164 182
164 187
164 189
164 192
164 193
164 200
164 204
164 205
164 206
164 208
164 214
164 220
164 223
164 224
164 226
164 228
164 229
164 230
164 233
164 244
164 246
164 253
165 50
165 102
165 201
166 250
168 254
170 1
170 7
170 8
170 18
170 20
170 22
170 23
170 25
170 26
170 31
170 33
170 34
170 35
170 39
170 41
170 44
170 49
170 51
170 52
170 61
170 67
170 69
170 70
170 71
170 73
170 74
170 75
170 78
170 79
170 80
170 85
170 87
170 88
170 90
170 92
170 95
170 110
170 115
170 117
170 118
170 121
170 127
170 129
170 131
170 133
170 139
170 143
170 144
170 146
170 147
170 152
170 156
170 157
170 159
170 160
170 162
170 164
170 171
170 173
170 175
170 177
170 178
170 180
170 182
170 187
170 189
170 192
170 193
170 200
170 204
170 205
170 206
170 208
170 214
170 220
170 223
170 224
170 226
170 228
170 229
170 230
170 233
170 244
170 246
170 253
171 1
171 7
171 8
171 18
171 20
171 22
171 23
171 25
171 26
171 31
171 33
171 34
171 35
171 39
171 41
171 44
171 49
171 51
171 52
171 61
171 67
171 69
171 70
171 71
171 73
171 74
171 75
171 78
171 79
171 80
171 85
171 87
171 88
171 90
171 92
171 95
171 110
171 115
171 117
171 118
171 121
171 127
171 129
171 131
171 133
171 139
171 143
171 144
171 146
171 147
171 152
171 156
171 157
171 159
171 160
171 162
171 164
171 170
171 173
171 175
171 177
171 178
171 180
171 182
171 187
171 189
171 192
171 193
171 200
171 204
171 205
171 206
171 208
171 214
171 220
171 223
171 224
171 226
171 228
171 229
171 230
171 233
171 244
171 246
171 253
173 1
173 7
173 8
173 18
173 20
173 22
173 23
173 25
173 26
173 31
173 33
173 34
173 35
173 39
173 41
173 44
173 49
173 51
173 52
173 61
173 67
173 69
173 70
173 71
173 73
173 74
173 75
173 78
173 79
173 80
173 85
173 87
173 88
173 90
173 92
173 95
173 110
173 115
173 117
173 118
173 121
173 127
173 129
173 131
173 133
173 139
173 143
173 144
173 146
173 147
173 152
173 156
173 157
173 159
173 160
173 162
173 164
173 170
173 171
173 175
173 177
173 178
173 180
173 182
173 187
173 189
173 192
173 193
173 200
173 204
173 205
173 206
173 208
173 214
173 220
173 223
173 224
173 226
173 228
173 229
173 230
173 233
173 244
173 246
173 253
175 1
175 7
175 8
175 18
175 20
175 22
175 23
175 25
175 26
175 31
175 33
175 34
175 35
175 39
175 41
175 44
175 49
175 51
175 52
175 61
175 67
175 69
175 70
175 71
175 73
175 74
175 75
175 78
175 79
175 80
175 85
175 87
175 88
175 90
175 92
175 95
175 110
175 115
175 117
175 118
175 121
175 127
175 129
175 131
175 133
175 139
175 143
175 144
175 146
175 147
175 152
175 156
175 157
175 159
175 160
175 162
175 164
175 170
175 171
175 173
175 177
175 178
175 180
175 182
175 187
175 189
175 192
175 193
175 200
175 204
175 205
175 206
175 208
175 214
175 220
175 223
175 224
175 226
175 228
175 229
175 230
175 233
175 244
175 246
175 253
177 1
177 7
177 8
177 18
177 20
177 22
177 23
177 25
177 26
177 31
177 33
177 34
177 35
177 39
177 41
177 44
177 49
177 51
177 52
177 61
177 67
177 69
177 70
177 71
177 73
177 74
177 75
177 78
177 79
177 80
177 85
177 87
177 88
177 90
177 92
177 95
177 110
177 115
177 117
177 118
177 121
177 127
177 129
177 131
177 133
177 139
177 143
177 144
177 146
177 147
177 152
177 156
177 157
177 159
177 160
177 162
177 164
177 170
177 171
177 173
177 175
177 178
177 180
177 182
177 187
177 189
177 192
177 193
177 200
177 204
177 205
177 206
177 208
177 214
177 220
177 223
177 224
177 226
177 228
177 229
177 230
177 233
177 244
177 246
177 253
178 1
178 7
178 8
178 18
178 20
178 22
178 23
178 25
178 26
178 31
178 33
178 34
178 35
178 39
178 41
178 44
178 49
178 51
178 52
178 61
178 67
178 69
178 70
178 71
178 73
178 74
178 75
178 78
178 79
178 80
178 85
178 87
178 88
178 90
178 92
178 95
178 110
178 115
178 117
178 118
178 121
178 127
178 129
178 131
178 133
178 139
178 143
178 144
178 146
178 147
178 152
178 156
178 157
178 159
178 160
178 162
178 164
178 170
178 171
178 173
178 175
178 177
178 180
178 182
178 187
178 189
178 192
178 193
178 200
178 204
178 205
178 206
178 208
178 214
178 220
178 223
178 224
178 226
178 228
178 229
178 230
178 233
178 244
178 246
178 253
180 1
180 7
180 8
180 18
180 20
180 22
180 23
180 25
180 26
180 31
180 33
180 34
180 35
180 39
180 41
180 44
180 49
180 51
180 52
180 61
180 67
180 69
180 70
180 71
180 73
180 74
180 75
180 78
180 79
180 80
180 85
180 87
180 88
180 90
180 92
180 95
180 110
180 115
180 117
180 118
180 121
180 127
180 129
180 131
180 133
180 139
180 143
180 144
180 146
180 147
180 152
180 156
180 157
180 159
180 160
180 162
180 164
180 170
180 171
180 173
180 175
180 177
180 178
180 182
180 187
180 189
180 192
180 193
180 200
180 204
180 205
180 206
180 208
180 214
180 220
180 223
180 224
180 226
180 228
180 229
180 230
180 233
180 244
180 246
180 253
181 148
182 1
182 7
182 8
182 18
182 20
182 22
182 23
182 25
182 26
182 31
182 33
182 34
182 35
182 39
182 41
182 44
182 49
182 51
182 52
182 61
182 67
182 69
182 70
182 71
182 73
182 74
182 75
182 78
182 79
182 80
182 85
182 87
182 88
182 90
182 92
182 95
182 110
182 115
182 117
182 118
182 121
182 127
182 129
182 131
182 133
182 139
182 143
182 144
182 146
182 147
182 152
182 156
182 157
182 159
182 160
182 162
182 164
182 170
182 171
182 173
182 175
182 177
182 178
182 180
182 187
182 189
182 192
182 193
182 200
182 204
182 205
182 206
182 208
182 214
182 220
182 223
182 224
182 226
182 228
182 229
182 230
182 233
182 244
182 246
182 253
183 42
185 37
187 1
187 7
187 8
187 18
187 20
187 22
187 23
187 25
187 26
187 31
187 33
187 34
187 35
187 39
187 41
187 44
187 49
187 51
187 52
187 61
187 67
187 69
187 70
187 71
187 73
187 74
187 75
187 78
187 79
187 80
187 85
187 87
187 88
187 90
187 92
187 95
187 110
187 115
187 117
187 118
187 121
187 127
187 129
187 131
187 133
187 139
187 143
187 144
187 146
187 147
187 152
187 156
187 157
187 159
187 160
187 162
187 164
187 170
187 171
187 173
187 175
187 177
187 178
187 180
187 182
187 189
187 192
187 193
187 200
187 204
187 205
187 206
187 208
187 214
187 220
187 223
187 224
187 226
187 228
187 229
187 230
187 233
187 244
187 246
187 253
189 1
189 7
189 8
189 18
189 20
189 22
189 23
189 25
189 26
189 31
189 33
189 34
189 35
189 39
189 41
189 44
189 49
189 51
189 52
189 61
189 67
189 69
189 70
189 71
189 73
189 74
189 75
189 78
189 79
189 80
189 85
189 87
189 88
189 90
189 92
189 95
189 110
189 115
189 117
189 118
189 121
189 127
189 129
189 131
189 133
189 139
189 143
189 144
189 146
189 147
189 152
189 156
189 157
189 159
189 160
189 162
189 164
189 170
189 171
189 173
189 175
189 177
189 178
189 180
189 182
189 187
189 192
189 193
189 200
189 204
189 205
189 206
189 208
189 214
189 220
189 223
189 224
189 226
189 228
189 229
189 230
189 233
189 244
189 246
189 253
192 1
192 7
192 8
192 18
192 20
192 22
192 23
192 25
192 26
192 31
192 33
192 34
192 35
192 39
192 41
192 44
192 49
192 51
192 52
192 61
192 67
192 69
192 70
192 71
192 73
192 74
192 75
192 78
192 79
192 80
192 85
192 87
192 88
192 90
192 92
192 95
192 110
192 115
192 117
192 118
192 121
192 127
192 129
192 131
192 133
192 139
192 143
192 144
192 146
192 147
192 152
192 156
192 157
192 159
192 160
192 162
192 164
192 170
192 171
192 173
192 175
192 177
192 178
192 180
192 182
192 187
192 189
192 193
192 200
192 204
192 205
192 206
192 208
192 214
192 220
192 223
192 224
192 226
192 228
192 229
192 230
192 233
192 244
192 246
192 253
193 1
193 7
193 8
193 18
193 20
193 22
193 23
193 25
193 26
193 31
193 33
193 34
193 35
193 39
193 41
193 44
193 49
193 51
193 52
193 61
193 67
193 69
193 70
193 71
193 73
193 74
193 75
193 78
193 79
193 80
193 85
193 87
193 88
193 90
193 92
193 95
193 110
193 115
193 117
193 118
193 121
193 127
193 129
193 131
193 133
193 139
193 143
193 144
193 146
193 147
193 152
193 156
193 157
193 159
193 160
193 162
193 164
193 170
193 171
193 173
193 175
193 177
193 178
193 180
193 182
193 187
193 189
193 192
193 200
193 204
193 205
193 206
193 208
193 214
193 220
193 223
193 224
193 226
193 228
193 229
193 230
193 233
193 244
193 246
193 253
196 45
196 55
198 211
199 9
200 1
200 7
200 8
200 18
200 20
200 22
200 23
200 25
200 26
200 31
200 33
200 34
200 35
200 39
200 41
200 44
200 49
200 51
200 52
200 61
200 67
200 69
200 70
200 71
200 73
200 74
200 75
200 78
200 79
200 80
200 85
200 87
200 88
200 90
200 92
200 95
200 110
200 115
200 117
200 118
200 121
200 127
200 129
200 131
200 133
200 139
200 143
200 144
200 146
200 147
200 152
200 156
200 157
200 159
200 160
200 162
200 164
200 170
200 171
200 173
200 175
200 177
200 178
200 180
200 182
200 187
200 189
200 192
200 193
200 204
200 205
200 206
200 208
200 214
200 220
200 223
200 224
200 226
200 228
200 229
200 230
200 233
200 244
200 246
200 253
201 50
201 102
201 165
202 216
203 62
203 213
204 1
204 7
204 8
204 18
204 20
204 22
204 23
204 25
204 26
204 31
204 33
204 34
204 35
204 39
204 41
204 44
204 49
204 51
204 52
204 61
204 67
204 69
204 70
204 71
204 73
204 74
204 75
204 78
204 79
204 80
204 85
204 87
204 88
204 90
204 92
204 95
204 110
204 115
204 117
204 118
204 121
204 127
204 129
204 131
204 133
204 139
204 143
204 144
204 146
204 147
204 152
204 156
204 157
204 159
204 160
204 162
204 164
204 170
204 171
204 173
204 175
204 177
204 178
204 180
204 182
204 187
204 189
204 192
204 193
204 200
204 205
204 206
204 208
204 214
204 220
204 223
204 224
204 226
204 228
204 229
204 230
204 233
204 244
204 246
204 253
205 1
205 7
205 8
205 18
205 20
205 22
205 23
205 25
205 26
205 31
205 33
205 34
205 35
205 39
205 41
205 44
205 49
205 51
205 52
205 61
205 67
205 69
205 70
205 71
205 73
205 74
205 75
205 78
205 79
205 80
205 85
205 87
205 88
205 90
205 92
205 95
205 110
205 115
205 117
205 118
205 121
205 127
205 129
205 131
205 133
205 139
205 143
205 144
205 146
205 147
205 152
205 156
205 157
205 159
205 160
205 162
205 164
205 170
205 171
205 173
205 175
205 177
205 178
205 180
205 182
205 187
205 189
205 192
205 193
205 200
205 204
205 206
205 208
205 214
205 220
205 223
205 224
205 226
205 228
205 229
205 230
205 233
205 244
205 246
205 253
206 1
206 7
206 8
206 18
206 20
206 22
206 23
206 25
206 26
206 31
206 33
206 34
206 35
206 39
206 41
206 44
206 49
206 51
206 52
206 61
206 67
206 69
206 70
206 71
206 73
206 74
206 75
206 78
206 79
206 80
206 85
206 87
206 88
206 90
206 92
206 95
206 110
206 115
206 117
206 118
206 121
206 127
206 129
206 131
206 133
206 139
206 143
206 144
206 146
206 147
206 152
206 156
206 157
206 159
206 160
206 162
206 164
206 170
206 171
206 173
206 175
206 177
206 178
206 180
206 182
206 187
206 189
206 192
206 193
206 200
206 204
206 205
206 208
206 214
206 220
206 223
206 224
206 226
206 228
206 229
206 230
206 233
206 244
206 246
206 253
208 1
208 7
208 8
208 18
208 20
208 22
208 23
208 25
208 26
208 31
208 33
208 34
208 35
208 39
208 41
208 44
208 49
208 51
208 52
208 61
208 67
208 69
208 70
208 71
208 73
208 74
208 75
208 78
208 79
208 80
208 85
208 87
208 88
208 90
208 92
208 95
208 110
208 115
208 117
208 118
208 121
208 127
208 129
208 131
208 133
208 139
208 143
208 144
208 146
208 147
208 152
208 156
208 157
208 159
208 160
208 162
208 164
208 170
208 171
208 173
208 175
208 177
208 178
208 180
208 182
208 187
208 189
208 192
208 193
208 200
208 204
208 205
208 206
208 214
208 220
208 223
208 224
208 226
208 228
208 229
208 230
208 233
208 244
208 246
208 253
210 89
210 122
211 198
212 243
213 62
213 203
214 1
214 7
214 8
214 18
214 20
214 22
214 23
214 25
214 26
214 31
214 33
214 34
214 35
214 39
214 41
214 44
214 49
214 51
214 52
214 61
214 67
214 69
214 70
214 71
214 73
214 74
214 75
214 78
214 79
214 80
214 85
214 87
214 88
214 90
214 92
214 95
214 110
214 115
214 117
214 118
214 121
214 127
214 129
214 131
214 133
214 139
214 143
214 144
214 146
214 147
214 152
214 156
214 157
214 159
214 160
214 162
214 164
214 170
214 171
214 173
214 175
214 177
214 178
214 180
214 182
214 187
214 189
214 192
214 193
214 200
214 204
214 205
214 206
214 208
214 220
214 223
214 224
214 226
214 228
214 229
214 230
214 233
214 244
214 246
214 253
216 202
219 120
220 1
220 7
220 8
220 18
220 20
220 22
220 23
220 25
220 26
220 31
220 33
220 34
220 35
220 39
220 41
220 44
220 49
220 51
220 52
220 61
220 67
220 69
220 70
220 71
220 73
220 74
220 75
220 78
220 79
220 80
220 85
220 87
220 88
220 90
220 92
220 95
220 110
220 115
220 117
220 118
220 121
220 127
220 129
220 131
220 133
220 139
220 143
220 144
220 146
220 147
220 152
220 156
220 157
220 159
220 160
220 162
220 164
220 170
220 171
220 173
220 175
220 177
220 178
220 180
220 182
220 187
220 189
220 192
220 193
220 200
220 204
220 205
220 206
220 208
220 214
220 223
220 224
220 226
220 228
220 229
220 230
220 233
220 244
220 246
220 253
222 0
222 94
223 1
223 7
223 8
223 18
223 20
223 22
223 23
223 25
223 26
223 31
223 33
223 34
223 35
223 39
223 41
223 44
223 49
223 51
223 52
223 61
223 67
223 69
223 70
223 71
223 73
223 74
223 75
223 78
223 79
223 80
223 85
223 87
223 88
223 90
223 92
223 95
223 110
223 115
223 117
223 118
223 121
223 127
223 129
223 131
223 133
223 139
223 143
223 144
223 146
223 147
223 152
223 156
223 157
223 159
223 160
223 162
223 164
223 170
223 171
223 173
223 175
223 177
223 178
223 180
223 182
223 187
223 189
223 192
223 193
223 200
223 204
223 205
223 206
223 208
223 214
223 220
223 224
223 226
223 228
223 229
223 230
223 233
223 244
223 246
223 253
224 1
224 7
224 8
224 18
224 20
224 22
224 23
224 25
224 26
224 31
224 33
224 34
224 35
224 39
224 41
224 44
224 49
224 51
224 52
224 61
224 67
224 69
224 70
224 71
224 73
224 74
224 75
224 78
224 79
224 80
224 85
224 87
224 88
224 90
224 92
224 95
224 110
224 115
224 117
224 118
224 121
224 127
224 129
224 131
224 133
224 139
224 143
224 144
224 146
224 147
224 152
224 156
224 157
224 159
224 160
224 162
224 164
224 170
224 171
224 173
224 175
224 177
224 178
224 180
224 182
224 187
224 189
224 192
224 193
224 200
224 204
224 205
224 206
224 208
224 214
224 220
224 223
224 226
224 228
224 229
224 230
224 233
224 244
224 246
224 253
226 1
226 7
226 8
226 18
226 20
226 22
226 23
226 25
226 26
226 31
226 33
226 34
226 35
226 39
226 41
226 44
226 49
226 51
226 52
226 61
226 67
226 69
226 70
226 71
226 73
226 74
226 75
226 78
226 79
226 80
226 85
226 87
226 88
226 90
226 92
226 95
226 110
226 115
226 117
226 118
226 121
226 127
226 129
226 131
226 133
226 139
226 143
226 144
226 146
226 147
226 152
226 156
226 157
226 159
226 160
226 162
226 164
226 170
226 171
226 173
226 175
226 177
226 178
226 180
226 182
226 187
226 189
226 192
226 193
226 200
226 204
226 205
226 206
226 208
226 214
226 220
226 223
226 224
226 228
226 229
226 230
226 233
226 244
226 246
226 253
228 1
228 7
228 8
228 18
228 20
228 22
228 23
228 25
228 26
228 31
228 33
228 34
228 35
228 39
228 41
228 44
228 49
228 51
228 52
228 61
228 67
228 69
228 70
228 71
228 73
228 74
228 75
228 78
228 79
228 80
228 85
228 87
228 88
228 90
228 92
228 95
228 110
228 115
228 117
228 118
228 121
228 127
228 129
228 131
228 133
228 139
228 143
228 144
228 146
228 147
228 152
228 156
228 157
228 159
228 160
228 162
228 164
228 170
228 171
228 173
228 175
228 177
228 178
228 180
228 182
228 187
228 189
228 192
228 193
228 200
228 204
228 205
228 206
228 208
228 214
228 220
228 223
228 224
228 226
228 229
228 230
228 233
228 244
228 246
228 253
229 1
229 7
229 8
229 18
229 20
229 22
229 23
229 25
229 26
229 31
229 33
229 34
229 35
229 39
229 41
229 44
229 49
229 51
229 52
229 61
229 67
229 69
229 70
229 71
229 73
229 74
229 75
229 78
229 79
229 80
229 85
229 87
229 88
229 90
229 92
229 95
229 110
229 115
229 117
229 118
229 121
229 127
229 129
229 131
229 133
229 139
229 143
229 144
229 146
229 147
229 152
229 156
229 157
229 159
229 160
229 162
229 164
229 170
229 171
229 173
229 175
229 177
229 178
229 180
229 182
229 187
229 189
229 192
229 193
229 200
229 204
229 205
229 206
229 208
229 214
229 220
229 223
229 224
229 226
229 228
229 230
229 233
229 244
229 246
229 253
230 1
230 7
230 8
230 18
230 20
230 22
230 23
230 25
230 26
230 31
230 33
230 34
230 35
230 39
230 41
230 44
230 49
230 51
230 52
230 61
230 67
230 69
230 70
230 71
230 73
230 74
230 75
230 78
230 79
230 80
230 85
230 87
230 88
230 90
230 92
230 95
230 110
230 115
230 117
230 118
230 121
230 127
230 129
230 131
230 133
230 139
230 143
230 144
230 146
230 147
230 152
230 156
230 157
230 159
230 160
230 162
230 164
230 170
230 171
230 173
230 175
230 177
230 178
230 180
230 182
230 187
230 189
230 192
230 193
230 200
230 204
230 205
230 206
230 208
230 214
230 220
230 223
230 224
230 226
230 228
230 229
230 233
230 244
230 246
230 253
232 40
232 43
232 66
232 99
233 1
233 7
233 8
233 18
233 20
233 22
233 23
233 25
233 26
233 31
233 33
233 34
233 35
233 39
233 41
233 44
233 49
233 51
233 52
233 61
233 67
233 69
233 70
233 71
233 73
233 74
233 75
233 78
233 79
233 80
233 85
233 87
233 88
233 90
233 92
233 95
233 110
233 115
233 117
233 118
233 121
233 127
233 129
233 131
233 133
233 139
233 143
233 144
233 146
233 147
233 152
233 156
233 157
233 159
233 160
233 162
233 164
233 170
233 171
233 173
233 175
233 177
233 178
233 180
233 182
233 187
233 189
233 192
233 193
233 200
233 204
233 205
233 206
233 208
233 214
233 220
233 223
233 224
233 226
233 228
233 229
233 230
233 244
233 246
233 253
237 30
240 128
243 212
244 1
244 7
244 8
244 18
244 20
244 22
244 23
244 25
244 26
244 31
244 33
244 34
244 35
244 39
244 41
244 44
244 49
244 51
244 52
244 61
244 67
244 69
244 70
244 71
244 73
244 74
244 75
244 78
244 79
244 80
244 85
244 87
244 88
244 90
244 92
244 95
244 110
244 115
244 117
244 118
244 121
244 127
244 129
244 131
244 133
244 139
244 143
244 144
244 146
244 147
244 152
244 156
244 157
244 159
244 160
244 162
244 164
244 170
244 171
244 173
244 175
244 177
244 178
244 180
244 182
244 187
244 189
244 192
244 193
244 200
244 204
244 205
244 206
244 208
244 214
244 220
244 223
244 224
244 226
244 228
244 229
244 230
244 233
244 246
244 253
245 137
246 1
246 7
246 8
246 18
246 20
246 22
246 23
246 25
246 26
246 31
246 33
246 34
246 35
246 39
246 41
246 44
246 49
246 51
246 52
246 61
246 67
246 69
246 70
246 71
246 73
246 74
246 75
246 78
246 79
246 80
246 85
246 87
246 88
246 90
246 92
246 95
246 110
246 115
246 117
246 118
246 121
246 127
246 129
246 131
246 133
246 139
246 143
246 144
246 146
246 147
246 152
246 156
246 157
246 159
246 160
246 162
246 164
246 170
246 171
246 173
246 175
246 177
246 178
246 180
246 182
246 187
246 189
246 192
246 193
246 200
246 204
246 205
246 206
246 208
246 214
246 220
246 223
246 224
246 226
246 228
246 229
246 230
246 233
246 244
246 253
250 166
251 11
251 114
251 149
253 1
253 7
253 8
253 18
253 20
253 22
253 23
253 25
253 26
253 31
253 33
253 34
253 35
253 39
253 41
253 44
253 49
253 51
253 52
253 61
253 67
253 69
253 70
253 71
253 73
253 74
253 75
253 78
253 79
253 80
253 85
253 87
253 88
253 90
253 92
253 95
253 110
253 115
253 117
253 118
253 121
253 127
253 129
253 131
253 133
253 139
253 143
253 144
253 146
253 147
253 152
253 156
253 157
253 159
253 160
253 162
253 164
253 170
253 171
253 173
253 175
253 177
253 178
253 180
253 182
253 187
253 189
253 192
253 193
253 200
253 204
253 205
253 206
253 208
253 214
253 220
253 223
253 224
253 226
253 228
253 229
253 230
253 233
253 244
253 246
254 168
