32 112
2 8
5 7
5 10
5 13
5 16
5 17
5 19
5 20
5 22
5 26
5 29
7 5
7 10
7 13
7 16
7 17
7 19
7 20
7 22
7 26
7 29
8 2
10 5
10 7
10 13
10 16
10 17
10 19
10 20
10 22
10 26
10 29
13 5
13 7
13 10
13 16
13 17
13 19
13 20
13 22
13 26
13 29
16 5
16 7
16 10
16 13
16 17
16 19
16 20
16 22
16 26
16 29
17 5
17 7
17 10
17 13
17 16
17 19
17 20
17 22
17 26
17 29
19 5
19 7
19 10
19 13
19 16
19 17
19 20
19 22
19 26
19 29
20 5
20 7
20 10
20 13
20 16
20 17
20 19
20 22
20 26
20 29
22 5
22 7
22 10
22 13
22 16
22 17
22 19
22 20
22 26
22 29
26 5
26 7
26 10
26 13
26 16
26 17
26 19
26 20
26 22
26 29
29 5
29 7
29 10
29 13
29 16
29 17
29 19
29 20
29 22
29 26
