128 2376
0 2
0 3
0 5
0 6
0 9
0 10
0 13
0 14
0 16
0 17
0 21
0 24
0 27
0 30
0 36
0 38
0 40
0 43
0 45
0 47
0 53
0 57
0 59
0 60
0 62
0 68
0 72
0 76
0 77
0 86
0 89
0 93
0 96
0 98
0 99
0 100
0 102
0 105
0 106
0 107
0 108
0 114
0 116
0 119
0 120
0 123
0 125
0 126
2 0
2 3
2 5
2 6
2 9
2 10
2 13
2 14
2 16
2 17
2 21
2 24
2 27
2 30
2 36
2 38
2 40
2 43
2 45
2 47
2 53
2 57
2 59
2 60
2 62
2 68
2 72
2 76
2 77
2 86
2 89
2 93
2 96
2 98
2 99
2 100
2 102
2 105
2 106
2 107
2 108
2 114
2 116
2 119
2 120
2 123
2 125
2 126
3 0
3 2
3 5
3 6
3 9
3 10
3 13
3 14
3 16
3 17
3 21
3 24
3 27
3 30
3 36
3 38
3 40
3 43
3 45
3 47
3 53
3 57
3 59
3 60
3 62
3 68
3 72
3 76
3 77
3 86
3 89
3 93
3 96
3 98
3 99
3 100
3 102
3 105
3 106
3 107
3 108
3 114
3 116
3 119
3 120
3 123
3 125
3 126
5 0
5 2
5 3
5 6
5 9
5 10
5 13
5 14
5 16
5 17
5 21
5 24
5 27
5 30
5 36
5 38
5 40
5 43
5 45
5 47
5 53
5 57
5 59
5 60
5 62
5 68
5 72
5 76
5 77
5 86
5 89
5 93
5 96
5 98
5 99
5 100
5 102
5 105
5 106
5 107
5 108
5 114
5 116
5 119
5 120
5 123
5 125
5 126
6 0
6 2
6 3
6 5
6 9
6 10
6 13
6 14
6 16
6 17
6 21
6 24
6 27
6 30
6 36
6 38
6 40
6 43
6 45
6 47
6 53
6 57
6 59
6 60
6 62
6 68
6 72
6 76
6 77
6 86
6 89
6 93
6 96
6 98
6 99
6 100
6 102
6 105
6 106
6 107
6 108
6 114
6 116
6 119
6 120
6 123
6 125
6 126
9 0
9 2
9 3
9 5
9 6
9 10
9 13
9 14
9 16
9 17
9 21
9 24
9 27
9 30
9 36
9 38
9 40
9 43
9 45
9 47
9 53
9 57
9 59
9 60
9 62
9 68
9 72
9 76
9 77
9 86
9 89
9 93
9 96
9 98
9 99
9 100
9 102
9 105
9 106
9 107
9 108
9 114
9 116
9 119
9 120
9 123
9 125
9 126
10 0
10 2
10 3
10 5
10 6
10 9
10 13
10 14
10 16
10 17
10 21
10 24
10 27
10 30
10 36
10 38
10 40
10 43
10 45
10 47
10 53
10 57
10 59
10 60
10 62
10 68
10 72
10 76
10 77
10 86
10 89
10 93
10 96
10 98
10 99
10 100
10 102
10 105
10 106
10 107
10 108
10 114
10 116
10 119
10 120
10 123
10 125
10 126
13 0
13 2
13 3
13 5
13 6
13 9
13 10
13 14
13 16
13 17
13 21
13 24
13 27
13 30
13 36
13 38
13 40
13 43
13 45
13 47
13 53
13 57
13 59
13 60
13 62
13 68
13 72
13 76
13 77
13 86
13 89
13 93
13 96
13 98
13 99
13 100
13 102
13 105
13 106
13 107
13 108
13 114
13 116
13 119
13 120
13 123
13 125
13 126
14 0
14 2
14 3
14 5
14 6
14 9
14 10
14 13
14 16
14 17
14 21
14 24
14 27
14 30
14 36
14 38
14 40
14 43
14 45
14 47
14 53
14 57
14 59
14 60
14 62
14 68
14 72
14 76
14 77
14 86
14 89
14 93
14 96
14 98
14 99
14 100
14 102
14 105
14 106
14 107
14 108
14 114
14 116
14 119
14 120
14 123
14 125
14 126
16 0
16 2
16 3
16 5
16 6
16 9
16 10
16 13
16 14
16 17
16 21
16 24
16 27
16 30
16 36
16 38
16 40
16 43
16 45
16 47
16 53
16 57
16 59
16 60
16 62
16 68
16 72
16 76
16 77
16 86
16 89
16 93
16 96
16 98
16 99
16 100
16 102
16 105
16 106
16 107
16 108
16 114
16 116
16 119
16 120
16 123
16 125
16 126
17 0
17 2
17 3
17 5
17 6
17 9
17 10
17 13
17 14
17 16
17 21
17 24
17 27
17 30
17 36
17 38
17 40
17 43
17 45
17 47
17 53
17 57
17 59
17 60
17 62
17 68
17 72
17 76
17 77
17 86
17 89
17 93
17 96
17 98
17 99
17 100
17 102
17 105
17 106
17 107
17 108
17 114
17 116
17 119
17 120
17 123
17 125
17 126
19 66
19 83
21 0
21 2
21 3
21 5
21 6
21 9
21 10
21 13
21 14
21 16
21 17
21 24
21 27
21 30
21 36
21 38
21 40
21 43
21 45
21 47
21 53
21 57
21 59
21 60
21 62
21 68
21 72
21 76
21 77
21 86
21 89
21 93
21 96
21 98
21 99
21 100
21 102
21 105
21 106
21 107
21 108
21 114
21 116
21 119
21 120
21 123
21 125
21 126
24 0
24 2
24 3
24 5
24 6
24 9
24 10
24 13
24 14
24 16
24 17
24 21
24 27
24 30
24 36
24 38
24 40
24 43
24 45
24 47
24 53
24 57
24 59
24 60
24 62
24 68
24 72
24 76
24 77
24 86
24 89
24 93
24 96
24 98
24 99
24 100
24 102
24 105
24 106
24 107
24 108
24 114
24 116
24 119
24 120
24 123
24 125
24 126
27 0
27 2
27 3
27 5
27 6
27 9
27 10
27 13
27 14
27 16
27 17
27 21
27 24
27 30
27 36
27 38
27 40
27 43
27 45
27 47
27 53
27 57
27 59
27 60
27 62
27 68
27 72
27 76
27 77
27 86
27 89
27 93
27 96
27 98
27 99
27 100
27 102
27 105
27 106
27 107
27 108
27 114
27 116
27 119
27 120
27 123
27 125
27 126
30 0
30 2
30 3
30 5
30 6
30 9
30 10
30 13
30 14
30 16
30 17
30 21
30 24
30 27
30 36
30 38
30 40
30 43
30 45
30 47
30 53
30 57
30 59
30 60
30 62
30 68
30 72
30 76
30 77
30 86
30 89
30 93
30 96
30 98
30 99
30 100
30 102
30 105
30 106
30 107
30 108
30 114
30 116
30 119
30 120
30 123
30 125
30 126
33 80
34 74
36 0
36 2
36 3
36 5
36 6
36 9
36 10
36 13
36 14
36 16
36 17
36 21
36 24
36 27
36 30
36 38
36 40
36 43
36 45
36 47
36 53
36 57
36 59
36 60
36 62
36 68
36 72
36 76
36 77
36 86
36 89
36 93
36 96
36 98
36 99
36 100
36 102
36 105
36 106
36 107
36 108
36 114
36 116
36 119
36 120
36 123
36 125
36 126
37 58
37 112
38 0
38 2
38 3
38 5
38 6
38 9
38 10
38 13
38 14
38 16
38 17
38 21
38 24
38 27
38 30
38 36
38 40
38 43
38 45
38 47
38 53
38 57
38 59
38 60
38 62
38 68
38 72
38 76
38 77
38 86
38 89
38 93
38 96
38 98
38 99
38 100
38 102
38 105
38 106
38 107
38 108
38 114
38 116
38 119
38 120
38 123
38 125
38 126
40 0
40 2
40 3
40 5
40 6
40 9
40 10
40 13
40 14
40 16
40 17
40 21
40 24
40 27
40 30
40 36
40 38
40 43
40 45
40 47
40 53
40 57
40 59
40 60
40 62
40 68
40 72
40 76
40 77
40 86
40 89
40 93
40 96
40 98
40 99
40 100
40 102
40 105
40 106
40 107
40 108
40 114
40 116
40 119
40 120
40 123
40 125
40 126
43 0
43 2
43 3
43 5
43 6
43 9
43 10
43 13
43 14
43 16
43 17
43 21
43 24
43 27
43 30
43 36
43 38
43 40
43 45
43 47
43 53
43 57
43 59
43 60
43 62
43 68
43 72
43 76
43 77
43 86
43 89
43 93
43 96
43 98
43 99
43 100
43 102
43 105
43 106
43 107
43 108
43 114
43 116
43 119
43 120
43 123
43 125
43 126
44 71
45 0
45 2
45 3
45 5
45 6
45 9
45 10
45 13
45 14
45 16
45 17
45 21
45 24
45 27
45 30
45 36
45 38
45 40
45 43
45 47
45 53
45 57
45 59
45 60
45 62
45 68
45 72
45 76
45 77
45 86
45 89
45 93
45 96
45 98
45 99
45 100
45 102
45 105
45 106
45 107
45 108
45 114
45 116
45 119
45 120
45 123
45 125
45 126
47 0
47 2
47 3
47 5
47 6
47 9
47 10
47 13
47 14
47 16
47 17
47 21
47 24
47 27
47 30
47 36
47 38
47 40
47 43
47 45
47 53
47 57
47 59
47 60
47 62
47 68
47 72
47 76
47 77
47 86
47 89
47 93
47 96
47 98
47 99
47 100
47 102
47 105
47 106
47 107
47 108
47 114
47 116
47 119
47 120
47 123
47 125
47 126
48 65
53 0
53 2
53 3
53 5
53 6
53 9
53 10
53 13
53 14
53 16
53 17
53 21
53 24
53 27
53 30
53 36
53 38
53 40
53 43
53 45
53 47
53 57
53 59
53 60
53 62
53 68
53 72
53 76
53 77
53 86
53 89
53 93
53 96
53 98
53 99
53 100
53 102
53 105
53 106
53 107
53 108
53 114
53 116
53 119
53 120
53 123
53 125
53 126
57 0
57 2
57 3
57 5
57 6
57 9
57 10
57 13
57 14
57 16
57 17
57 21
57 24
57 27
57 30
57 36
57 38
57 40
57 43
57 45
57 47
57 53
57 59
57 60
57 62
57 68
57 72
57 76
57 77
57 86
57 89
57 93
57 96
57 98
57 99
57 100
57 102
57 105
57 106
57 107
57 108
57 114
57 116
57 119
57 120
57 123
57 125
57 126
58 37
58 112
59 0
59 2
59 3
59 5
59 6
59 9
59 10
59 13
59 14
59 16
59 17
59 21
59 24
59 27
59 30
59 36
59 38
59 40
59 43
59 45
59 47
59 53
59 57
59 60
59 62
59 68
59 72
59 76
59 77
59 86
59 89
59 93
59 96
59 98
59 99
59 100
59 102
59 105
59 106
59 107
59 108
59 114
59 116
59 119
59 120
59 123
59 125
59 126
60 0
60 2
60 3
60 5
60 6
60 9
60 10
60 13
60 14
60 16
60 17
60 21
60 24
60 27
60 30
60 36
60 38
60 40
60 43
60 45
60 47
60 53
60 57
60 59
60 62
60 68
60 72
60 76
60 77
60 86
60 89
60 93
60 96
60 98
60 99
60 100
60 102
60 105
60 106
60 107
60 108
60 114
60 116
60 119
60 120
60 123
60 125
60 126
62 0
62 2
62 3
62 5
62 6
62 9
62 10
62 13
62 14
62 16
62 17
62 21
62 24
62 27
62 30
62 36
62 38
62 40
62 43
62 45
62 47
62 53
62 57
62 59
62 60
62 68
62 72
62 76
62 77
62 86
62 89
62 93
62 96
62 98
62 99
62 100
62 102
62 105
62 106
62 107
62 108
62 114
62 116
62 119
62 120
62 123
62 125
62 126
65 48
66 19
66 83
68 0
68 2
68 3
68 5
68 6
68 9
68 10
68 13
68 14
68 16
68 17
68 21
68 24
68 27
68 30
68 36
68 38
68 40
68 43
68 45
68 47
68 53
68 57
68 59
68 60
68 62
68 72
68 76
68 77
68 86
68 89
68 93
68 96
68 98
68 99
68 100
68 102
68 105
68 106
68 107
68 108
68 114
68 116
68 119
68 120
68 123
68 125
68 126
71 44
72 0
72 2
72 3
72 5
72 6
72 9
72 10
72 13
72 14
72 16
72 17
72 21
72 24
72 27
72 30
72 36
72 38
72 40
72 43
72 45
72 47
72 53
72 57
72 59
72 60
72 62
72 68
72 76
72 77
72 86
72 89
72 93
72 96
72 98
72 99
72 100
72 102
72 105
72 106
72 107
72 108
72 114
72 116
72 119
72 120
72 123
72 125
72 126
74 34
75 117
76 0
76 2
76 3
76 5
76 6
76 9
76 10
76 13
76 14
76 16
76 17
76 21
76 24
76 27
76 30
76 36
76 38
76 40
76 43
76 45
76 47
76 53
76 57
76 59
76 60
76 62
76 68
76 72
76 77
76 86
76 89
76 93
76 96
76 98
76 99
76 100
76 102
76 105
76 106
76 107
76 108
76 114
76 116
76 119
76 120
76 123
76 125
76 126
77 0
77 2
77 3
77 5
77 6
77 9
77 10
77 13
77 14
77 16
77 17
77 21
77 24
77 27
77 30
77 36
77 38
77 40
77 43
77 45
77 47
77 53
77 57
77 59
77 60
77 62
77 68
77 72
77 76
77 86
77 89
77 93
77 96
77 98
77 99
77 100
77 102
77 105
77 106
77 107
77 108
77 114
77 116
77 119
77 120
77 123
77 125
77 126
80 33
83 19
83 66
86 0
86 2
86 3
86 5
86 6
86 9
86 10
86 13
86 14
86 16
86 17
86 21
86 24
86 27
86 30
86 36
86 38
86 40
86 43
86 45
86 47
86 53
86 57
86 59
86 60
86 62
86 68
86 72
86 76
86 77
86 89
86 93
86 96
86 98
86 99
86 100
86 102
86 105
86 106
86 107
86 108
86 114
86 116
86 119
86 120
86 123
86 125
86 126
89 0
89 2
89 3
89 5
89 6
89 9
89 10
89 13
89 14
89 16
89 17
89 21
89 24
89 27
89 30
89 36
89 38
89 40
89 43
89 45
89 47
89 53
89 57
89 59
89 60
89 62
89 68
89 72
89 76
89 77
89 86
89 93
89 96
89 98
89 99
89 100
89 102
89 105
89 106
89 107
89 108
89 114
89 116
89 119
89 120
89 123
89 125
89 126
93 0
93 2
93 3
93 5
93 6
93 9
93 10
93 13
93 14
93 16
93 17
93 21
93 24
93 27
93 30
93 36
93 38
93 40
93 43
93 45
93 47
93 53
93 57
93 59
93 60
93 62
93 68
93 72
93 76
93 77
93 86
93 89
93 96
93 98
93 99
93 100
93 102
93 105
93 106
93 107
93 108
93 114
93 116
93 119
93 120
93 123
93 125
93 126
94 103
96 0
96 2
96 3
96 5
96 6
96 9
96 10
96 13
96 14
96 16
96 17
96 21
96 24
96 27
96 30
96 36
96 38
96 40
96 43
96 45
96 47
96 53
96 57
96 59
96 60
96 62
96 68
96 72
96 76
96 77
96 86
96 89
96 93
96 98
96 99
96 100
96 102
96 105
96 106
96 107
96 108
96 114
96 116
96 119
96 120
96 123
96 125
96 126
98 0
98 2
98 3
98 5
98 6
98 9
98 10
98 13
98 14
98 16
98 17
98 21
98 24
98 27
98 30
98 36
98 38
98 40
98 43
98 45
98 47
98 53
98 57
98 59
98 60
98 62
98 68
98 72
98 76
98 77
98 86
98 89
98 93
98 96
98 99
98 100
98 102
98 105
98 106
98 107
98 108
98 114
98 116
98 119
98 120
98 123
98 125
98 126
99 0
99 2
99 3
99 5
99 6
99 9
99 10
99 13
99 14
99 16
99 17
99 21
99 24
99 27
99 30
99 36
99 38
99 40
99 43
99 45
99 47
99 53
99 57
99 59
99 60
99 62
99 68
99 72
99 76
99 77
99 86
99 89
99 93
99 96
99 98
99 100
99 102
99 105
99 106
99 107
99 108
99 114
99 116
99 119
99 120
99 123
99 125
99 126
100 0
100 2
100 3
100 5
100 6
100 9
100 10
100 13
100 14
100 16
100 17
100 21
100 24
100 27
100 30
100 36
100 38
100 40
100 43
100 45
100 47
100 53
100 57
100 59
100 60
100 62
100 68
100 72
100 76
100 77
100 86
100 89
100 93
100 96
100 98
100 99
100 102
100 105
100 106
100 107
100 108
100 114
100 116
100 119
100 120
100 123
100 125
100 126
102 0
102 2
102 3
102 5
102 6
102 9
102 10
102 13
102 14
102 16
102 17
102 21
102 24
102 27
102 30
102 36
102 38
102 40
102 43
102 45
102 47
102 53
102 57
102 59
102 60
102 62
102 68
102 72
102 76
102 77
102 86
102 89
102 93
102 96
102 98
102 99
102 100
102 105
102 106
102 107
102 108
102 114
102 116
102 119
102 120
102 123
102 125
102 126
103 94
105 0
105 2
105 3
105 5
105 6
105 9
105 10
105 13
105 14
105 16
105 17
105 21
105 24
105 27
105 30
105 36
105 38
105 40
105 43
105 45
105 47
105 53
105 57
105 59
105 60
105 62
105 68
105 72
105 76
105 77
105 86
105 89
105 93
105 96
105 98
105 99
105 100
105 102
105 106
105 107
105 108
105 114
105 116
105 119
105 120
105 123
105 125
105 126
106 0
106 2
106 3
106 5
106 6
106 9
106 10
106 13
106 14
106 16
106 17
106 21
106 24
106 27
106 30
106 36
106 38
106 40
106 43
106 45
106 47
106 53
106 57
106 59
106 60
106 62
106 68
106 72
106 76
106 77
106 86
106 89
106 93
106 96
106 98
106 99
106 100
106 102
106 105
106 107
106 108
106 114
106 116
106 119
106 120
106 123
106 125
106 126
107 0
107 2
107 3
107 5
107 6
107 9
107 10
107 13
107 14
107 16
107 17
107 21
107 24
107 27
107 30
107 36
107 38
107 40
107 43
107 45
107 47
107 53
107 57
107 59
107 60
107 62
107 68
107 72
107 76
107 77
107 86
107 89
107 93
107 96
107 98
107 99
107 100
107 102
107 105
107 106
107 108
107 114
107 116
107 119
107 120
107 123
107 125
107 126
108 0
108 2
108 3
108 5
108 6
108 9
108 10
108 13
108 14
108 16
108 17
108 21
108 24
108 27
108 30
108 36
108 38
108 40
108 43
108 45
108 47
108 53
108 57
108 59
108 60
108 62
108 68
108 72
108 76
108 77
108 86
108 89
108 93
108 96
108 98
108 99
108 100
108 102
108 105
108 106
108 107
108 114
108 116
108 119
108 120
108 123
108 125
108 126
112 37
112 58
114 0
114 2
114 3
114 5
114 6
114 9
114 10
114 13
114 14
114 16
114 17
114 21
114 24
114 27
114 30
114 36
114 38
114 40
114 43
114 45
114 47
114 53
114 57
114 59
114 60
114 62
114 68
114 72
114 76
114 77
114 86
114 89
114 93
114 96
114 98
114 99
114 100
114 102
114 105
114 106
114 107
114 108
114 116
114 119
114 120
114 123
114 125
114 126
116 0
116 2
116 3
116 5
116 6
116 9
116 10
116 13
116 14
116 16
116 17
116 21
116 24
116 27
116 30
116 36
116 38
116 40
116 43
116 45
116 47
116 53
116 57
116 59
116 60
116 62
116 68
116 72
116 76
116 77
116 86
116 89
116 93
116 96
116 98
116 99
116 100
116 102
116 105
116 106
116 107
116 108
116 114
116 119
116 120
116 123
116 125
116 126
117 75
119 0
119 2
119 3
119 5
119 6
119 9
119 10
119 13
119 14
119 16
119 17
119 21
119 24
119 27
119 30
119 36
119 38
119 40
119 43
119 45
119 47
119 53
119 57
119 59
119 60
119 62
119 68
119 72
119 76
119 77
119 86
119 89
119 93
119 96
119 98
119 99
119 100
119 102
119 105
119 106
119 107
119 108
119 114
119 116
119 120
119 123
119 125
119 126
120 0
120 2
120 3
120 5
120 6
120 9
120 10
120 13
120 14
120 16
120 17
120 21
120 24
120 27
120 30
120 36
120 38
120 40
120 43
120 45
120 47
120 53
120 57
120 59
120 60
120 62
120 68
120 72
120 76
120 77
120 86
120 89
120 93
120 96
120 98
120 99
120 100
120 102
120 105
120 106
120 107
120 108
120 114
120 116
120 119
120 123
120 125
120 126
123 0
123 2
123 3
123 5
123 6
123 9
123 10
123 13
123 14
123 16
123 17
123 21
123 24
123 27
123 30
123 36
123 38
123 40
123 43
123 45
123 47
123 53
123 57
123 59
123 60
123 62
123 68
123 72
123 76
123 77
123 86
123 89
123 93
123 96
123 98
123 99
123 100
123 102
123 105
123 106
123 107
123 108
123 114
123 116
123 119
123 120
123 125
123 126
125 0
125 2
125 3
125 5
125 6
125 9
125 10
125 13
125 14
125 16
125 17
125 21
125 24
125 27
125 30
125 36
125 38
125 40
125 43
125 45
125 47
125 53
125 57
125 59
125 60
125 62
125 68
125 72
125 76
125 77
125 86
125 89
125 93
125 96
125 98
125 99
125 100
125 102
125 105
125 106
125 107
125 108
125 114
125 116
125 119
125 120
125 123
125 126
126 0
126 2
126 3
126 5
126 6
126 9
126 10
126 13
126 14
126 16
126 17
126 21
126 24
126 27
126 30
126 36
126 38
126 40
126 43
126 45
126 47
126 53
126 57
126 59
126 60
126 62
126 68
126 72
126 76
126 77
126 86
126 89
126 93
126 96
126 98
126 99
126 100
126 102
126 105
126 106
126 107
126 108
126 114
126 116
126 119
126 120
126 123
126 125
