256 3252
5 8
5 18
5 23
5 31
5 34
5 35
5 44
5 49
5 51
5 52
5 69
5 70
5 73
5 75
5 78
5 80
5 87
5 88
5 90
5 92
5 95
5 110
5 115
5 129
5 131
5 133
5 139
5 140
5 143
5 144
5 146
5 150
5 152
5 156
5 160
5 162
5 170
5 173
5 175
5 177
5 178
5 182
5 189
5 193
5 200
5 204
5 208
5 214
5 216
5 221
5 223
5 228
5 244
5 246
5 252
6 220
8 5
8 18
8 23
8 31
8 34
8 35
8 44
8 49
8 51
8 52
8 69
8 70
8 73
8 75
8 78
8 80
8 87
8 88
8 90
8 92
8 95
8 110
8 115
8 129
8 131
8 133
8 139
8 140
8 143
8 144
8 146
8 150
8 152
8 156
8 160
8 162
8 170
8 173
8 175
8 177
8 178
8 182
8 189
8 193
8 200
8 204
8 208
8 214
8 216
8 221
8 223
8 228
8 244
8 246
8 252
9 93
11 242
13 113
14 22
14 25
14 198
15 179
15 250
16 45
16 105
16 254
17 97
18 5
18 8
18 23
18 31
18 34
18 35
18 44
18 49
18 51
18 52
18 69
18 70
18 73
18 75
18 78
18 80
18 87
18 88
18 90
18 92
18 95
18 110
18 115
18 129
18 131
18 133
18 139
18 140
18 143
18 144
18 146
18 150
18 152
18 156
18 160
18 162
18 170
18 173
18 175
18 177
18 178
18 182
18 189
18 193
18 200
18 204
18 208
18 214
18 216
18 221
18 223
18 228
18 244
18 246
18 252
20 47
20 211
21 196
22 14
22 25
22 198
23 5
23 8
23 18
23 31
23 34
23 35
23 44
23 49
23 51
23 52
23 69
23 70
23 73
23 75
23 78
23 80
23 87
23 88
23 90
23 92
23 95
23 110
23 115
23 129
23 131
23 133
23 139
23 140
23 143
23 144
23 146
23 150
23 152
23 156
23 160
23 162
23 170
23 173
23 175
23 177
23 178
23 182
23 189
23 193
23 200
23 204
23 208
23 214
23 216
23 221
23 223
23 228
23 244
23 246
23 252
24 106
25 14
25 22
25 198
26 57
27 232
29 236
29 248
31 5
31 8
31 18
31 23
31 34
31 35
31 44
31 49
31 51
31 52
31 69
31 70
31 73
31 75
31 78
31 80
31 87
31 88
31 90
31 92
31 95
31 110
31 115
31 129
31 131
31 133
31 139
31 140
31 143
31 144
31 146
31 150
31 152
31 156
31 160
31 162
31 170
31 173
31 175
31 177
31 178
31 182
31 189
31 193
31 200
31 204
31 208
31 214
31 216
31 221
31 223
31 228
31 244
31 246
31 252
34 5
34 8
34 18
34 23
34 31
34 35
34 44
34 49
34 51
34 52
34 69
34 70
34 73
34 75
34 78
34 80
34 87
34 88
34 90
34 92
34 95
34 110
34 115
34 129
34 131
34 133
34 139
34 140
34 143
34 144
34 146
34 150
34 152
34 156
34 160
34 162
34 170
34 173
34 175
34 177
34 178
34 182
34 189
34 193
34 200
34 204
34 208
34 214
34 216
34 221
34 223
34 228
34 244
34 246
34 252
35 5
35 8
35 18
35 23
35 31
35 34
35 44
35 49
35 51
35 52
35 69
35 70
35 73
35 75
35 78
35 80
35 87
35 88
35 90
35 92
35 95
35 110
35 115
35 129
35 131
35 133
35 139
35 140
35 143
35 144
35 146
35 150
35 152
35 156
35 160
35 162
35 170
35 173
35 175
35 177
35 178
35 182
35 189
35 193
35 200
35 204
35 208
35 214
35 216
35 221
35 223
35 228
35 244
35 246
35 252
40 86
44 5
44 8
44 18
44 23
44 31
44 34
44 35
44 49
44 51
44 52
44 69
44 70
44 73
44 75
44 78
44 80
44 87
44 88
44 90
44 92
44 95
44 110
44 115
44 129
44 131
44 133
44 139
44 140
44 143
44 144
44 146
44 150
44 152
44 156
44 160
44 162
44 170
44 173
44 175
44 177
44 178
44 182
44 189
44 193
44 200
44 204
44 208
44 214
44 216
44 221
44 223
44 228
44 244
44 246
44 252
45 16
45 105
45 254
47 20
47 211
49 5
49 8
49 18
49 23
49 31
49 34
49 35
49 44
49 51
49 52
49 69
49 70
49 73
49 75
49 78
49 80
49 87
49 88
49 90
49 92
49 95
49 110
49 115
49 129
49 131
49 133
49 139
49 140
49 143
49 144
49 146
49 150
49 152
49 156
49 160
49 162
49 170
49 173
49 175
49 177
49 178
49 182
49 189
49 193
49 200
49 204
49 208
49 214
49 216
49 221
49 223
49 228
49 244
49 246
49 252
50 166
51 5
51 8
51 18
51 23
51 31
51 34
51 35
51 44
51 49
51 52
51 69
51 70
51 73
51 75
51 78
51 80
51 87
51 88
51 90
51 92
51 95
51 110
51 115
51 129
51 131
51 133
51 139
51 140
51 143
51 144
51 146
51 150
51 152
51 156
51 160
51 162
51 170
51 173
51 175
51 177
51 178
51 182
51 189
51 193
51 200
51 204
51 208
51 214
51 216
51 221
51 223
51 228
51 244
51 246
51 252
52 5
52 8
52 18
52 23
52 31
52 34
52 35
52 44
52 49
52 51
52 69
52 70
52 73
52 75
52 78
52 80
52 87
52 88
52 90
52 92
52 95
52 110
52 115
52 129
52 131
52 133
52 139
52 140
52 143
52 144
52 146
52 150
52 152
52 156
52 160
52 162
52 170
52 173
52 175
52 177
52 178
52 182
52 189
52 193
52 200
52 204
52 208
52 214
52 216
52 221
52 223
52 228
52 244
52 246
52 252
54 165
56 89
57 26
65 135
65 190
65 230
65 235
67 174
69 5
69 8
69 18
69 23
69 31
69 34
69 35
69 44
69 49
69 51
69 52
69 70
69 73
69 75
69 78
69 80
69 87
69 88
69 90
69 92
69 95
69 110
69 115
69 129
69 131
69 133
69 139
69 140
69 143
69 144
69 146
69 150
69 152
69 156
69 160
69 162
69 170
69 173
69 175
69 177
69 178
69 182
69 189
69 193
69 200
69 204
69 208
69 214
69 216
69 221
69 223
69 228
69 244
69 246
69 252
70 5
70 8
70 18
70 23
70 31
70 34
70 35
70 44
70 49
70 51
70 52
70 69
70 73
70 75
70 78
70 80
70 87
70 88
70 90
70 92
70 95
70 110
70 115
70 129
70 131
70 133
70 139
70 140
70 143
70 144
70 146
70 150
70 152
70 156
70 160
70 162
70 170
70 173
70 175
70 177
70 178
70 182
70 189
70 193
70 200
70 204
70 208
70 214
70 216
70 221
70 223
70 228
70 244
70 246
70 252
73 5
73 8
73 18
73 23
73 31
73 34
73 35
73 44
73 49
73 51
73 52
73 69
73 70
73 75
73 78
73 80
73 87
73 88
73 90
73 92
73 95
73 110
73 115
73 129
73 131
73 133
73 139
73 140
73 143
73 144
73 146
73 150
73 152
73 156
73 160
73 162
73 170
73 173
73 175
73 177
73 178
73 182
73 189
73 193
73 200
73 204
73 208
73 214
73 216
73 221
73 223
73 228
73 244
73 246
73 252
75 5
75 8
75 18
75 23
75 31
75 34
75 35
75 44
75 49
75 51
75 52
75 69
75 70
75 73
75 78
75 80
75 87
75 88
75 90
75 92
75 95
75 110
75 115
75 129
75 131
75 133
75 139
75 140
75 143
75 144
75 146
75 150
75 152
75 156
75 160
75 162
75 170
75 173
75 175
75 177
75 178
75 182
75 189
75 193
75 200
75 204
75 208
75 214
75 216
75 221
75 223
75 228
75 244
75 246
75 252
76 132
77 137
77 141
78 5
78 8
78 18
78 23
78 31
78 34
78 35
78 44
78 49
78 51
78 52
78 69
78 70
78 73
78 75
78 80
78 87
78 88
78 90
78 92
78 95
78 110
78 115
78 129
78 131
78 133
78 139
78 140
78 143
78 144
78 146
78 150
78 152
78 156
78 160
78 162
78 170
78 173
78 175
78 177
78 178
78 182
78 189
78 193
78 200
78 204
78 208
78 214
78 216
78 221
78 223
78 228
78 244
78 246
78 252
80 5
80 8
80 18
80 23
80 31
80 34
80 35
80 44
80 49
80 51
80 52
80 69
80 70
80 73
80 75
80 78
80 87
80 88
80 90
80 92
80 95
80 110
80 115
80 129
80 131
80 133
80 139
80 140
80 143
80 144
80 146
80 150
80 152
80 156
80 160
80 162
80 170
80 173
80 175
80 177
80 178
80 182
80 189
80 193
80 200
80 204
80 208
80 214
80 216
80 221
80 223
80 228
80 244
80 246
80 252
83 118
85 114
86 40
87 5
87 8
87 18
87 23
87 31
87 34
87 35
87 44
87 49
87 51
87 52
87 69
87 70
87 73
87 75
87 78
87 80
87 88
87 90
87 92
87 95
87 110
87 115
87 129
87 131
87 133
87 139
87 140
87 143
87 144
87 146
87 150
87 152
87 156
87 160
87 162
87 170
87 173
87 175
87 177
87 178
87 182
87 189
87 193
87 200
87 204
87 208
87 214
87 216
87 221
87 223
87 228
87 244
87 246
87 252
88 5
88 8
88 18
88 23
88 31
88 34
88 35
88 44
88 49
88 51
88 52
88 69
88 70
88 73
88 75
88 78
88 80
88 87
88 90
88 92
88 95
88 110
88 115
88 129
88 131
88 133
88 139
88 140
88 143
88 144
88 146
88 150
88 152
88 156
88 160
88 162
88 170
88 173
88 175
88 177
88 178
88 182
88 189
88 193
88 200
88 204
88 208
88 214
88 216
88 221
88 223
88 228
88 244
88 246
88 252
89 56
90 5
90 8
90 18
90 23
90 31
90 34
90 35
90 44
90 49
90 51
90 52
90 69
90 70
90 73
90 75
90 78
90 80
90 87
90 88
90 92
90 95
90 110
90 115
90 129
90 131
90 133
90 139
90 140
90 143
90 144
90 146
90 150
90 152
90 156
90 160
90 162
90 170
90 173
90 175
90 177
90 178
90 182
90 189
90 193
90 200
90 204
90 208
90 214
90 216
90 221
90 223
90 228
90 244
90 246
90 252
92 5
92 8
92 18
92 23
92 31
92 34
92 35
92 44
92 49
92 51
92 52
92 69
92 70
92 73
92 75
92 78
92 80
92 87
92 88
92 90
92 95
92 110
92 115
92 129
92 131
92 133
92 139
92 140
92 143
92 144
92 146
92 150
92 152
92 156
92 160
92 162
92 170
92 173
92 175
92 177
92 178
92 182
92 189
92 193
92 200
92 204
92 208
92 214
92 216
92 221
92 223
92 228
92 244
92 246
92 252
93 9
95 5
95 8
95 18
95 23
95 31
95 34
95 35
95 44
95 49
95 51
95 52
95 69
95 70
95 73
95 75
95 78
95 80
95 87
95 88
95 90
95 92
95 110
95 115
95 129
95 131
95 133
95 139
95 140
95 143
95 144
95 146
95 150
95 152
95 156
95 160
95 162
95 170
95 173
95 175
95 177
95 178
95 182
95 189
95 193
95 200
95 204
95 208
95 214
95 216
95 221
95 223
95 228
95 244
95 246
95 252
96 195
96 229
97 17
98 176
103 224
103 226
105 16
105 45
105 254
106 24
108 125
108 148
110 5
110 8
110 18
110 23
110 31
110 34
110 35
110 44
110 49
110 51
110 52
110 69
110 70
110 73
110 75
110 78
110 80
110 87
110 88
110 90
110 92
110 95
110 115
110 129
110 131
110 133
110 139
110 140
110 143
110 144
110 146
110 150
110 152
110 156
110 160
110 162
110 170
110 173
110 175
110 177
110 178
110 182
110 189
110 193
110 200
110 204
110 208
110 214
110 216
110 221
110 223
110 228
110 244
110 246
110 252
112 154
112 202
112 241
112 251
113 13
114 85
115 5
115 8
115 18
115 23
115 31
115 34
115 35
115 44
115 49
115 51
115 52
115 69
115 70
115 73
115 75
115 78
115 80
115 87
115 88
115 90
115 92
115 95
115 110
115 129
115 131
115 133
115 139
115 140
115 143
115 144
115 146
115 150
115 152
115 156
115 160
115 162
115 170
115 173
115 175
115 177
115 178
115 182
115 189
115 193
115 200
115 204
115 208
115 214
115 216
115 221
115 223
115 228
115 244
115 246
115 252
116 217
118 83
119 163
119 209
119 218
123 142
125 108
125 148
129 5
129 8
129 18
129 23
129 31
129 34
129 35
129 44
129 49
129 51
129 52
129 69
129 70
129 73
129 75
129 78
129 80
129 87
129 88
129 90
129 92
129 95
129 110
129 115
129 131
129 133
129 139
129 140
129 143
129 144
129 146
129 150
129 152
129 156
129 160
129 162
129 170
129 173
129 175
129 177
129 178
129 182
129 189
129 193
129 200
129 204
129 208
129 214
129 216
129 221
129 223
129 228
129 244
129 246
129 252
131 5
131 8
131 18
131 23
131 31
131 34
131 35
131 44
131 49
131 51
131 52
131 69
131 70
131 73
131 75
131 78
131 80
131 87
131 88
131 90
131 92
131 95
131 110
131 115
131 129
131 133
131 139
131 140
131 143
131 144
131 146
131 150
131 152
131 156
131 160
131 162
131 170
131 173
131 175
131 177
131 178
131 182
131 189
131 193
131 200
131 204
131 208
131 214
131 216
131 221
131 223
131 228
131 244
131 246
131 252
132 76
133 5
133 8
133 18
133 23
133 31
133 34
133 35
133 44
133 49
133 51
133 52
133 69
133 70
133 73
133 75
133 78
133 80
133 87
133 88
133 90
133 92
133 95
133 110
133 115
133 129
133 131
133 139
133 140
133 143
133 144
133 146
133 150
133 152
133 156
133 160
133 162
133 170
133 173
133 175
133 177
133 178
133 182
133 189
133 193
133 200
133 204
133 208
133 214
133 216
133 221
133 223
133 228
133 244
133 246
133 252
134 240
135 65
135 190
135 230
135 235
137 77
137 141
139 5
139 8
139 18
139 23
139 31
139 34
139 35
139 44
139 49
139 51
139 52
139 69
139 70
139 73
139 75
139 78
139 80
139 87
139 88
139 90
139 92
139 95
139 110
139 115
139 129
139 131
139 133
139 140
139 143
139 144
139 146
139 150
139 152
139 156
139 160
139 162
139 170
139 173
139 175
139 177
139 178
139 182
139 189
139 193
139 200
139 204
139 208
139 214
139 216
139 221
139 223
139 228
139 244
139 246
139 252
140 5
140 8
140 18
140 23
140 31
140 34
140 35
140 44
140 49
140 51
140 52
140 69
140 70
140 73
140 75
140 78
140 80
140 87
140 88
140 90
140 92
140 95
140 110
140 115
140 129
140 131
140 133
140 139
140 143
140 144
140 146
140 150
140 152
140 156
140 160
140 162
140 170
140 173
140 175
140 177
140 178
140 182
140 189
140 193
140 200
140 204
140 208
140 214
140 216
140 221
140 223
140 228
140 244
140 246
140 252
141 77
141 137
142 123
143 5
143 8
143 18
143 23
143 31
143 34
143 35
143 44
143 49
143 51
143 52
143 69
143 70
143 73
143 75
143 78
143 80
143 87
143 88
143 90
143 92
143 95
143 110
143 115
143 129
143 131
143 133
143 139
143 140
143 144
143 146
143 150
143 152
143 156
143 160
143 162
143 170
143 173
143 175
143 177
143 178
143 182
143 189
143 193
143 200
143 204
143 208
143 214
143 216
143 221
143 223
143 228
143 244
143 246
143 252
144 5
144 8
144 18
144 23
144 31
144 34
144 35
144 44
144 49
144 51
144 52
144 69
144 70
144 73
144 75
144 78
144 80
144 87
144 88
144 90
144 92
144 95
144 110
144 115
144 129
144 131
144 133
144 139
144 140
144 143
144 146
144 150
144 152
144 156
144 160
144 162
144 170
144 173
144 175
144 177
144 178
144 182
144 189
144 193
144 200
144 204
144 208
144 214
144 216
144 221
144 223
144 228
144 244
144 246
144 252
146 5
146 8
146 18
146 23
146 31
146 34
146 35
146 44
146 49
146 51
146 52
146 69
146 70
146 73
146 75
146 78
146 80
146 87
146 88
146 90
146 92
146 95
146 110
146 115
146 129
146 131
146 133
146 139
146 140
146 143
146 144
146 150
146 152
146 156
146 160
146 162
146 170
146 173
146 175
146 177
146 178
146 182
146 189
146 193
146 200
146 204
146 208
146 214
146 216
146 221
146 223
146 228
146 244
146 246
146 252
148 108
148 125
150 5
150 8
150 18
150 23
150 31
150 34
150 35
150 44
150 49
150 51
150 52
150 69
150 70
150 73
150 75
150 78
150 80
150 87
150 88
150 90
150 92
150 95
150 110
150 115
150 129
150 131
150 133
150 139
150 140
150 143
150 144
150 146
150 152
150 156
150 160
150 162
150 170
150 173
150 175
150 177
150 178
150 182
150 189
150 193
150 200
150 204
150 208
150 214
150 216
150 221
150 223
150 228
150 244
150 246
150 252
152 5
152 8
152 18
152 23
152 31
152 34
152 35
152 44
152 49
152 51
152 52
152 69
152 70
152 73
152 75
152 78
152 80
152 87
152 88
152 90
152 92
152 95
152 110
152 115
152 129
152 131
152 133
152 139
152 140
152 143
152 144
152 146
152 150
152 156
152 160
152 162
152 170
152 173
152 175
152 177
152 178
152 182
152 189
152 193
152 200
152 204
152 208
152 214
152 216
152 221
152 223
152 228
152 244
152 246
152 252
154 112
154 202
154 241
154 251
156 5
156 8
156 18
156 23
156 31
156 34
156 35
156 44
156 49
156 51
156 52
156 69
156 70
156 73
156 75
156 78
156 80
156 87
156 88
156 90
156 92
156 95
156 110
156 115
156 129
156 131
156 133
156 139
156 140
156 143
156 144
156 146
156 150
156 152
156 160
156 162
156 170
156 173
156 175
156 177
156 178
156 182
156 189
156 193
156 200
156 204
156 208
156 214
156 216
156 221
156 223
156 228
156 244
156 246
156 252
160 5
160 8
160 18
160 23
160 31
160 34
160 35
160 44
160 49
160 51
160 52
160 69
160 70
160 73
160 75
160 78
160 80
160 87
160 88
160 90
160 92
160 95
160 110
160 115
160 129
160 131
160 133
160 139
160 140
160 143
160 144
160 146
160 150
160 152
160 156
160 162
160 170
160 173
160 175
160 177
160 178
160 182
160 189
160 193
160 200
160 204
160 208
160 214
160 216
160 221
160 223
160 228
160 244
160 246
160 252
162 5
162 8
162 18
162 23
162 31
162 34
162 35
162 44
162 49
162 51
162 52
162 69
162 70
162 73
162 75
162 78
162 80
162 87
162 88
162 90
162 92
162 95
162 110
162 115
162 129
162 131
162 133
162 139
162 140
162 143
162 144
162 146
162 150
162 152
162 156
162 160
162 170
162 173
162 175
162 177
162 178
162 182
162 189
162 193
162 200
162 204
162 208
162 214
162 216
162 221
162 223
162 228
162 244
162 246
162 252
163 119
163 209
163 218
165 54
166 50
167 243
170 5
170 8
170 18
170 23
170 31
170 34
170 35
170 44
170 49
170 51
170 52
170 69
170 70
170 73
170 75
170 78
170 80
170 87
170 88
170 90
170 92
170 95
170 110
170 115
170 129
170 131
170 133
170 139
170 140
170 143
170 144
170 146
170 150
170 152
170 156
170 160
170 162
170 173
170 175
170 177
170 178
170 182
170 189
170 193
170 200
170 204
170 208
170 214
170 216
170 221
170 223
170 228
170 244
170 246
170 252
171 245
173 5
173 8
173 18
173 23
173 31
173 34
173 35
173 44
173 49
173 51
173 52
173 69
173 70
173 73
173 75
173 78
173 80
173 87
173 88
173 90
173 92
173 95
173 110
173 115
173 129
173 131
173 133
173 139
173 140
173 143
173 144
173 146
173 150
173 152
173 156
173 160
173 162
173 170
173 175
173 177
173 178
173 182
173 189
173 193
173 200
173 204
173 208
173 214
173 216
173 221
173 223
173 228
173 244
173 246
173 252
174 67
175 5
175 8
175 18
175 23
175 31
175 34
175 35
175 44
175 49
175 51
175 52
175 69
175 70
175 73
175 75
175 78
175 80
175 87
175 88
175 90
175 92
175 95
175 110
175 115
175 129
175 131
175 133
175 139
175 140
175 143
175 144
175 146
175 150
175 152
175 156
175 160
175 162
175 170
175 173
175 177
175 178
175 182
175 189
175 193
175 200
175 204
175 208
175 214
175 216
175 221
175 223
175 228
175 244
175 246
175 252
176 98
177 5
177 8
177 18
177 23
177 31
177 34
177 35
177 44
177 49
177 51
177 52
177 69
177 70
177 73
177 75
177 78
177 80
177 87
177 88
177 90
177 92
177 95
177 110
177 115
177 129
177 131
177 133
177 139
177 140
177 143
177 144
177 146
177 150
177 152
177 156
177 160
177 162
177 170
177 173
177 175
177 178
177 182
177 189
177 193
177 200
177 204
177 208
177 214
177 216
177 221
177 223
177 228
177 244
177 246
177 252
178 5
178 8
178 18
178 23
178 31
178 34
178 35
178 44
178 49
178 51
178 52
178 69
178 70
178 73
178 75
178 78
178 80
178 87
178 88
178 90
178 92
178 95
178 110
178 115
178 129
178 131
178 133
178 139
178 140
178 143
178 144
178 146
178 150
178 152
178 156
178 160
178 162
178 170
178 173
178 175
178 177
178 182
178 189
178 193
178 200
178 204
178 208
178 214
178 216
178 221
178 223
178 228
178 244
178 246
178 252
179 15
179 250
181 194
182 5
182 8
182 18
182 23
182 31
182 34
182 35
182 44
182 49
182 51
182 52
182 69
182 70
182 73
182 75
182 78
182 80
182 87
182 88
182 90
182 92
182 95
182 110
182 115
182 129
182 131
182 133
182 139
182 140
182 143
182 144
182 146
182 150
182 152
182 156
182 160
182 162
182 170
182 173
182 175
182 177
182 178
182 189
182 193
182 200
182 204
182 208
182 214
182 216
182 221
182 223
182 228
182 244
182 246
182 252
189 5
189 8
189 18
189 23
189 31
189 34
189 35
189 44
189 49
189 51
189 52
189 69
189 70
189 73
189 75
189 78
189 80
189 87
189 88
189 90
189 92
189 95
189 110
189 115
189 129
189 131
189 133
189 139
189 140
189 143
189 144
189 146
189 150
189 152
189 156
189 160
189 162
189 170
189 173
189 175
189 177
189 178
189 182
189 193
189 200
189 204
189 208
189 214
189 216
189 221
189 223
189 228
189 244
189 246
189 252
190 65
190 135
190 230
190 235
192 238
193 5
193 8
193 18
193 23
193 31
193 34
193 35
193 44
193 49
193 51
193 52
193 69
193 70
193 73
193 75
193 78
193 80
193 87
193 88
193 90
193 92
193 95
193 110
193 115
193 129
193 131
193 133
193 139
193 140
193 143
193 144
193 146
193 150
193 152
193 156
193 160
193 162
193 170
193 173
193 175
193 177
193 178
193 182
193 189
193 200
193 204
193 208
193 214
193 216
193 221
193 223
193 228
193 244
193 246
193 252
194 181
195 96
195 229
196 21
198 14
198 22
198 25
200 5
200 8
200 18
200 23
200 31
200 34
200 35
200 44
200 49
200 51
200 52
200 69
200 70
200 73
200 75
200 78
200 80
200 87
200 88
200 90
200 92
200 95
200 110
200 115
200 129
200 131
200 133
200 139
200 140
200 143
200 144
200 146
200 150
200 152
200 156
200 160
200 162
200 170
200 173
200 175
200 177
200 178
200 182
200 189
200 193
200 204
200 208
200 214
200 216
200 221
200 223
200 228
200 244
200 246
200 252
202 112
202 154
202 241
202 251
203 225
204 5
204 8
204 18
204 23
204 31
204 34
204 35
204 44
204 49
204 51
204 52
204 69
204 70
204 73
204 75
204 78
204 80
204 87
204 88
204 90
204 92
204 95
204 110
204 115
204 129
204 131
204 133
204 139
204 140
204 143
204 144
204 146
204 150
204 152
204 156
204 160
204 162
204 170
204 173
204 175
204 177
204 178
204 182
204 189
204 193
204 200
204 208
204 214
204 216
204 221
204 223
204 228
204 244
204 246
204 252
208 5
208 8
208 18
208 23
208 31
208 34
208 35
208 44
208 49
208 51
208 52
208 69
208 70
208 73
208 75
208 78
208 80
208 87
208 88
208 90
208 92
208 95
208 110
208 115
208 129
208 131
208 133
208 139
208 140
208 143
208 144
208 146
208 150
208 152
208 156
208 160
208 162
208 170
208 173
208 175
208 177
208 178
208 182
208 189
208 193
208 200
208 204
208 214
208 216
208 221
208 223
208 228
208 244
208 246
208 252
209 119
209 163
209 218
211 20
211 47
214 5
214 8
214 18
214 23
214 31
214 34
214 35
214 44
214 49
214 51
214 52
214 69
214 70
214 73
214 75
214 78
214 80
214 87
214 88
214 90
214 92
214 95
214 110
214 115
214 129
214 131
214 133
214 139
214 140
214 143
214 144
214 146
214 150
214 152
214 156
214 160
214 162
214 170
214 173
214 175
214 177
214 178
214 182
214 189
214 193
214 200
214 204
214 208
214 216
214 221
214 223
214 228
214 244
214 246
214 252
216 5
216 8
216 18
216 23
216 31
216 34
216 35
216 44
216 49
216 51
216 52
216 69
216 70
216 73
216 75
216 78
216 80
216 87
216 88
216 90
216 92
216 95
216 110
216 115
216 129
216 131
216 133
216 139
216 140
216 143
216 144
216 146
216 150
216 152
216 156
216 160
216 162
216 170
216 173
216 175
216 177
216 178
216 182
216 189
216 193
216 200
216 204
216 208
216 214
216 221
216 223
216 228
216 244
216 246
216 252
217 116
218 119
218 163
218 209
220 6
221 5
221 8
221 18
221 23
221 31
221 34
221 35
221 44
221 49
221 51
221 52
221 69
221 70
221 73
221 75
221 78
221 80
221 87
221 88
221 90
221 92
221 95
221 110
221 115
221 129
221 131
221 133
221 139
221 140
221 143
221 144
221 146
221 150
221 152
221 156
221 160
221 162
221 170
221 173
221 175
221 177
221 178
221 182
221 189
221 193
221 200
221 204
221 208
221 214
221 216
221 223
221 228
221 244
221 246
221 252
223 5
223 8
223 18
223 23
223 31
223 34
223 35
223 44
223 49
223 51
223 52
223 69
223 70
223 73
223 75
223 78
223 80
223 87
223 88
223 90
223 92
223 95
223 110
223 115
223 129
223 131
223 133
223 139
223 140
223 143
223 144
223 146
223 150
223 152
223 156
223 160
223 162
223 170
223 173
223 175
223 177
223 178
223 182
223 189
223 193
223 200
223 204
223 208
223 214
223 216
223 221
223 228
223 244
223 246
223 252
224 103
224 226
225 203
226 103
226 224
228 5
228 8
228 18
228 23
228 31
228 34
228 35
228 44
228 49
228 51
228 52
228 69
228 70
228 73
228 75
228 78
228 80
228 87
228 88
228 90
228 92
228 95
228 110
228 115
228 129
228 131
228 133
228 139
228 140
228 143
228 144
228 146
228 150
228 152
228 156
228 160
228 162
228 170
228 173
228 175
228 177
228 178
228 182
228 189
228 193
228 200
228 204
228 208
228 214
228 216
228 221
228 223
228 244
228 246
228 252
229 96
229 195
230 65
230 135
230 190
230 235
232 27
235 65
235 135
235 190
235 230
236 29
236 248
237 255
238 192
240 134
241 112
241 154
241 202
241 251
242 11
243 167
244 5
244 8
244 18
244 23
244 31
244 34
244 35
244 44
244 49
244 51
244 52
244 69
244 70
244 73
244 75
244 78
244 80
244 87
244 88
244 90
244 92
244 95
244 110
244 115
244 129
244 131
244 133
244 139
244 140
244 143
244 144
244 146
244 150
244 152
244 156
244 160
244 162
244 170
244 173
244 175
244 177
244 178
244 182
244 189
244 193
244 200
244 204
244 208
244 214
244 216
244 221
244 223
244 228
244 246
244 252
245 171
246 5
246 8
246 18
246 23
246 31
246 34
246 35
246 44
246 49
246 51
246 52
246 69
246 70
246 73
246 75
246 78
246 80
246 87
246 88
246 90
246 92
246 95
246 110
246 115
246 129
246 131
246 133
246 139
246 140
246 143
246 144
246 146
246 150
246 152
246 156
246 160
246 162
246 170
246 173
246 175
246 177
246 178
246 182
246 189
246 193
246 200
246 204
246 208
246 214
246 216
246 221
246 223
246 228
246 244
246 252
248 29
248 236
250 15
250 179
251 112
251 154
251 202
251 241
252 5
252 8
252 18
252 23
252 31
252 34
252 35
252 44
252 49
252 51
252 52
252 69
252 70
252 73
252 75
252 78
252 80
252 87
252 88
252 90
252 92
252 95
252 110
252 115
252 129
252 131
252 133
252 139
252 140
252 143
252 144
252 146
252 150
252 152
252 156
252 160
252 162
252 170
252 173
252 175
252 177
252 178
252 182
252 189
252 193
252 200
252 204
252 208
252 214
252 216
252 221
252 223
252 228
252 244
252 246
254 16
254 45
254 105
255 237
