64 426
0 5
0 46
1 2
1 7
1 10
1 13
1 16
1 17
1 20
1 22
1 25
1 26
1 33
1 36
1 38
1 39
1 41
1 47
1 53
1 57
1 61
1 62
2 1
2 7
2 10
2 13
2 16
2 17
2 20
2 22
2 25
2 26
2 33
2 36
2 38
2 39
2 41
2 47
2 53
2 57
2 61
2 62
5 0
5 46
7 1
7 2
7 10
7 13
7 16
7 17
7 20
7 22
7 25
7 26
7 33
7 36
7 38
7 39
7 41
7 47
7 53
7 57
7 61
7 62
10 1
10 2
10 7
10 13
10 16
10 17
10 20
10 22
10 25
10 26
10 33
10 36
10 38
10 39
10 41
10 47
10 53
10 57
10 61
10 62
13 1
13 2
13 7
13 10
13 16
13 17
13 20
13 22
13 25
13 26
13 33
13 36
13 38
13 39
13 41
13 47
13 53
13 57
13 61
13 62
16 1
16 2
16 7
16 10
16 13
16 17
16 20
16 22
16 25
16 26
16 33
16 36
16 38
16 39
16 41
16 47
16 53
16 57
16 61
16 62
17 1
17 2
17 7
17 10
17 13
17 16
17 20
17 22
17 25
17 26
17 33
17 36
17 38
17 39
17 41
17 47
17 53
17 57
17 61
17 62
20 1
20 2
20 7
20 10
20 13
20 16
20 17
20 22
20 25
20 26
20 33
20 36
20 38
20 39
20 41
20 47
20 53
20 57
20 61
20 62
22 1
22 2
22 7
22 10
22 13
22 16
22 17
22 20
22 25
22 26
22 33
22 36
22 38
22 39
22 41
22 47
22 53
22 57
22 61
22 62
25 1
25 2
25 7
25 10
25 13
25 16
25 17
25 20
25 22
25 26
25 33
25 36
25 38
25 39
25 41
25 47
25 53
25 57
25 61
25 62
26 1
26 2
26 7
26 10
26 13
26 16
26 17
26 20
26 22
26 25
26 33
26 36
26 38
26 39
26 41
26 47
26 53
26 57
26 61
26 62
33 1
33 2
33 7
33 10
33 13
33 16
33 17
33 20
33 22
33 25
33 26
33 36
33 38
33 39
33 41
33 47
33 53
33 57
33 61
33 62
36 1
36 2
36 7
36 10
36 13
36 16
36 17
36 20
36 22
36 25
36 26
36 33
36 38
36 39
36 41
36 47
36 53
36 57
36 61
36 62
38 1
38 2
38 7
38 10
38 13
38 16
38 17
38 20
38 22
38 25
38 26
38 33
38 36
38 39
38 41
38 47
38 53
38 57
38 61
38 62
39 1
39 2
39 7
39 10
39 13
39 16
39 17
39 20
39 22
39 25
39 26
39 33
39 36
39 38
39 41
39 47
39 53
39 57
39 61
39 62
41 1
41 2
41 7
41 10
41 13
41 16
41 17
41 20
41 22
41 25
41 26
41 33
41 36
41 38
41 39
41 47
41 53
41 57
41 61
41 62
46 0
46 5
47 1
47 2
47 7
47 10
47 13
47 16
47 17
47 20
47 22
47 25
47 26
47 33
47 36
47 38
47 39
47 41
47 53
47 57
47 61
47 62
53 1
53 2
53 7
53 10
53 13
53 16
53 17
53 20
53 22
53 25
53 26
53 33
53 36
53 38
53 39
53 41
53 47
53 57
53 61
53 62
57 1
57 2
57 7
57 10
57 13
57 16
57 17
57 20
57 22
57 25
57 26
57 33
57 36
57 38
57 39
57 41
57 47
57 53
57 61
57 62
61 1
61 2
61 7
61 10
61 13
61 16
61 17
61 20
61 22
61 25
61 26
61 33
61 36
61 38
61 39
61 41
61 47
61 53
61 57
61 62
62 1
62 2
62 7
62 10
62 13
62 16
62 17
62 20
62 22
62 25
62 26
62 33
62 36
62 38
62 39
62 41
62 47
62 53
62 57
62 61
