64 884
0 1
0 2
0 3
0 5
0 6
0 8
0 9
0 14
0 18
0 23
0 24
0 25
0 27
0 30
0 31
0 34
0 35
0 40
0 43
0 44
0 45
0 47
0 49
0 51
0 52
0 53
0 59
0 60
0 62
1 0
1 2
1 3
1 5
1 6
1 8
1 9
1 14
1 18
1 23
1 24
1 25
1 27
1 30
1 31
1 34
1 35
1 40
1 43
1 44
1 45
1 47
1 49
1 51
1 52
1 53
1 59
1 60
1 62
2 0
2 1
2 3
2 5
2 6
2 8
2 9
2 14
2 18
2 23
2 24
2 25
2 27
2 30
2 31
2 34
2 35
2 40
2 43
2 44
2 45
2 47
2 49
2 51
2 52
2 53
2 59
2 60
2 62
3 0
3 1
3 2
3 5
3 6
3 8
3 9
3 14
3 18
3 23
3 24
3 25
3 27
3 30
3 31
3 34
3 35
3 40
3 43
3 44
3 45
3 47
3 49
3 51
3 52
3 53
3 59
3 60
3 62
4 12
5 0
5 1
5 2
5 3
5 6
5 8
5 9
5 14
5 18
5 23
5 24
5 25
5 27
5 30
5 31
5 34
5 35
5 40
5 43
5 44
5 45
5 47
5 49
5 51
5 52
5 53
5 59
5 60
5 62
6 0
6 1
6 2
6 3
6 5
6 8
6 9
6 14
6 18
6 23
6 24
6 25
6 27
6 30
6 31
6 34
6 35
6 40
6 43
6 44
6 45
6 47
6 49
6 51
6 52
6 53
6 59
6 60
6 62
8 0
8 1
8 2
8 3
8 5
8 6
8 9
8 14
8 18
8 23
8 24
8 25
8 27
8 30
8 31
8 34
8 35
8 40
8 43
8 44
8 45
8 47
8 49
8 51
8 52
8 53
8 59
8 60
8 62
9 0
9 1
9 2
9 3
9 5
9 6
9 8
9 14
9 18
9 23
9 24
9 25
9 27
9 30
9 31
9 34
9 35
9 40
9 43
9 44
9 45
9 47
9 49
9 51
9 52
9 53
9 59
9 60
9 62
12 4
14 0
14 1
14 2
14 3
14 5
14 6
14 8
14 9
14 18
14 23
14 24
14 25
14 27
14 30
14 31
14 34
14 35
14 40
14 43
14 44
14 45
14 47
14 49
14 51
14 52
14 53
14 59
14 60
14 62
15 21
15 38
15 41
18 0
18 1
18 2
18 3
18 5
18 6
18 8
18 9
18 14
18 23
18 24
18 25
18 27
18 30
18 31
18 34
18 35
18 40
18 43
18 44
18 45
18 47
18 49
18 51
18 52
18 53
18 59
18 60
18 62
21 15
21 38
21 41
23 0
23 1
23 2
23 3
23 5
23 6
23 8
23 9
23 14
23 18
23 24
23 25
23 27
23 30
23 31
23 34
23 35
23 40
23 43
23 44
23 45
23 47
23 49
23 51
23 52
23 53
23 59
23 60
23 62
24 0
24 1
24 2
24 3
24 5
24 6
24 8
24 9
24 14
24 18
24 23
24 25
24 27
24 30
24 31
24 34
24 35
24 40
24 43
24 44
24 45
24 47
24 49
24 51
24 52
24 53
24 59
24 60
24 62
25 0
25 1
25 2
25 3
25 5
25 6
25 8
25 9
25 14
25 18
25 23
25 24
25 27
25 30
25 31
25 34
25 35
25 40
25 43
25 44
25 45
25 47
25 49
25 51
25 52
25 53
25 59
25 60
25 62
27 0
27 1
27 2
27 3
27 5
27 6
27 8
27 9
27 14
27 18
27 23
27 24
27 25
27 30
27 31
27 34
27 35
27 40
27 43
27 44
27 45
27 47
27 49
27 51
27 52
27 53
27 59
27 60
27 62
30 0
30 1
30 2
30 3
30 5
30 6
30 8
30 9
30 14
30 18
30 23
30 24
30 25
30 27
30 31
30 34
30 35
30 40
30 43
30 44
30 45
30 47
30 49
30 51
30 52
30 53
30 59
30 60
30 62
31 0
31 1
31 2
31 3
31 5
31 6
31 8
31 9
31 14
31 18
31 23
31 24
31 25
31 27
31 30
31 34
31 35
31 40
31 43
31 44
31 45
31 47
31 49
31 51
31 52
31 53
31 59
31 60
31 62
34 0
34 1
34 2
34 3
34 5
34 6
34 8
34 9
34 14
34 18
34 23
34 24
34 25
34 27
34 30
34 31
34 35
34 40
34 43
34 44
34 45
34 47
34 49
34 51
34 52
34 53
34 59
34 60
34 62
35 0
35 1
35 2
35 3
35 5
35 6
35 8
35 9
35 14
35 18
35 23
35 24
35 25
35 27
35 30
35 31
35 34
35 40
35 43
35 44
35 45
35 47
35 49
35 51
35 52
35 53
35 59
35 60
35 62
38 15
38 21
38 41
40 0
40 1
40 2
40 3
40 5
40 6
40 8
40 9
40 14
40 18
40 23
40 24
40 25
40 27
40 30
40 31
40 34
40 35
40 43
40 44
40 45
40 47
40 49
40 51
40 52
40 53
40 59
40 60
40 62
41 15
41 21
41 38
43 0
43 1
43 2
43 3
43 5
43 6
43 8
43 9
43 14
43 18
43 23
43 24
43 25
43 27
43 30
43 31
43 34
43 35
43 40
43 44
43 45
43 47
43 49
43 51
43 52
43 53
43 59
43 60
43 62
44 0
44 1
44 2
44 3
44 5
44 6
44 8
44 9
44 14
44 18
44 23
44 24
44 25
44 27
44 30
44 31
44 34
44 35
44 40
44 43
44 45
44 47
44 49
44 51
44 52
44 53
44 59
44 60
44 62
45 0
45 1
45 2
45 3
45 5
45 6
45 8
45 9
45 14
45 18
45 23
45 24
45 25
45 27
45 30
45 31
45 34
45 35
45 40
45 43
45 44
45 47
45 49
45 51
45 52
45 53
45 59
45 60
45 62
47 0
47 1
47 2
47 3
47 5
47 6
47 8
47 9
47 14
47 18
47 23
47 24
47 25
47 27
47 30
47 31
47 34
47 35
47 40
47 43
47 44
47 45
47 49
47 51
47 52
47 53
47 59
47 60
47 62
49 0
49 1
49 2
49 3
49 5
49 6
49 8
49 9
49 14
49 18
49 23
49 24
49 25
49 27
49 30
49 31
49 34
49 35
49 40
49 43
49 44
49 45
49 47
49 51
49 52
49 53
49 59
49 60
49 62
51 0
51 1
51 2
51 3
51 5
51 6
51 8
51 9
51 14
51 18
51 23
51 24
51 25
51 27
51 30
51 31
51 34
51 35
51 40
51 43
51 44
51 45
51 47
51 49
51 52
51 53
51 59
51 60
51 62
52 0
52 1
52 2
52 3
52 5
52 6
52 8
52 9
52 14
52 18
52 23
52 24
52 25
52 27
52 30
52 31
52 34
52 35
52 40
52 43
52 44
52 45
52 47
52 49
52 51
52 53
52 59
52 60
52 62
53 0
53 1
53 2
53 3
53 5
53 6
53 8
53 9
53 14
53 18
53 23
53 24
53 25
53 27
53 30
53 31
53 34
53 35
53 40
53 43
53 44
53 45
53 47
53 49
53 51
53 52
53 59
53 60
53 62
59 0
59 1
59 2
59 3
59 5
59 6
59 8
59 9
59 14
59 18
59 23
59 24
59 25
59 27
59 30
59 31
59 34
59 35
59 40
59 43
59 44
59 45
59 47
59 49
59 51
59 52
59 53
59 60
59 62
60 0
60 1
60 2
60 3
60 5
60 6
60 8
60 9
60 14
60 18
60 23
60 24
60 25
60 27
60 30
60 31
60 34
60 35
60 40
60 43
60 44
60 45
60 47
60 49
60 51
60 52
60 53
60 59
60 62
62 0
62 1
62 2
62 3
62 5
62 6
62 8
62 9
62 14
62 18
62 23
62 24
62 25
62 27
62 30
62 31
62 34
62 35
62 40
62 43
62 44
62 45
62 47
62 49
62 51
62 52
62 53
62 59
62 60
