256 5712
0 3
0 6
0 9
0 10
0 13
0 14
0 16
0 17
0 21
0 24
0 27
0 30
0 36
0 38
0 40
0 43
0 45
0 57
0 59
0 60
0 68
0 72
0 76
0 77
0 86
0 89
0 96
0 98
0 99
0 100
0 102
0 105
0 106
0 107
0 108
0 114
0 119
0 123
0 125
0 126
0 134
0 135
0 136
0 138
0 151
0 154
0 155
0 161
0 163
0 166
0 168
0 174
0 176
0 179
0 181
0 183
0 184
0 195
0 198
0 202
0 210
0 212
0 215
0 217
0 225
0 236
0 238
0 240
0 241
0 242
0 243
0 250
0 251
0 254
2 207
3 0
3 6
3 9
3 10
3 13
3 14
3 16
3 17
3 21
3 24
3 27
3 30
3 36
3 38
3 40
3 43
3 45
3 57
3 59
3 60
3 68
3 72
3 76
3 77
3 86
3 89
3 96
3 98
3 99
3 100
3 102
3 105
3 106
3 107
3 108
3 114
3 119
3 123
3 125
3 126
3 134
3 135
3 136
3 138
3 151
3 154
3 155
3 161
3 163
3 166
3 168
3 174
3 176
3 179
3 181
3 183
3 184
3 195
3 198
3 202
3 210
3 212
3 215
3 217
3 225
3 236
3 238
3 240
3 241
3 242
3 243
3 250
3 251
3 254
6 0
6 3
6 9
6 10
6 13
6 14
6 16
6 17
6 21
6 24
6 27
6 30
6 36
6 38
6 40
6 43
6 45
6 57
6 59
6 60
6 68
6 72
6 76
6 77
6 86
6 89
6 96
6 98
6 99
6 100
6 102
6 105
6 106
6 107
6 108
6 114
6 119
6 123
6 125
6 126
6 134
6 135
6 136
6 138
6 151
6 154
6 155
6 161
6 163
6 166
6 168
6 174
6 176
6 179
6 181
6 183
6 184
6 195
6 198
6 202
6 210
6 212
6 215
6 217
6 225
6 236
6 238
6 240
6 241
6 242
6 243
6 250
6 251
6 254
7 74
7 82
7 133
7 206
8 248
9 0
9 3
9 6
9 10
9 13
9 14
9 16
9 17
9 21
9 24
9 27
9 30
9 36
9 38
9 40
9 43
9 45
9 57
9 59
9 60
9 68
9 72
9 76
9 77
9 86
9 89
9 96
9 98
9 99
9 100
9 102
9 105
9 106
9 107
9 108
9 114
9 119
9 123
9 125
9 126
9 134
9 135
9 136
9 138
9 151
9 154
9 155
9 161
9 163
9 166
9 168
9 174
9 176
9 179
9 181
9 183
9 184
9 195
9 198
9 202
9 210
9 212
9 215
9 217
9 225
9 236
9 238
9 240
9 241
9 242
9 243
9 250
9 251
9 254
10 0
10 3
10 6
10 9
10 13
10 14
10 16
10 17
10 21
10 24
10 27
10 30
10 36
10 38
10 40
10 43
10 45
10 57
10 59
10 60
10 68
10 72
10 76
10 77
10 86
10 89
10 96
10 98
10 99
10 100
10 102
10 105
10 106
10 107
10 108
10 114
10 119
10 123
10 125
10 126
10 134
10 135
10 136
10 138
10 151
10 154
10 155
10 161
10 163
10 166
10 168
10 174
10 176
10 179
10 181
10 183
10 184
10 195
10 198
10 202
10 210
10 212
10 215
10 217
10 225
10 236
10 238
10 240
10 241
10 242
10 243
10 250
10 251
10 254
13 0
13 3
13 6
13 9
13 10
13 14
13 16
13 17
13 21
13 24
13 27
13 30
13 36
13 38
13 40
13 43
13 45
13 57
13 59
13 60
13 68
13 72
13 76
13 77
13 86
13 89
13 96
13 98
13 99
13 100
13 102
13 105
13 106
13 107
13 108
13 114
13 119
13 123
13 125
13 126
13 134
13 135
13 136
13 138
13 151
13 154
13 155
13 161
13 163
13 166
13 168
13 174
13 176
13 179
13 181
13 183
13 184
13 195
13 198
13 202
13 210
13 212
13 215
13 217
13 225
13 236
13 238
13 240
13 241
13 242
13 243
13 250
13 251
13 254
14 0
14 3
14 6
14 9
14 10
14 13
14 16
14 17
14 21
14 24
14 27
14 30
14 36
14 38
14 40
14 43
14 45
14 57
14 59
14 60
14 68
14 72
14 76
14 77
14 86
14 89
14 96
14 98
14 99
14 100
14 102
14 105
14 106
14 107
14 108
14 114
14 119
14 123
14 125
14 126
14 134
14 135
14 136
14 138
14 151
14 154
14 155
14 161
14 163
14 166
14 168
14 174
14 176
14 179
14 181
14 183
14 184
14 195
14 198
14 202
14 210
14 212
14 215
14 217
14 225
14 236
14 238
14 240
14 241
14 242
14 243
14 250
14 251
14 254
15 56
15 58
15 80
15 83
15 213
16 0
16 3
16 6
16 9
16 10
16 13
16 14
16 17
16 21
16 24
16 27
16 30
16 36
16 38
16 40
16 43
16 45
16 57
16 59
16 60
16 68
16 72
16 76
16 77
16 86
16 89
16 96
16 98
16 99
16 100
16 102
16 105
16 106
16 107
16 108
16 114
16 119
16 123
16 125
16 126
16 134
16 135
16 136
16 138
16 151
16 154
16 155
16 161
16 163
16 166
16 168
16 174
16 176
16 179
16 181
16 183
16 184
16 195
16 198
16 202
16 210
16 212
16 215
16 217
16 225
16 236
16 238
16 240
16 241
16 242
16 243
16 250
16 251
16 254
17 0
17 3
17 6
17 9
17 10
17 13
17 14
17 16
17 21
17 24
17 27
17 30
17 36
17 38
17 40
17 43
17 45
17 57
17 59
17 60
17 68
17 72
17 76
17 77
17 86
17 89
17 96
17 98
17 99
17 100
17 102
17 105
17 106
17 107
17 108
17 114
17 119
17 123
17 125
17 126
17 134
17 135
17 136
17 138
17 151
17 154
17 155
17 161
17 163
17 166
17 168
17 174
17 176
17 179
17 181
17 183
17 184
17 195
17 198
17 202
17 210
17 212
17 215
17 217
17 225
17 236
17 238
17 240
17 241
17 242
17 243
17 250
17 251
17 254
18 29
21 0
21 3
21 6
21 9
21 10
21 13
21 14
21 16
21 17
21 24
21 27
21 30
21 36
21 38
21 40
21 43
21 45
21 57
21 59
21 60
21 68
21 72
21 76
21 77
21 86
21 89
21 96
21 98
21 99
21 100
21 102
21 105
21 106
21 107
21 108
21 114
21 119
21 123
21 125
21 126
21 134
21 135
21 136
21 138
21 151
21 154
21 155
21 161
21 163
21 166
21 168
21 174
21 176
21 179
21 181
21 183
21 184
21 195
21 198
21 202
21 210
21 212
21 215
21 217
21 225
21 236
21 238
21 240
21 241
21 242
21 243
21 250
21 251
21 254
24 0
24 3
24 6
24 9
24 10
24 13
24 14
24 16
24 17
24 21
24 27
24 30
24 36
24 38
24 40
24 43
24 45
24 57
24 59
24 60
24 68
24 72
24 76
24 77
24 86
24 89
24 96
24 98
24 99
24 100
24 102
24 105
24 106
24 107
24 108
24 114
24 119
24 123
24 125
24 126
24 134
24 135
24 136
24 138
24 151
24 154
24 155
24 161
24 163
24 166
24 168
24 174
24 176
24 179
24 181
24 183
24 184
24 195
24 198
24 202
24 210
24 212
24 215
24 217
24 225
24 236
24 238
24 240
24 241
24 242
24 243
24 250
24 251
24 254
26 177
26 221
26 239
27 0
27 3
27 6
27 9
27 10
27 13
27 14
27 16
27 17
27 21
27 24
27 30
27 36
27 38
27 40
27 43
27 45
27 57
27 59
27 60
27 68
27 72
27 76
27 77
27 86
27 89
27 96
27 98
27 99
27 100
27 102
27 105
27 106
27 107
27 108
27 114
27 119
27 123
27 125
27 126
27 134
27 135
27 136
27 138
27 151
27 154
27 155
27 161
27 163
27 166
27 168
27 174
27 176
27 179
27 181
27 183
27 184
27 195
27 198
27 202
27 210
27 212
27 215
27 217
27 225
27 236
27 238
27 240
27 241
27 242
27 243
27 250
27 251
27 254
28 110
29 18
30 0
30 3
30 6
30 9
30 10
30 13
30 14
30 16
30 17
30 21
30 24
30 27
30 36
30 38
30 40
30 43
30 45
30 57
30 59
30 60
30 68
30 72
30 76
30 77
30 86
30 89
30 96
30 98
30 99
30 100
30 102
30 105
30 106
30 107
30 108
30 114
30 119
30 123
30 125
30 126
30 134
30 135
30 136
30 138
30 151
30 154
30 155
30 161
30 163
30 166
30 168
30 174
30 176
30 179
30 181
30 183
30 184
30 195
30 198
30 202
30 210
30 212
30 215
30 217
30 225
30 236
30 238
30 240
30 241
30 242
30 243
30 250
30 251
30 254
34 159
34 199
36 0
36 3
36 6
36 9
36 10
36 13
36 14
36 16
36 17
36 21
36 24
36 27
36 30
36 38
36 40
36 43
36 45
36 57
36 59
36 60
36 68
36 72
36 76
36 77
36 86
36 89
36 96
36 98
36 99
36 100
36 102
36 105
36 106
36 107
36 108
36 114
36 119
36 123
36 125
36 126
36 134
36 135
36 136
36 138
36 151
36 154
36 155
36 161
36 163
36 166
36 168
36 174
36 176
36 179
36 181
36 183
36 184
36 195
36 198
36 202
36 210
36 212
36 215
36 217
36 225
36 236
36 238
36 240
36 241
36 242
36 243
36 250
36 251
36 254
37 93
37 234
38 0
38 3
38 6
38 9
38 10
38 13
38 14
38 16
38 17
38 21
38 24
38 27
38 30
38 36
38 40
38 43
38 45
38 57
38 59
38 60
38 68
38 72
38 76
38 77
38 86
38 89
38 96
38 98
38 99
38 100
38 102
38 105
38 106
38 107
38 108
38 114
38 119
38 123
38 125
38 126
38 134
38 135
38 136
38 138
38 151
38 154
38 155
38 161
38 163
38 166
38 168
38 174
38 176
38 179
38 181
38 183
38 184
38 195
38 198
38 202
38 210
38 212
38 215
38 217
38 225
38 236
38 238
38 240
38 241
38 242
38 243
38 250
38 251
38 254
40 0
40 3
40 6
40 9
40 10
40 13
40 14
40 16
40 17
40 21
40 24
40 27
40 30
40 36
40 38
40 43
40 45
40 57
40 59
40 60
40 68
40 72
40 76
40 77
40 86
40 89
40 96
40 98
40 99
40 100
40 102
40 105
40 106
40 107
40 108
40 114
40 119
40 123
40 125
40 126
40 134
40 135
40 136
40 138
40 151
40 154
40 155
40 161
40 163
40 166
40 168
40 174
40 176
40 179
40 181
40 183
40 184
40 195
40 198
40 202
40 210
40 212
40 215
40 217
40 225
40 236
40 238
40 240
40 241
40 242
40 243
40 250
40 251
40 254
42 81
43 0
43 3
43 6
43 9
43 10
43 13
43 14
43 16
43 17
43 21
43 24
43 27
43 30
43 36
43 38
43 40
43 45
43 57
43 59
43 60
43 68
43 72
43 76
43 77
43 86
43 89
43 96
43 98
43 99
43 100
43 102
43 105
43 106
43 107
43 108
43 114
43 119
43 123
43 125
43 126
43 134
43 135
43 136
43 138
43 151
43 154
43 155
43 161
43 163
43 166
43 168
43 174
43 176
43 179
43 181
43 183
43 184
43 195
43 198
43 202
43 210
43 212
43 215
43 217
43 225
43 236
43 238
43 240
43 241
43 242
43 243
43 250
43 251
43 254
45 0
45 3
45 6
45 9
45 10
45 13
45 14
45 16
45 17
45 21
45 24
45 27
45 30
45 36
45 38
45 40
45 43
45 57
45 59
45 60
45 68
45 72
45 76
45 77
45 86
45 89
45 96
45 98
45 99
45 100
45 102
45 105
45 106
45 107
45 108
45 114
45 119
45 123
45 125
45 126
45 134
45 135
45 136
45 138
45 151
45 154
45 155
45 161
45 163
45 166
45 168
45 174
45 176
45 179
45 181
45 183
45 184
45 195
45 198
45 202
45 210
45 212
45 215
45 217
45 225
45 236
45 238
45 240
45 241
45 242
45 243
45 250
45 251
45 254
47 49
47 200
49 47
49 200
51 53
51 224
53 51
53 224
56 15
56 58
56 80
56 83
56 213
57 0
57 3
57 6
57 9
57 10
57 13
57 14
57 16
57 17
57 21
57 24
57 27
57 30
57 36
57 38
57 40
57 43
57 45
57 59
57 60
57 68
57 72
57 76
57 77
57 86
57 89
57 96
57 98
57 99
57 100
57 102
57 105
57 106
57 107
57 108
57 114
57 119
57 123
57 125
57 126
57 134
57 135
57 136
57 138
57 151
57 154
57 155
57 161
57 163
57 166
57 168
57 174
57 176
57 179
57 181
57 183
57 184
57 195
57 198
57 202
57 210
57 212
57 215
57 217
57 225
57 236
57 238
57 240
57 241
57 242
57 243
57 250
57 251
57 254
58 15
58 56
58 80
58 83
58 213
59 0
59 3
59 6
59 9
59 10
59 13
59 14
59 16
59 17
59 21
59 24
59 27
59 30
59 36
59 38
59 40
59 43
59 45
59 57
59 60
59 68
59 72
59 76
59 77
59 86
59 89
59 96
59 98
59 99
59 100
59 102
59 105
59 106
59 107
59 108
59 114
59 119
59 123
59 125
59 126
59 134
59 135
59 136
59 138
59 151
59 154
59 155
59 161
59 163
59 166
59 168
59 174
59 176
59 179
59 181
59 183
59 184
59 195
59 198
59 202
59 210
59 212
59 215
59 217
59 225
59 236
59 238
59 240
59 241
59 242
59 243
59 250
59 251
59 254
60 0
60 3
60 6
60 9
60 10
60 13
60 14
60 16
60 17
60 21
60 24
60 27
60 30
60 36
60 38
60 40
60 43
60 45
60 57
60 59
60 68
60 72
60 76
60 77
60 86
60 89
60 96
60 98
60 99
60 100
60 102
60 105
60 106
60 107
60 108
60 114
60 119
60 123
60 125
60 126
60 134
60 135
60 136
60 138
60 151
60 154
60 155
60 161
60 163
60 166
60 168
60 174
60 176
60 179
60 181
60 183
60 184
60 195
60 198
60 202
60 210
60 212
60 215
60 217
60 225
60 236
60 238
60 240
60 241
60 242
60 243
60 250
60 251
60 254
61 69
61 70
61 97
64 145
65 230
66 191
68 0
68 3
68 6
68 9
68 10
68 13
68 14
68 16
68 17
68 21
68 24
68 27
68 30
68 36
68 38
68 40
68 43
68 45
68 57
68 59
68 60
68 72
68 76
68 77
68 86
68 89
68 96
68 98
68 99
68 100
68 102
68 105
68 106
68 107
68 108
68 114
68 119
68 123
68 125
68 126
68 134
68 135
68 136
68 138
68 151
68 154
68 155
68 161
68 163
68 166
68 168
68 174
68 176
68 179
68 181
68 183
68 184
68 195
68 198
68 202
68 210
68 212
68 215
68 217
68 225
68 236
68 238
68 240
68 241
68 242
68 243
68 250
68 251
68 254
69 61
69 70
69 97
70 61
70 69
70 97
72 0
72 3
72 6
72 9
72 10
72 13
72 14
72 16
72 17
72 21
72 24
72 27
72 30
72 36
72 38
72 40
72 43
72 45
72 57
72 59
72 60
72 68
72 76
72 77
72 86
72 89
72 96
72 98
72 99
72 100
72 102
72 105
72 106
72 107
72 108
72 114
72 119
72 123
72 125
72 126
72 134
72 135
72 136
72 138
72 151
72 154
72 155
72 161
72 163
72 166
72 168
72 174
72 176
72 179
72 181
72 183
72 184
72 195
72 198
72 202
72 210
72 212
72 215
72 217
72 225
72 236
72 238
72 240
72 241
72 242
72 243
72 250
72 251
72 254
74 7
74 82
74 133
74 206
76 0
76 3
76 6
76 9
76 10
76 13
76 14
76 16
76 17
76 21
76 24
76 27
76 30
76 36
76 38
76 40
76 43
76 45
76 57
76 59
76 60
76 68
76 72
76 77
76 86
76 89
76 96
76 98
76 99
76 100
76 102
76 105
76 106
76 107
76 108
76 114
76 119
76 123
76 125
76 126
76 134
76 135
76 136
76 138
76 151
76 154
76 155
76 161
76 163
76 166
76 168
76 174
76 176
76 179
76 181
76 183
76 184
76 195
76 198
76 202
76 210
76 212
76 215
76 217
76 225
76 236
76 238
76 240
76 241
76 242
76 243
76 250
76 251
76 254
77 0
77 3
77 6
77 9
77 10
77 13
77 14
77 16
77 17
77 21
77 24
77 27
77 30
77 36
77 38
77 40
77 43
77 45
77 57
77 59
77 60
77 68
77 72
77 76
77 86
77 89
77 96
77 98
77 99
77 100
77 102
77 105
77 106
77 107
77 108
77 114
77 119
77 123
77 125
77 126
77 134
77 135
77 136
77 138
77 151
77 154
77 155
77 161
77 163
77 166
77 168
77 174
77 176
77 179
77 181
77 183
77 184
77 195
77 198
77 202
77 210
77 212
77 215
77 217
77 225
77 236
77 238
77 240
77 241
77 242
77 243
77 250
77 251
77 254
79 85
79 128
79 130
79 170
80 15
80 56
80 58
80 83
80 213
81 42
82 7
82 74
82 133
82 206
83 15
83 56
83 58
83 80
83 213
85 79
85 128
85 130
85 170
86 0
86 3
86 6
86 9
86 10
86 13
86 14
86 16
86 17
86 21
86 24
86 27
86 30
86 36
86 38
86 40
86 43
86 45
86 57
86 59
86 60
86 68
86 72
86 76
86 77
86 89
86 96
86 98
86 99
86 100
86 102
86 105
86 106
86 107
86 108
86 114
86 119
86 123
86 125
86 126
86 134
86 135
86 136
86 138
86 151
86 154
86 155
86 161
86 163
86 166
86 168
86 174
86 176
86 179
86 181
86 183
86 184
86 195
86 198
86 202
86 210
86 212
86 215
86 217
86 225
86 236
86 238
86 240
86 241
86 242
86 243
86 250
86 251
86 254
88 246
89 0
89 3
89 6
89 9
89 10
89 13
89 14
89 16
89 17
89 21
89 24
89 27
89 30
89 36
89 38
89 40
89 43
89 45
89 57
89 59
89 60
89 68
89 72
89 76
89 77
89 86
89 96
89 98
89 99
89 100
89 102
89 105
89 106
89 107
89 108
89 114
89 119
89 123
89 125
89 126
89 134
89 135
89 136
89 138
89 151
89 154
89 155
89 161
89 163
89 166
89 168
89 174
89 176
89 179
89 181
89 183
89 184
89 195
89 198
89 202
89 210
89 212
89 215
89 217
89 225
89 236
89 238
89 240
89 241
89 242
89 243
89 250
89 251
89 254
90 156
90 188
90 226
91 153
93 37
93 234
96 0
96 3
96 6
96 9
96 10
96 13
96 14
96 16
96 17
96 21
96 24
96 27
96 30
96 36
96 38
96 40
96 43
96 45
96 57
96 59
96 60
96 68
96 72
96 76
96 77
96 86
96 89
96 98
96 99
96 100
96 102
96 105
96 106
96 107
96 108
96 114
96 119
96 123
96 125
96 126
96 134
96 135
96 136
96 138
96 151
96 154
96 155
96 161
96 163
96 166
96 168
96 174
96 176
96 179
96 181
96 183
96 184
96 195
96 198
96 202
96 210
96 212
96 215
96 217
96 225
96 236
96 238
96 240
96 241
96 242
96 243
96 250
96 251
96 254
97 61
97 69
97 70
98 0
98 3
98 6
98 9
98 10
98 13
98 14
98 16
98 17
98 21
98 24
98 27
98 30
98 36
98 38
98 40
98 43
98 45
98 57
98 59
98 60
98 68
98 72
98 76
98 77
98 86
98 89
98 96
98 99
98 100
98 102
98 105
98 106
98 107
98 108
98 114
98 119
98 123
98 125
98 126
98 134
98 135
98 136
98 138
98 151
98 154
98 155
98 161
98 163
98 166
98 168
98 174
98 176
98 179
98 181
98 183
98 184
98 195
98 198
98 202
98 210
98 212
98 215
98 217
98 225
98 236
98 238
98 240
98 241
98 242
98 243
98 250
98 251
98 254
99 0
99 3
99 6
99 9
99 10
99 13
99 14
99 16
99 17
99 21
99 24
99 27
99 30
99 36
99 38
99 40
99 43
99 45
99 57
99 59
99 60
99 68
99 72
99 76
99 77
99 86
99 89
99 96
99 98
99 100
99 102
99 105
99 106
99 107
99 108
99 114
99 119
99 123
99 125
99 126
99 134
99 135
99 136
99 138
99 151
99 154
99 155
99 161
99 163
99 166
99 168
99 174
99 176
99 179
99 181
99 183
99 184
99 195
99 198
99 202
99 210
99 212
99 215
99 217
99 225
99 236
99 238
99 240
99 241
99 242
99 243
99 250
99 251
99 254
100 0
100 3
100 6
100 9
100 10
100 13
100 14
100 16
100 17
100 21
100 24
100 27
100 30
100 36
100 38
100 40
100 43
100 45
100 57
100 59
100 60
100 68
100 72
100 76
100 77
100 86
100 89
100 96
100 98
100 99
100 102
100 105
100 106
100 107
100 108
100 114
100 119
100 123
100 125
100 126
100 134
100 135
100 136
100 138
100 151
100 154
100 155
100 161
100 163
100 166
100 168
100 174
100 176
100 179
100 181
100 183
100 184
100 195
100 198
100 202
100 210
100 212
100 215
100 217
100 225
100 236
100 238
100 240
100 241
100 242
100 243
100 250
100 251
100 254
102 0
102 3
102 6
102 9
102 10
102 13
102 14
102 16
102 17
102 21
102 24
102 27
102 30
102 36
102 38
102 40
102 43
102 45
102 57
102 59
102 60
102 68
102 72
102 76
102 77
102 86
102 89
102 96
102 98
102 99
102 100
102 105
102 106
102 107
102 108
102 114
102 119
102 123
102 125
102 126
102 134
102 135
102 136
102 138
102 151
102 154
102 155
102 161
102 163
102 166
102 168
102 174
102 176
102 179
102 181
102 183
102 184
102 195
102 198
102 202
102 210
102 212
102 215
102 217
102 225
102 236
102 238
102 240
102 241
102 242
102 243
102 250
102 251
102 254
105 0
105 3
105 6
105 9
105 10
105 13
105 14
105 16
105 17
105 21
105 24
105 27
105 30
105 36
105 38
105 40
105 43
105 45
105 57
105 59
105 60
105 68
105 72
105 76
105 77
105 86
105 89
105 96
105 98
105 99
105 100
105 102
105 106
105 107
105 108
105 114
105 119
105 123
105 125
105 126
105 134
105 135
105 136
105 138
105 151
105 154
105 155
105 161
105 163
105 166
105 168
105 174
105 176
105 179
105 181
105 183
105 184
105 195
105 198
105 202
105 210
105 212
105 215
105 217
105 225
105 236
105 238
105 240
105 241
105 242
105 243
105 250
105 251
105 254
106 0
106 3
106 6
106 9
106 10
106 13
106 14
106 16
106 17
106 21
106 24
106 27
106 30
106 36
106 38
106 40
106 43
106 45
106 57
106 59
106 60
106 68
106 72
106 76
106 77
106 86
106 89
106 96
106 98
106 99
106 100
106 102
106 105
106 107
106 108
106 114
106 119
106 123
106 125
106 126
106 134
106 135
106 136
106 138
106 151
106 154
106 155
106 161
106 163
106 166
106 168
106 174
106 176
106 179
106 181
106 183
106 184
106 195
106 198
106 202
106 210
106 212
106 215
106 217
106 225
106 236
106 238
106 240
106 241
106 242
106 243
106 250
106 251
106 254
107 0
107 3
107 6
107 9
107 10
107 13
107 14
107 16
107 17
107 21
107 24
107 27
107 30
107 36
107 38
107 40
107 43
107 45
107 57
107 59
107 60
107 68
107 72
107 76
107 77
107 86
107 89
107 96
107 98
107 99
107 100
107 102
107 105
107 106
107 108
107 114
107 119
107 123
107 125
107 126
107 134
107 135
107 136
107 138
107 151
107 154
107 155
107 161
107 163
107 166
107 168
107 174
107 176
107 179
107 181
107 183
107 184
107 195
107 198
107 202
107 210
107 212
107 215
107 217
107 225
107 236
107 238
107 240
107 241
107 242
107 243
107 250
107 251
107 254
108 0
108 3
108 6
108 9
108 10
108 13
108 14
108 16
108 17
108 21
108 24
108 27
108 30
108 36
108 38
108 40
108 43
108 45
108 57
108 59
108 60
108 68
108 72
108 76
108 77
108 86
108 89
108 96
108 98
108 99
108 100
108 102
108 105
108 106
108 107
108 114
108 119
108 123
108 125
108 126
108 134
108 135
108 136
108 138
108 151
108 154
108 155
108 161
108 163
108 166
108 168
108 174
108 176
108 179
108 181
108 183
108 184
108 195
108 198
108 202
108 210
108 212
108 215
108 217
108 225
108 236
108 238
108 240
108 241
108 242
108 243
108 250
108 251
108 254
110 28
114 0
114 3
114 6
114 9
114 10
114 13
114 14
114 16
114 17
114 21
114 24
114 27
114 30
114 36
114 38
114 40
114 43
114 45
114 57
114 59
114 60
114 68
114 72
114 76
114 77
114 86
114 89
114 96
114 98
114 99
114 100
114 102
114 105
114 106
114 107
114 108
114 119
114 123
114 125
114 126
114 134
114 135
114 136
114 138
114 151
114 154
114 155
114 161
114 163
114 166
114 168
114 174
114 176
114 179
114 181
114 183
114 184
114 195
114 198
114 202
114 210
114 212
114 215
114 217
114 225
114 236
114 238
114 240
114 241
114 242
114 243
114 250
114 251
114 254
118 229
119 0
119 3
119 6
119 9
119 10
119 13
119 14
119 16
119 17
119 21
119 24
119 27
119 30
119 36
119 38
119 40
119 43
119 45
119 57
119 59
119 60
119 68
119 72
119 76
119 77
119 86
119 89
119 96
119 98
119 99
119 100
119 102
119 105
119 106
119 107
119 108
119 114
119 123
119 125
119 126
119 134
119 135
119 136
119 138
119 151
119 154
119 155
119 161
119 163
119 166
119 168
119 174
119 176
119 179
119 181
119 183
119 184
119 195
119 198
119 202
119 210
119 212
119 215
119 217
119 225
119 236
119 238
119 240
119 241
119 242
119 243
119 250
119 251
119 254
123 0
123 3
123 6
123 9
123 10
123 13
123 14
123 16
123 17
123 21
123 24
123 27
123 30
123 36
123 38
123 40
123 43
123 45
123 57
123 59
123 60
123 68
123 72
123 76
123 77
123 86
123 89
123 96
123 98
123 99
123 100
123 102
123 105
123 106
123 107
123 108
123 114
123 119
123 125
123 126
123 134
123 135
123 136
123 138
123 151
123 154
123 155
123 161
123 163
123 166
123 168
123 174
123 176
123 179
123 181
123 183
123 184
123 195
123 198
123 202
123 210
123 212
123 215
123 217
123 225
123 236
123 238
123 240
123 241
123 242
123 243
123 250
123 251
123 254
124 245
125 0
125 3
125 6
125 9
125 10
125 13
125 14
125 16
125 17
125 21
125 24
125 27
125 30
125 36
125 38
125 40
125 43
125 45
125 57
125 59
125 60
125 68
125 72
125 76
125 77
125 86
125 89
125 96
125 98
125 99
125 100
125 102
125 105
125 106
125 107
125 108
125 114
125 119
125 123
125 126
125 134
125 135
125 136
125 138
125 151
125 154
125 155
125 161
125 163
125 166
125 168
125 174
125 176
125 179
125 181
125 183
125 184
125 195
125 198
125 202
125 210
125 212
125 215
125 217
125 225
125 236
125 238
125 240
125 241
125 242
125 243
125 250
125 251
125 254
126 0
126 3
126 6
126 9
126 10
126 13
126 14
126 16
126 17
126 21
126 24
126 27
126 30
126 36
126 38
126 40
126 43
126 45
126 57
126 59
126 60
126 68
126 72
126 76
126 77
126 86
126 89
126 96
126 98
126 99
126 100
126 102
126 105
126 106
126 107
126 108
126 114
126 119
126 123
126 125
126 134
126 135
126 136
126 138
126 151
126 154
126 155
126 161
126 163
126 166
126 168
126 174
126 176
126 179
126 181
126 183
126 184
126 195
126 198
126 202
126 210
126 212
126 215
126 217
126 225
126 236
126 238
126 240
126 241
126 242
126 243
126 250
126 251
126 254
128 79
128 85
128 130
128 170
130 79
130 85
130 128
130 170
133 7
133 74
133 82
133 206
134 0
134 3
134 6
134 9
134 10
134 13
134 14
134 16
134 17
134 21
134 24
134 27
134 30
134 36
134 38
134 40
134 43
134 45
134 57
134 59
134 60
134 68
134 72
134 76
134 77
134 86
134 89
134 96
134 98
134 99
134 100
134 102
134 105
134 106
134 107
134 108
134 114
134 119
134 123
134 125
134 126
134 135
134 136
134 138
134 151
134 154
134 155
134 161
134 163
134 166
134 168
134 174
134 176
134 179
134 181
134 183
134 184
134 195
134 198
134 202
134 210
134 212
134 215
134 217
134 225
134 236
134 238
134 240
134 241
134 242
134 243
134 250
134 251
134 254
135 0
135 3
135 6
135 9
135 10
135 13
135 14
135 16
135 17
135 21
135 24
135 27
135 30
135 36
135 38
135 40
135 43
135 45
135 57
135 59
135 60
135 68
135 72
135 76
135 77
135 86
135 89
135 96
135 98
135 99
135 100
135 102
135 105
135 106
135 107
135 108
135 114
135 119
135 123
135 125
135 126
135 134
135 136
135 138
135 151
135 154
135 155
135 161
135 163
135 166
135 168
135 174
135 176
135 179
135 181
135 183
135 184
135 195
135 198
135 202
135 210
135 212
135 215
135 217
135 225
135 236
135 238
135 240
135 241
135 242
135 243
135 250
135 251
135 254
136 0
136 3
136 6
136 9
136 10
136 13
136 14
136 16
136 17
136 21
136 24
136 27
136 30
136 36
136 38
136 40
136 43
136 45
136 57
136 59
136 60
136 68
136 72
136 76
136 77
136 86
136 89
136 96
136 98
136 99
136 100
136 102
136 105
136 106
136 107
136 108
136 114
136 119
136 123
136 125
136 126
136 134
136 135
136 138
136 151
136 154
136 155
136 161
136 163
136 166
136 168
136 174
136 176
136 179
136 181
136 183
136 184
136 195
136 198
136 202
136 210
136 212
136 215
136 217
136 225
136 236
136 238
136 240
136 241
136 242
136 243
136 250
136 251
136 254
138 0
138 3
138 6
138 9
138 10
138 13
138 14
138 16
138 17
138 21
138 24
138 27
138 30
138 36
138 38
138 40
138 43
138 45
138 57
138 59
138 60
138 68
138 72
138 76
138 77
138 86
138 89
138 96
138 98
138 99
138 100
138 102
138 105
138 106
138 107
138 108
138 114
138 119
138 123
138 125
138 126
138 134
138 135
138 136
138 151
138 154
138 155
138 161
138 163
138 166
138 168
138 174
138 176
138 179
138 181
138 183
138 184
138 195
138 198
138 202
138 210
138 212
138 215
138 217
138 225
138 236
138 238
138 240
138 241
138 242
138 243
138 250
138 251
138 254
145 64
146 216
151 0
151 3
151 6
151 9
151 10
151 13
151 14
151 16
151 17
151 21
151 24
151 27
151 30
151 36
151 38
151 40
151 43
151 45
151 57
151 59
151 60
151 68
151 72
151 76
151 77
151 86
151 89
151 96
151 98
151 99
151 100
151 102
151 105
151 106
151 107
151 108
151 114
151 119
151 123
151 125
151 126
151 134
151 135
151 136
151 138
151 154
151 155
151 161
151 163
151 166
151 168
151 174
151 176
151 179
151 181
151 183
151 184
151 195
151 198
151 202
151 210
151 212
151 215
151 217
151 225
151 236
151 238
151 240
151 241
151 242
151 243
151 250
151 251
151 254
153 91
154 0
154 3
154 6
154 9
154 10
154 13
154 14
154 16
154 17
154 21
154 24
154 27
154 30
154 36
154 38
154 40
154 43
154 45
154 57
154 59
154 60
154 68
154 72
154 76
154 77
154 86
154 89
154 96
154 98
154 99
154 100
154 102
154 105
154 106
154 107
154 108
154 114
154 119
154 123
154 125
154 126
154 134
154 135
154 136
154 138
154 151
154 155
154 161
154 163
154 166
154 168
154 174
154 176
154 179
154 181
154 183
154 184
154 195
154 198
154 202
154 210
154 212
154 215
154 217
154 225
154 236
154 238
154 240
154 241
154 242
154 243
154 250
154 251
154 254
155 0
155 3
155 6
155 9
155 10
155 13
155 14
155 16
155 17
155 21
155 24
155 27
155 30
155 36
155 38
155 40
155 43
155 45
155 57
155 59
155 60
155 68
155 72
155 76
155 77
155 86
155 89
155 96
155 98
155 99
155 100
155 102
155 105
155 106
155 107
155 108
155 114
155 119
155 123
155 125
155 126
155 134
155 135
155 136
155 138
155 151
155 154
155 161
155 163
155 166
155 168
155 174
155 176
155 179
155 181
155 183
155 184
155 195
155 198
155 202
155 210
155 212
155 215
155 217
155 225
155 236
155 238
155 240
155 241
155 242
155 243
155 250
155 251
155 254
156 90
156 188
156 226
159 34
159 199
161 0
161 3
161 6
161 9
161 10
161 13
161 14
161 16
161 17
161 21
161 24
161 27
161 30
161 36
161 38
161 40
161 43
161 45
161 57
161 59
161 60
161 68
161 72
161 76
161 77
161 86
161 89
161 96
161 98
161 99
161 100
161 102
161 105
161 106
161 107
161 108
161 114
161 119
161 123
161 125
161 126
161 134
161 135
161 136
161 138
161 151
161 154
161 155
161 163
161 166
161 168
161 174
161 176
161 179
161 181
161 183
161 184
161 195
161 198
161 202
161 210
161 212
161 215
161 217
161 225
161 236
161 238
161 240
161 241
161 242
161 243
161 250
161 251
161 254
163 0
163 3
163 6
163 9
163 10
163 13
163 14
163 16
163 17
163 21
163 24
163 27
163 30
163 36
163 38
163 40
163 43
163 45
163 57
163 59
163 60
163 68
163 72
163 76
163 77
163 86
163 89
163 96
163 98
163 99
163 100
163 102
163 105
163 106
163 107
163 108
163 114
163 119
163 123
163 125
163 126
163 134
163 135
163 136
163 138
163 151
163 154
163 155
163 161
163 166
163 168
163 174
163 176
163 179
163 181
163 183
163 184
163 195
163 198
163 202
163 210
163 212
163 215
163 217
163 225
163 236
163 238
163 240
163 241
163 242
163 243
163 250
163 251
163 254
166 0
166 3
166 6
166 9
166 10
166 13
166 14
166 16
166 17
166 21
166 24
166 27
166 30
166 36
166 38
166 40
166 43
166 45
166 57
166 59
166 60
166 68
166 72
166 76
166 77
166 86
166 89
166 96
166 98
166 99
166 100
166 102
166 105
166 106
166 107
166 108
166 114
166 119
166 123
166 125
166 126
166 134
166 135
166 136
166 138
166 151
166 154
166 155
166 161
166 163
166 168
166 174
166 176
166 179
166 181
166 183
166 184
166 195
166 198
166 202
166 210
166 212
166 215
166 217
166 225
166 236
166 238
166 240
166 241
166 242
166 243
166 250
166 251
166 254
168 0
168 3
168 6
168 9
168 10
168 13
168 14
168 16
168 17
168 21
168 24
168 27
168 30
168 36
168 38
168 40
168 43
168 45
168 57
168 59
168 60
168 68
168 72
168 76
168 77
168 86
168 89
168 96
168 98
168 99
168 100
168 102
168 105
168 106
168 107
168 108
168 114
168 119
168 123
168 125
168 126
168 134
168 135
168 136
168 138
168 151
168 154
168 155
168 161
168 163
168 166
168 174
168 176
168 179
168 181
168 183
168 184
168 195
168 198
168 202
168 210
168 212
168 215
168 217
168 225
168 236
168 238
168 240
168 241
168 242
168 243
168 250
168 251
168 254
170 79
170 85
170 128
170 130
174 0
174 3
174 6
174 9
174 10
174 13
174 14
174 16
174 17
174 21
174 24
174 27
174 30
174 36
174 38
174 40
174 43
174 45
174 57
174 59
174 60
174 68
174 72
174 76
174 77
174 86
174 89
174 96
174 98
174 99
174 100
174 102
174 105
174 106
174 107
174 108
174 114
174 119
174 123
174 125
174 126
174 134
174 135
174 136
174 138
174 151
174 154
174 155
174 161
174 163
174 166
174 168
174 176
174 179
174 181
174 183
174 184
174 195
174 198
174 202
174 210
174 212
174 215
174 217
174 225
174 236
174 238
174 240
174 241
174 242
174 243
174 250
174 251
174 254
176 0
176 3
176 6
176 9
176 10
176 13
176 14
176 16
176 17
176 21
176 24
176 27
176 30
176 36
176 38
176 40
176 43
176 45
176 57
176 59
176 60
176 68
176 72
176 76
176 77
176 86
176 89
176 96
176 98
176 99
176 100
176 102
176 105
176 106
176 107
176 108
176 114
176 119
176 123
176 125
176 126
176 134
176 135
176 136
176 138
176 151
176 154
176 155
176 161
176 163
176 166
176 168
176 174
176 179
176 181
176 183
176 184
176 195
176 198
176 202
176 210
176 212
176 215
176 217
176 225
176 236
176 238
176 240
176 241
176 242
176 243
176 250
176 251
176 254
177 26
177 221
177 239
179 0
179 3
179 6
179 9
179 10
179 13
179 14
179 16
179 17
179 21
179 24
179 27
179 30
179 36
179 38
179 40
179 43
179 45
179 57
179 59
179 60
179 68
179 72
179 76
179 77
179 86
179 89
179 96
179 98
179 99
179 100
179 102
179 105
179 106
179 107
179 108
179 114
179 119
179 123
179 125
179 126
179 134
179 135
179 136
179 138
179 151
179 154
179 155
179 161
179 163
179 166
179 168
179 174
179 176
179 181
179 183
179 184
179 195
179 198
179 202
179 210
179 212
179 215
179 217
179 225
179 236
179 238
179 240
179 241
179 242
179 243
179 250
179 251
179 254
181 0
181 3
181 6
181 9
181 10
181 13
181 14
181 16
181 17
181 21
181 24
181 27
181 30
181 36
181 38
181 40
181 43
181 45
181 57
181 59
181 60
181 68
181 72
181 76
181 77
181 86
181 89
181 96
181 98
181 99
181 100
181 102
181 105
181 106
181 107
181 108
181 114
181 119
181 123
181 125
181 126
181 134
181 135
181 136
181 138
181 151
181 154
181 155
181 161
181 163
181 166
181 168
181 174
181 176
181 179
181 183
181 184
181 195
181 198
181 202
181 210
181 212
181 215
181 217
181 225
181 236
181 238
181 240
181 241
181 242
181 243
181 250
181 251
181 254
183 0
183 3
183 6
183 9
183 10
183 13
183 14
183 16
183 17
183 21
183 24
183 27
183 30
183 36
183 38
183 40
183 43
183 45
183 57
183 59
183 60
183 68
183 72
183 76
183 77
183 86
183 89
183 96
183 98
183 99
183 100
183 102
183 105
183 106
183 107
183 108
183 114
183 119
183 123
183 125
183 126
183 134
183 135
183 136
183 138
183 151
183 154
183 155
183 161
183 163
183 166
183 168
183 174
183 176
183 179
183 181
183 184
183 195
183 198
183 202
183 210
183 212
183 215
183 217
183 225
183 236
183 238
183 240
183 241
183 242
183 243
183 250
183 251
183 254
184 0
184 3
184 6
184 9
184 10
184 13
184 14
184 16
184 17
184 21
184 24
184 27
184 30
184 36
184 38
184 40
184 43
184 45
184 57
184 59
184 60
184 68
184 72
184 76
184 77
184 86
184 89
184 96
184 98
184 99
184 100
184 102
184 105
184 106
184 107
184 108
184 114
184 119
184 123
184 125
184 126
184 134
184 135
184 136
184 138
184 151
184 154
184 155
184 161
184 163
184 166
184 168
184 174
184 176
184 179
184 181
184 183
184 195
184 198
184 202
184 210
184 212
184 215
184 217
184 225
184 236
184 238
184 240
184 241
184 242
184 243
184 250
184 251
184 254
186 222
186 249
188 90
188 156
188 226
191 66
195 0
195 3
195 6
195 9
195 10
195 13
195 14
195 16
195 17
195 21
195 24
195 27
195 30
195 36
195 38
195 40
195 43
195 45
195 57
195 59
195 60
195 68
195 72
195 76
195 77
195 86
195 89
195 96
195 98
195 99
195 100
195 102
195 105
195 106
195 107
195 108
195 114
195 119
195 123
195 125
195 126
195 134
195 135
195 136
195 138
195 151
195 154
195 155
195 161
195 163
195 166
195 168
195 174
195 176
195 179
195 181
195 183
195 184
195 198
195 202
195 210
195 212
195 215
195 217
195 225
195 236
195 238
195 240
195 241
195 242
195 243
195 250
195 251
195 254
198 0
198 3
198 6
198 9
198 10
198 13
198 14
198 16
198 17
198 21
198 24
198 27
198 30
198 36
198 38
198 40
198 43
198 45
198 57
198 59
198 60
198 68
198 72
198 76
198 77
198 86
198 89
198 96
198 98
198 99
198 100
198 102
198 105
198 106
198 107
198 108
198 114
198 119
198 123
198 125
198 126
198 134
198 135
198 136
198 138
198 151
198 154
198 155
198 161
198 163
198 166
198 168
198 174
198 176
198 179
198 181
198 183
198 184
198 195
198 202
198 210
198 212
198 215
198 217
198 225
198 236
198 238
198 240
198 241
198 242
198 243
198 250
198 251
198 254
199 34
199 159
200 47
200 49
202 0
202 3
202 6
202 9
202 10
202 13
202 14
202 16
202 17
202 21
202 24
202 27
202 30
202 36
202 38
202 40
202 43
202 45
202 57
202 59
202 60
202 68
202 72
202 76
202 77
202 86
202 89
202 96
202 98
202 99
202 100
202 102
202 105
202 106
202 107
202 108
202 114
202 119
202 123
202 125
202 126
202 134
202 135
202 136
202 138
202 151
202 154
202 155
202 161
202 163
202 166
202 168
202 174
202 176
202 179
202 181
202 183
202 184
202 195
202 198
202 210
202 212
202 215
202 217
202 225
202 236
202 238
202 240
202 241
202 242
202 243
202 250
202 251
202 254
206 7
206 74
206 82
206 133
207 2
210 0
210 3
210 6
210 9
210 10
210 13
210 14
210 16
210 17
210 21
210 24
210 27
210 30
210 36
210 38
210 40
210 43
210 45
210 57
210 59
210 60
210 68
210 72
210 76
210 77
210 86
210 89
210 96
210 98
210 99
210 100
210 102
210 105
210 106
210 107
210 108
210 114
210 119
210 123
210 125
210 126
210 134
210 135
210 136
210 138
210 151
210 154
210 155
210 161
210 163
210 166
210 168
210 174
210 176
210 179
210 181
210 183
210 184
210 195
210 198
210 202
210 212
210 215
210 217
210 225
210 236
210 238
210 240
210 241
210 242
210 243
210 250
210 251
210 254
212 0
212 3
212 6
212 9
212 10
212 13
212 14
212 16
212 17
212 21
212 24
212 27
212 30
212 36
212 38
212 40
212 43
212 45
212 57
212 59
212 60
212 68
212 72
212 76
212 77
212 86
212 89
212 96
212 98
212 99
212 100
212 102
212 105
212 106
212 107
212 108
212 114
212 119
212 123
212 125
212 126
212 134
212 135
212 136
212 138
212 151
212 154
212 155
212 161
212 163
212 166
212 168
212 174
212 176
212 179
212 181
212 183
212 184
212 195
212 198
212 202
212 210
212 215
212 217
212 225
212 236
212 238
212 240
212 241
212 242
212 243
212 250
212 251
212 254
213 15
213 56
213 58
213 80
213 83
215 0
215 3
215 6
215 9
215 10
215 13
215 14
215 16
215 17
215 21
215 24
215 27
215 30
215 36
215 38
215 40
215 43
215 45
215 57
215 59
215 60
215 68
215 72
215 76
215 77
215 86
215 89
215 96
215 98
215 99
215 100
215 102
215 105
215 106
215 107
215 108
215 114
215 119
215 123
215 125
215 126
215 134
215 135
215 136
215 138
215 151
215 154
215 155
215 161
215 163
215 166
215 168
215 174
215 176
215 179
215 181
215 183
215 184
215 195
215 198
215 202
215 210
215 212
215 217
215 225
215 236
215 238
215 240
215 241
215 242
215 243
215 250
215 251
215 254
216 146
217 0
217 3
217 6
217 9
217 10
217 13
217 14
217 16
217 17
217 21
217 24
217 27
217 30
217 36
217 38
217 40
217 43
217 45
217 57
217 59
217 60
217 68
217 72
217 76
217 77
217 86
217 89
217 96
217 98
217 99
217 100
217 102
217 105
217 106
217 107
217 108
217 114
217 119
217 123
217 125
217 126
217 134
217 135
217 136
217 138
217 151
217 154
217 155
217 161
217 163
217 166
217 168
217 174
217 176
217 179
217 181
217 183
217 184
217 195
217 198
217 202
217 210
217 212
217 215
217 225
217 236
217 238
217 240
217 241
217 242
217 243
217 250
217 251
217 254
221 26
221 177
221 239
222 186
222 249
224 51
224 53
225 0
225 3
225 6
225 9
225 10
225 13
225 14
225 16
225 17
225 21
225 24
225 27
225 30
225 36
225 38
225 40
225 43
225 45
225 57
225 59
225 60
225 68
225 72
225 76
225 77
225 86
225 89
225 96
225 98
225 99
225 100
225 102
225 105
225 106
225 107
225 108
225 114
225 119
225 123
225 125
225 126
225 134
225 135
225 136
225 138
225 151
225 154
225 155
225 161
225 163
225 166
225 168
225 174
225 176
225 179
225 181
225 183
225 184
225 195
225 198
225 202
225 210
225 212
225 215
225 217
225 236
225 238
225 240
225 241
225 242
225 243
225 250
225 251
225 254
226 90
226 156
226 188
229 118
230 65
234 37
234 93
236 0
236 3
236 6
236 9
236 10
236 13
236 14
236 16
236 17
236 21
236 24
236 27
236 30
236 36
236 38
236 40
236 43
236 45
236 57
236 59
236 60
236 68
236 72
236 76
236 77
236 86
236 89
236 96
236 98
236 99
236 100
236 102
236 105
236 106
236 107
236 108
236 114
236 119
236 123
236 125
236 126
236 134
236 135
236 136
236 138
236 151
236 154
236 155
236 161
236 163
236 166
236 168
236 174
236 176
236 179
236 181
236 183
236 184
236 195
236 198
236 202
236 210
236 212
236 215
236 217
236 225
236 238
236 240
236 241
236 242
236 243
236 250
236 251
236 254
238 0
238 3
238 6
238 9
238 10
238 13
238 14
238 16
238 17
238 21
238 24
238 27
238 30
238 36
238 38
238 40
238 43
238 45
238 57
238 59
238 60
238 68
238 72
238 76
238 77
238 86
238 89
238 96
238 98
238 99
238 100
238 102
238 105
238 106
238 107
238 108
238 114
238 119
238 123
238 125
238 126
238 134
238 135
238 136
238 138
238 151
238 154
238 155
238 161
238 163
238 166
238 168
238 174
238 176
238 179
238 181
238 183
238 184
238 195
238 198
238 202
238 210
238 212
238 215
238 217
238 225
238 236
238 240
238 241
238 242
238 243
238 250
238 251
238 254
239 26
239 177
239 221
240 0
240 3
240 6
240 9
240 10
240 13
240 14
240 16
240 17
240 21
240 24
240 27
240 30
240 36
240 38
240 40
240 43
240 45
240 57
240 59
240 60
240 68
240 72
240 76
240 77
240 86
240 89
240 96
240 98
240 99
240 100
240 102
240 105
240 106
240 107
240 108
240 114
240 119
240 123
240 125
240 126
240 134
240 135
240 136
240 138
240 151
240 154
240 155
240 161
240 163
240 166
240 168
240 174
240 176
240 179
240 181
240 183
240 184
240 195
240 198
240 202
240 210
240 212
240 215
240 217
240 225
240 236
240 238
240 241
240 242
240 243
240 250
240 251
240 254
241 0
241 3
241 6
241 9
241 10
241 13
241 14
241 16
241 17
241 21
241 24
241 27
241 30
241 36
241 38
241 40
241 43
241 45
241 57
241 59
241 60
241 68
241 72
241 76
241 77
241 86
241 89
241 96
241 98
241 99
241 100
241 102
241 105
241 106
241 107
241 108
241 114
241 119
241 123
241 125
241 126
241 134
241 135
241 136
241 138
241 151
241 154
241 155
241 161
241 163
241 166
241 168
241 174
241 176
241 179
241 181
241 183
241 184
241 195
241 198
241 202
241 210
241 212
241 215
241 217
241 225
241 236
241 238
241 240
241 242
241 243
241 250
241 251
241 254
242 0
242 3
242 6
242 9
242 10
242 13
242 14
242 16
242 17
242 21
242 24
242 27
242 30
242 36
242 38
242 40
242 43
242 45
242 57
242 59
242 60
242 68
242 72
242 76
242 77
242 86
242 89
242 96
242 98
242 99
242 100
242 102
242 105
242 106
242 107
242 108
242 114
242 119
242 123
242 125
242 126
242 134
242 135
242 136
242 138
242 151
242 154
242 155
242 161
242 163
242 166
242 168
242 174
242 176
242 179
242 181
242 183
242 184
242 195
242 198
242 202
242 210
242 212
242 215
242 217
242 225
242 236
242 238
242 240
242 241
242 243
242 250
242 251
242 254
243 0
243 3
243 6
243 9
243 10
243 13
243 14
243 16
243 17
243 21
243 24
243 27
243 30
243 36
243 38
243 40
243 43
243 45
243 57
243 59
243 60
243 68
243 72
243 76
243 77
243 86
243 89
243 96
243 98
243 99
243 100
243 102
243 105
243 106
243 107
243 108
243 114
243 119
243 123
243 125
243 126
243 134
243 135
243 136
243 138
243 151
243 154
243 155
243 161
243 163
243 166
243 168
243 174
243 176
243 179
243 181
243 183
243 184
243 195
243 198
243 202
243 210
243 212
243 215
243 217
243 225
243 236
243 238
243 240
243 241
243 242
243 250
243 251
243 254
245 124
246 88
248 8
249 186
249 222
250 0
250 3
250 6
250 9
250 10
250 13
250 14
250 16
250 17
250 21
250 24
250 27
250 30
250 36
250 38
250 40
250 43
250 45
250 57
250 59
250 60
250 68
250 72
250 76
250 77
250 86
250 89
250 96
250 98
250 99
250 100
250 102
250 105
250 106
250 107
250 108
250 114
250 119
250 123
250 125
250 126
250 134
250 135
250 136
250 138
250 151
250 154
250 155
250 161
250 163
250 166
250 168
250 174
250 176
250 179
250 181
250 183
250 184
250 195
250 198
250 202
250 210
250 212
250 215
250 217
250 225
250 236
250 238
250 240
250 241
250 242
250 243
250 251
250 254
251 0
251 3
251 6
251 9
251 10
251 13
251 14
251 16
251 17
251 21
251 24
251 27
251 30
251 36
251 38
251 40
251 43
251 45
251 57
251 59
251 60
251 68
251 72
251 76
251 77
251 86
251 89
251 96
251 98
251 99
251 100
251 102
251 105
251 106
251 107
251 108
251 114
251 119
251 123
251 125
251 126
251 134
251 135
251 136
251 138
251 151
251 154
251 155
251 161
251 163
251 166
251 168
251 174
251 176
251 179
251 181
251 183
251 184
251 195
251 198
251 202
251 210
251 212
251 215
251 217
251 225
251 236
251 238
251 240
251 241
251 242
251 243
251 250
251 254
254 0
254 3
254 6
254 9
254 10
254 13
254 14
254 16
254 17
254 21
254 24
254 27
254 30
254 36
254 38
254 40
254 43
254 45
254 57
254 59
254 60
254 68
254 72
254 76
254 77
254 86
254 89
254 96
254 98
254 99
254 100
254 102
254 105
254 106
254 107
254 108
254 114
254 119
254 123
254 125
254 126
254 134
254 135
254 136
254 138
254 151
254 154
254 155
254 161
254 163
254 166
254 168
254 174
254 176
254 179
254 181
254 183
254 184
254 195
254 198
254 202
254 210
254 212
254 215
254 217
254 225
254 236
254 238
254 240
254 241
254 242
254 243
254 250
254 251
