256 11020
0 3
0 6
0 9
0 10
0 12
0 13
0 14
0 15
0 16
0 17
0 24
0 27
0 28
0 30
0 32
0 36
0 37
0 38
0 40
0 43
0 45
0 54
0 57
0 59
0 60
0 65
0 68
0 72
0 76
0 77
0 82
0 84
0 86
0 89
0 91
0 96
0 98
0 99
0 100
0 102
0 105
0 106
0 107
0 108
0 109
0 111
0 114
0 119
0 123
0 124
0 125
0 126
0 134
0 135
0 136
0 138
0 148
0 149
0 151
0 154
0 155
0 158
0 161
0 163
0 166
0 168
0 174
0 176
0 179
0 181
0 183
0 184
0 185
0 191
0 195
0 196
0 197
0 198
0 199
0 202
0 203
0 207
0 210
0 212
0 215
0 217
0 218
0 222
0 225
0 227
0 236
0 237
0 238
0 240
0 241
0 242
0 243
0 245
0 247
0 248
0 249
0 250
0 251
0 254
1 7
1 61
1 150
1 232
3 0
3 6
3 9
3 10
3 12
3 13
3 14
3 15
3 16
3 17
3 24
3 27
3 28
3 30
3 32
3 36
3 37
3 38
3 40
3 43
3 45
3 54
3 57
3 59
3 60
3 65
3 68
3 72
3 76
3 77
3 82
3 84
3 86
3 89
3 91
3 96
3 98
3 99
3 100
3 102
3 105
3 106
3 107
3 108
3 109
3 111
3 114
3 119
3 123
3 124
3 125
3 126
3 134
3 135
3 136
3 138
3 148
3 149
3 151
3 154
3 155
3 158
3 161
3 163
3 166
3 168
3 174
3 176
3 179
3 181
3 183
3 184
3 185
3 191
3 195
3 196
3 197
3 198
3 199
3 202
3 203
3 207
3 210
3 212
3 215
3 217
3 218
3 222
3 225
3 227
3 236
3 237
3 238
3 240
3 241
3 242
3 243
3 245
3 247
3 248
3 249
3 250
3 251
3 254
6 0
6 3
6 9
6 10
6 12
6 13
6 14
6 15
6 16
6 17
6 24
6 27
6 28
6 30
6 32
6 36
6 37
6 38
6 40
6 43
6 45
6 54
6 57
6 59
6 60
6 65
6 68
6 72
6 76
6 77
6 82
6 84
6 86
6 89
6 91
6 96
6 98
6 99
6 100
6 102
6 105
6 106
6 107
6 108
6 109
6 111
6 114
6 119
6 123
6 124
6 125
6 126
6 134
6 135
6 136
6 138
6 148
6 149
6 151
6 154
6 155
6 158
6 161
6 163
6 166
6 168
6 174
6 176
6 179
6 181
6 183
6 184
6 185
6 191
6 195
6 196
6 197
6 198
6 199
6 202
6 203
6 207
6 210
6 212
6 215
6 217
6 218
6 222
6 225
6 227
6 236
6 237
6 238
6 240
6 241
6 242
6 243
6 245
6 247
6 248
6 249
6 250
6 251
6 254
7 1
7 61
7 150
7 232
9 0
9 3
9 6
9 10
9 12
9 13
9 14
9 15
9 16
9 17
9 24
9 27
9 28
9 30
9 32
9 36
9 37
9 38
9 40
9 43
9 45
9 54
9 57
9 59
9 60
9 65
9 68
9 72
9 76
9 77
9 82
9 84
9 86
9 89
9 91
9 96
9 98
9 99
9 100
9 102
9 105
9 106
9 107
9 108
9 109
9 111
9 114
9 119
9 123
9 124
9 125
9 126
9 134
9 135
9 136
9 138
9 148
9 149
9 151
9 154
9 155
9 158
9 161
9 163
9 166
9 168
9 174
9 176
9 179
9 181
9 183
9 184
9 185
9 191
9 195
9 196
9 197
9 198
9 199
9 202
9 203
9 207
9 210
9 212
9 215
9 217
9 218
9 222
9 225
9 227
9 236
9 237
9 238
9 240
9 241
9 242
9 243
9 245
9 247
9 248
9 249
9 250
9 251
9 254
10 0
10 3
10 6
10 9
10 12
10 13
10 14
10 15
10 16
10 17
10 24
10 27
10 28
10 30
10 32
10 36
10 37
10 38
10 40
10 43
10 45
10 54
10 57
10 59
10 60
10 65
10 68
10 72
10 76
10 77
10 82
10 84
10 86
10 89
10 91
10 96
10 98
10 99
10 100
10 102
10 105
10 106
10 107
10 108
10 109
10 111
10 114
10 119
10 123
10 124
10 125
10 126
10 134
10 135
10 136
10 138
10 148
10 149
10 151
10 154
10 155
10 158
10 161
10 163
10 166
10 168
10 174
10 176
10 179
10 181
10 183
10 184
10 185
10 191
10 195
10 196
10 197
10 198
10 199
10 202
10 203
10 207
10 210
10 212
10 215
10 217
10 218
10 222
10 225
10 227
10 236
10 237
10 238
10 240
10 241
10 242
10 243
10 245
10 247
10 248
10 249
10 250
10 251
10 254
12 0
12 3
12 6
12 9
12 10
12 13
12 14
12 15
12 16
12 17
12 24
12 27
12 28
12 30
12 32
12 36
12 37
12 38
12 40
12 43
12 45
12 54
12 57
12 59
12 60
12 65
12 68
12 72
12 76
12 77
12 82
12 84
12 86
12 89
12 91
12 96
12 98
12 99
12 100
12 102
12 105
12 106
12 107
12 108
12 109
12 111
12 114
12 119
12 123
12 124
12 125
12 126
12 134
12 135
12 136
12 138
12 148
12 149
12 151
12 154
12 155
12 158
12 161
12 163
12 166
12 168
12 174
12 176
12 179
12 181
12 183
12 184
12 185
12 191
12 195
12 196
12 197
12 198
12 199
12 202
12 203
12 207
12 210
12 212
12 215
12 217
12 218
12 222
12 225
12 227
12 236
12 237
12 238
12 240
12 241
12 242
12 243
12 245
12 247
12 248
12 249
12 250
12 251
12 254
13 0
13 3
13 6
13 9
13 10
13 12
13 14
13 15
13 16
13 17
13 24
13 27
13 28
13 30
13 32
13 36
13 37
13 38
13 40
13 43
13 45
13 54
13 57
13 59
13 60
13 65
13 68
13 72
13 76
13 77
13 82
13 84
13 86
13 89
13 91
13 96
13 98
13 99
13 100
13 102
13 105
13 106
13 107
13 108
13 109
13 111
13 114
13 119
13 123
13 124
13 125
13 126
13 134
13 135
13 136
13 138
13 148
13 149
13 151
13 154
13 155
13 158
13 161
13 163
13 166
13 168
13 174
13 176
13 179
13 181
13 183
13 184
13 185
13 191
13 195
13 196
13 197
13 198
13 199
13 202
13 203
13 207
13 210
13 212
13 215
13 217
13 218
13 222
13 225
13 227
13 236
13 237
13 238
13 240
13 241
13 242
13 243
13 245
13 247
13 248
13 249
13 250
13 251
13 254
14 0
14 3
14 6
14 9
14 10
14 12
14 13
14 15
14 16
14 17
14 24
14 27
14 28
14 30
14 32
14 36
14 37
14 38
14 40
14 43
14 45
14 54
14 57
14 59
14 60
14 65
14 68
14 72
14 76
14 77
14 82
14 84
14 86
14 89
14 91
14 96
14 98
14 99
14 100
14 102
14 105
14 106
14 107
14 108
14 109
14 111
14 114
14 119
14 123
14 124
14 125
14 126
14 134
14 135
14 136
14 138
14 148
14 149
14 151
14 154
14 155
14 158
14 161
14 163
14 166
14 168
14 174
14 176
14 179
14 181
14 183
14 184
14 185
14 191
14 195
14 196
14 197
14 198
14 199
14 202
14 203
14 207
14 210
14 212
14 215
14 217
14 218
14 222
14 225
14 227
14 236
14 237
14 238
14 240
14 241
14 242
14 243
14 245
14 247
14 248
14 249
14 250
14 251
14 254
15 0
15 3
15 6
15 9
15 10
15 12
15 13
15 14
15 16
15 17
15 24
15 27
15 28
15 30
15 32
15 36
15 37
15 38
15 40
15 43
15 45
15 54
15 57
15 59
15 60
15 65
15 68
15 72
15 76
15 77
15 82
15 84
15 86
15 89
15 91
15 96
15 98
15 99
15 100
15 102
15 105
15 106
15 107
15 108
15 109
15 111
15 114
15 119
15 123
15 124
15 125
15 126
15 134
15 135
15 136
15 138
15 148
15 149
15 151
15 154
15 155
15 158
15 161
15 163
15 166
15 168
15 174
15 176
15 179
15 181
15 183
15 184
15 185
15 191
15 195
15 196
15 197
15 198
15 199
15 202
15 203
15 207
15 210
15 212
15 215
15 217
15 218
15 222
15 225
15 227
15 236
15 237
15 238
15 240
15 241
15 242
15 243
15 245
15 247
15 248
15 249
15 250
15 251
15 254
16 0
16 3
16 6
16 9
16 10
16 12
16 13
16 14
16 15
16 17
16 24
16 27
16 28
16 30
16 32
16 36
16 37
16 38
16 40
16 43
16 45
16 54
16 57
16 59
16 60
16 65
16 68
16 72
16 76
16 77
16 82
16 84
16 86
16 89
16 91
16 96
16 98
16 99
16 100
16 102
16 105
16 106
16 107
16 108
16 109
16 111
16 114
16 119
16 123
16 124
16 125
16 126
16 134
16 135
16 136
16 138
16 148
16 149
16 151
16 154
16 155
16 158
16 161
16 163
16 166
16 168
16 174
16 176
16 179
16 181
16 183
16 184
16 185
16 191
16 195
16 196
16 197
16 198
16 199
16 202
16 203
16 207
16 210
16 212
16 215
16 217
16 218
16 222
16 225
16 227
16 236
16 237
16 238
16 240
16 241
16 242
16 243
16 245
16 247
16 248
16 249
16 250
16 251
16 254
17 0
17 3
17 6
17 9
17 10
17 12
17 13
17 14
17 15
17 16
17 24
17 27
17 28
17 30
17 32
17 36
17 37
17 38
17 40
17 43
17 45
17 54
17 57
17 59
17 60
17 65
17 68
17 72
17 76
17 77
17 82
17 84
17 86
17 89
17 91
17 96
17 98
17 99
17 100
17 102
17 105
17 106
17 107
17 108
17 109
17 111
17 114
17 119
17 123
17 124
17 125
17 126
17 134
17 135
17 136
17 138
17 148
17 149
17 151
17 154
17 155
17 158
17 161
17 163
17 166
17 168
17 174
17 176
17 179
17 181
17 183
17 184
17 185
17 191
17 195
17 196
17 197
17 198
17 199
17 202
17 203
17 207
17 210
17 212
17 215
17 217
17 218
17 222
17 225
17 227
17 236
17 237
17 238
17 240
17 241
17 242
17 243
17 245
17 247
17 248
17 249
17 250
17 251
17 254
19 219
20 39
20 97
20 118
20 180
20 239
20 246
21 29
21 177
24 0
24 3
24 6
24 9
24 10
24 12
24 13
24 14
24 15
24 16
24 17
24 27
24 28
24 30
24 32
24 36
24 37
24 38
24 40
24 43
24 45
24 54
24 57
24 59
24 60
24 65
24 68
24 72
24 76
24 77
24 82
24 84
24 86
24 89
24 91
24 96
24 98
24 99
24 100
24 102
24 105
24 106
24 107
24 108
24 109
24 111
24 114
24 119
24 123
24 124
24 125
24 126
24 134
24 135
24 136
24 138
24 148
24 149
24 151
24 154
24 155
24 158
24 161
24 163
24 166
24 168
24 174
24 176
24 179
24 181
24 183
24 184
24 185
24 191
24 195
24 196
24 197
24 198
24 199
24 202
24 203
24 207
24 210
24 212
24 215
24 217
24 218
24 222
24 225
24 227
24 236
24 237
24 238
24 240
24 241
24 242
24 243
24 245
24 247
24 248
24 249
24 250
24 251
24 254
25 159
27 0
27 3
27 6
27 9
27 10
27 12
27 13
27 14
27 15
27 16
27 17
27 24
27 28
27 30
27 32
27 36
27 37
27 38
27 40
27 43
27 45
27 54
27 57
27 59
27 60
27 65
27 68
27 72
27 76
27 77
27 82
27 84
27 86
27 89
27 91
27 96
27 98
27 99
27 100
27 102
27 105
27 106
27 107
27 108
27 109
27 111
27 114
27 119
27 123
27 124
27 125
27 126
27 134
27 135
27 136
27 138
27 148
27 149
27 151
27 154
27 155
27 158
27 161
27 163
27 166
27 168
27 174
27 176
27 179
27 181
27 183
27 184
27 185
27 191
27 195
27 196
27 197
27 198
27 199
27 202
27 203
27 207
27 210
27 212
27 215
27 217
27 218
27 222
27 225
27 227
27 236
27 237
27 238
27 240
27 241
27 242
27 243
27 245
27 247
27 248
27 249
27 250
27 251
27 254
28 0
28 3
28 6
28 9
28 10
28 12
28 13
28 14
28 15
28 16
28 17
28 24
28 27
28 30
28 32
28 36
28 37
28 38
28 40
28 43
28 45
28 54
28 57
28 59
28 60
28 65
28 68
28 72
28 76
28 77
28 82
28 84
28 86
28 89
28 91
28 96
28 98
28 99
28 100
28 102
28 105
28 106
28 107
28 108
28 109
28 111
28 114
28 119
28 123
28 124
28 125
28 126
28 134
28 135
28 136
28 138
28 148
28 149
28 151
28 154
28 155
28 158
28 161
28 163
28 166
28 168
28 174
28 176
28 179
28 181
28 183
28 184
28 185
28 191
28 195
28 196
28 197
28 198
28 199
28 202
28 203
28 207
28 210
28 212
28 215
28 217
28 218
28 222
28 225
28 227
28 236
28 237
28 238
28 240
28 241
28 242
28 243
28 245
28 247
28 248
28 249
28 250
28 251
28 254
29 21
29 177
30 0
30 3
30 6
30 9
30 10
30 12
30 13
30 14
30 15
30 16
30 17
30 24
30 27
30 28
30 32
30 36
30 37
30 38
30 40
30 43
30 45
30 54
30 57
30 59
30 60
30 65
30 68
30 72
30 76
30 77
30 82
30 84
30 86
30 89
30 91
30 96
30 98
30 99
30 100
30 102
30 105
30 106
30 107
30 108
30 109
30 111
30 114
30 119
30 123
30 124
30 125
30 126
30 134
30 135
30 136
30 138
30 148
30 149
30 151
30 154
30 155
30 158
30 161
30 163
30 166
30 168
30 174
30 176
30 179
30 181
30 183
30 184
30 185
30 191
30 195
30 196
30 197
30 198
30 199
30 202
30 203
30 207
30 210
30 212
30 215
30 217
30 218
30 222
30 225
30 227
30 236
30 237
30 238
30 240
30 241
30 242
30 243
30 245
30 247
30 248
30 249
30 250
30 251
30 254
32 0
32 3
32 6
32 9
32 10
32 12
32 13
32 14
32 15
32 16
32 17
32 24
32 27
32 28
32 30
32 36
32 37
32 38
32 40
32 43
32 45
32 54
32 57
32 59
32 60
32 65
32 68
32 72
32 76
32 77
32 82
32 84
32 86
32 89
32 91
32 96
32 98
32 99
32 100
32 102
32 105
32 106
32 107
32 108
32 109
32 111
32 114
32 119
32 123
32 124
32 125
32 126
32 134
32 135
32 136
32 138
32 148
32 149
32 151
32 154
32 155
32 158
32 161
32 163
32 166
32 168
32 174
32 176
32 179
32 181
32 183
32 184
32 185
32 191
32 195
32 196
32 197
32 198
32 199
32 202
32 203
32 207
32 210
32 212
32 215
32 217
32 218
32 222
32 225
32 227
32 236
32 237
32 238
32 240
32 241
32 242
32 243
32 245
32 247
32 248
32 249
32 250
32 251
32 254
33 171
35 233
36 0
36 3
36 6
36 9
36 10
36 12
36 13
36 14
36 15
36 16
36 17
36 24
36 27
36 28
36 30
36 32
36 37
36 38
36 40
36 43
36 45
36 54
36 57
36 59
36 60
36 65
36 68
36 72
36 76
36 77
36 82
36 84
36 86
36 89
36 91
36 96
36 98
36 99
36 100
36 102
36 105
36 106
36 107
36 108
36 109
36 111
36 114
36 119
36 123
36 124
36 125
36 126
36 134
36 135
36 136
36 138
36 148
36 149
36 151
36 154
36 155
36 158
36 161
36 163
36 166
36 168
36 174
36 176
36 179
36 181
36 183
36 184
36 185
36 191
36 195
36 196
36 197
36 198
36 199
36 202
36 203
36 207
36 210
36 212
36 215
36 217
36 218
36 222
36 225
36 227
36 236
36 237
36 238
36 240
36 241
36 242
36 243
36 245
36 247
36 248
36 249
36 250
36 251
36 254
37 0
37 3
37 6
37 9
37 10
37 12
37 13
37 14
37 15
37 16
37 17
37 24
37 27
37 28
37 30
37 32
37 36
37 38
37 40
37 43
37 45
37 54
37 57
37 59
37 60
37 65
37 68
37 72
37 76
37 77
37 82
37 84
37 86
37 89
37 91
37 96
37 98
37 99
37 100
37 102
37 105
37 106
37 107
37 108
37 109
37 111
37 114
37 119
37 123
37 124
37 125
37 126
37 134
37 135
37 136
37 138
37 148
37 149
37 151
37 154
37 155
37 158
37 161
37 163
37 166
37 168
37 174
37 176
37 179
37 181
37 183
37 184
37 185
37 191
37 195
37 196
37 197
37 198
37 199
37 202
37 203
37 207
37 210
37 212
37 215
37 217
37 218
37 222
37 225
37 227
37 236
37 237
37 238
37 240
37 241
37 242
37 243
37 245
37 247
37 248
37 249
37 250
37 251
37 254
38 0
38 3
38 6
38 9
38 10
38 12
38 13
38 14
38 15
38 16
38 17
38 24
38 27
38 28
38 30
38 32
38 36
38 37
38 40
38 43
38 45
38 54
38 57
38 59
38 60
38 65
38 68
38 72
38 76
38 77
38 82
38 84
38 86
38 89
38 91
38 96
38 98
38 99
38 100
38 102
38 105
38 106
38 107
38 108
38 109
38 111
38 114
38 119
38 123
38 124
38 125
38 126
38 134
38 135
38 136
38 138
38 148
38 149
38 151
38 154
38 155
38 158
38 161
38 163
38 166
38 168
38 174
38 176
38 179
38 181
38 183
38 184
38 185
38 191
38 195
38 196
38 197
38 198
38 199
38 202
38 203
38 207
38 210
38 212
38 215
38 217
38 218
38 222
38 225
38 227
38 236
38 237
38 238
38 240
38 241
38 242
38 243
38 245
38 247
38 248
38 249
38 250
38 251
38 254
39 20
39 97
39 118
39 180
39 239
39 246
40 0
40 3
40 6
40 9
40 10
40 12
40 13
40 14
40 15
40 16
40 17
40 24
40 27
40 28
40 30
40 32
40 36
40 37
40 38
40 43
40 45
40 54
40 57
40 59
40 60
40 65
40 68
40 72
40 76
40 77
40 82
40 84
40 86
40 89
40 91
40 96
40 98
40 99
40 100
40 102
40 105
40 106
40 107
40 108
40 109
40 111
40 114
40 119
40 123
40 124
40 125
40 126
40 134
40 135
40 136
40 138
40 148
40 149
40 151
40 154
40 155
40 158
40 161
40 163
40 166
40 168
40 174
40 176
40 179
40 181
40 183
40 184
40 185
40 191
40 195
40 196
40 197
40 198
40 199
40 202
40 203
40 207
40 210
40 212
40 215
40 217
40 218
40 222
40 225
40 227
40 236
40 237
40 238
40 240
40 241
40 242
40 243
40 245
40 247
40 248
40 249
40 250
40 251
40 254
43 0
43 3
43 6
43 9
43 10
43 12
43 13
43 14
43 15
43 16
43 17
43 24
43 27
43 28
43 30
43 32
43 36
43 37
43 38
43 40
43 45
43 54
43 57
43 59
43 60
43 65
43 68
43 72
43 76
43 77
43 82
43 84
43 86
43 89
43 91
43 96
43 98
43 99
43 100
43 102
43 105
43 106
43 107
43 108
43 109
43 111
43 114
43 119
43 123
43 124
43 125
43 126
43 134
43 135
43 136
43 138
43 148
43 149
43 151
43 154
43 155
43 158
43 161
43 163
43 166
43 168
43 174
43 176
43 179
43 181
43 183
43 184
43 185
43 191
43 195
43 196
43 197
43 198
43 199
43 202
43 203
43 207
43 210
43 212
43 215
43 217
43 218
43 222
43 225
43 227
43 236
43 237
43 238
43 240
43 241
43 242
43 243
43 245
43 247
43 248
43 249
43 250
43 251
43 254
44 147
45 0
45 3
45 6
45 9
45 10
45 12
45 13
45 14
45 15
45 16
45 17
45 24
45 27
45 28
45 30
45 32
45 36
45 37
45 38
45 40
45 43
45 54
45 57
45 59
45 60
45 65
45 68
45 72
45 76
45 77
45 82
45 84
45 86
45 89
45 91
45 96
45 98
45 99
45 100
45 102
45 105
45 106
45 107
45 108
45 109
45 111
45 114
45 119
45 123
45 124
45 125
45 126
45 134
45 135
45 136
45 138
45 148
45 149
45 151
45 154
45 155
45 158
45 161
45 163
45 166
45 168
45 174
45 176
45 179
45 181
45 183
45 184
45 185
45 191
45 195
45 196
45 197
45 198
45 199
45 202
45 203
45 207
45 210
45 212
45 215
45 217
45 218
45 222
45 225
45 227
45 236
45 237
45 238
45 240
45 241
45 242
45 243
45 245
45 247
45 248
45 249
45 250
45 251
45 254
53 94
53 165
54 0
54 3
54 6
54 9
54 10
54 12
54 13
54 14
54 15
54 16
54 17
54 24
54 27
54 28
54 30
54 32
54 36
54 37
54 38
54 40
54 43
54 45
54 57
54 59
54 60
54 65
54 68
54 72
54 76
54 77
54 82
54 84
54 86
54 89
54 91
54 96
54 98
54 99
54 100
54 102
54 105
54 106
54 107
54 108
54 109
54 111
54 114
54 119
54 123
54 124
54 125
54 126
54 134
54 135
54 136
54 138
54 148
54 149
54 151
54 154
54 155
54 158
54 161
54 163
54 166
54 168
54 174
54 176
54 179
54 181
54 183
54 184
54 185
54 191
54 195
54 196
54 197
54 198
54 199
54 202
54 203
54 207
54 210
54 212
54 215
54 217
54 218
54 222
54 225
54 227
54 236
54 237
54 238
54 240
54 241
54 242
54 243
54 245
54 247
54 248
54 249
54 250
54 251
54 254
57 0
57 3
57 6
57 9
57 10
57 12
57 13
57 14
57 15
57 16
57 17
57 24
57 27
57 28
57 30
57 32
57 36
57 37
57 38
57 40
57 43
57 45
57 54
57 59
57 60
57 65
57 68
57 72
57 76
57 77
57 82
57 84
57 86
57 89
57 91
57 96
57 98
57 99
57 100
57 102
57 105
57 106
57 107
57 108
57 109
57 111
57 114
57 119
57 123
57 124
57 125
57 126
57 134
57 135
57 136
57 138
57 148
57 149
57 151
57 154
57 155
57 158
57 161
57 163
57 166
57 168
57 174
57 176
57 179
57 181
57 183
57 184
57 185
57 191
57 195
57 196
57 197
57 198
57 199
57 202
57 203
57 207
57 210
57 212
57 215
57 217
57 218
57 222
57 225
57 227
57 236
57 237
57 238
57 240
57 241
57 242
57 243
57 245
57 247
57 248
57 249
57 250
57 251
57 254
58 170
59 0
59 3
59 6
59 9
59 10
59 12
59 13
59 14
59 15
59 16
59 17
59 24
59 27
59 28
59 30
59 32
59 36
59 37
59 38
59 40
59 43
59 45
59 54
59 57
59 60
59 65
59 68
59 72
59 76
59 77
59 82
59 84
59 86
59 89
59 91
59 96
59 98
59 99
59 100
59 102
59 105
59 106
59 107
59 108
59 109
59 111
59 114
59 119
59 123
59 124
59 125
59 126
59 134
59 135
59 136
59 138
59 148
59 149
59 151
59 154
59 155
59 158
59 161
59 163
59 166
59 168
59 174
59 176
59 179
59 181
59 183
59 184
59 185
59 191
59 195
59 196
59 197
59 198
59 199
59 202
59 203
59 207
59 210
59 212
59 215
59 217
59 218
59 222
59 225
59 227
59 236
59 237
59 238
59 240
59 241
59 242
59 243
59 245
59 247
59 248
59 249
59 250
59 251
59 254
60 0
60 3
60 6
60 9
60 10
60 12
60 13
60 14
60 15
60 16
60 17
60 24
60 27
60 28
60 30
60 32
60 36
60 37
60 38
60 40
60 43
60 45
60 54
60 57
60 59
60 65
60 68
60 72
60 76
60 77
60 82
60 84
60 86
60 89
60 91
60 96
60 98
60 99
60 100
60 102
60 105
60 106
60 107
60 108
60 109
60 111
60 114
60 119
60 123
60 124
60 125
60 126
60 134
60 135
60 136
60 138
60 148
60 149
60 151
60 154
60 155
60 158
60 161
60 163
60 166
60 168
60 174
60 176
60 179
60 181
60 183
60 184
60 185
60 191
60 195
60 196
60 197
60 198
60 199
60 202
60 203
60 207
60 210
60 212
60 215
60 217
60 218
60 222
60 225
60 227
60 236
60 237
60 238
60 240
60 241
60 242
60 243
60 245
60 247
60 248
60 249
60 250
60 251
60 254
61 1
61 7
61 150
61 232
65 0
65 3
65 6
65 9
65 10
65 12
65 13
65 14
65 15
65 16
65 17
65 24
65 27
65 28
65 30
65 32
65 36
65 37
65 38
65 40
65 43
65 45
65 54
65 57
65 59
65 60
65 68
65 72
65 76
65 77
65 82
65 84
65 86
65 89
65 91
65 96
65 98
65 99
65 100
65 102
65 105
65 106
65 107
65 108
65 109
65 111
65 114
65 119
65 123
65 124
65 125
65 126
65 134
65 135
65 136
65 138
65 148
65 149
65 151
65 154
65 155
65 158
65 161
65 163
65 166
65 168
65 174
65 176
65 179
65 181
65 183
65 184
65 185
65 191
65 195
65 196
65 197
65 198
65 199
65 202
65 203
65 207
65 210
65 212
65 215
65 217
65 218
65 222
65 225
65 227
65 236
65 237
65 238
65 240
65 241
65 242
65 243
65 245
65 247
65 248
65 249
65 250
65 251
65 254
68 0
68 3
68 6
68 9
68 10
68 12
68 13
68 14
68 15
68 16
68 17
68 24
68 27
68 28
68 30
68 32
68 36
68 37
68 38
68 40
68 43
68 45
68 54
68 57
68 59
68 60
68 65
68 72
68 76
68 77
68 82
68 84
68 86
68 89
68 91
68 96
68 98
68 99
68 100
68 102
68 105
68 106
68 107
68 108
68 109
68 111
68 114
68 119
68 123
68 124
68 125
68 126
68 134
68 135
68 136
68 138
68 148
68 149
68 151
68 154
68 155
68 158
68 161
68 163
68 166
68 168
68 174
68 176
68 179
68 181
68 183
68 184
68 185
68 191
68 195
68 196
68 197
68 198
68 199
68 202
68 203
68 207
68 210
68 212
68 215
68 217
68 218
68 222
68 225
68 227
68 236
68 237
68 238
68 240
68 241
68 242
68 243
68 245
68 247
68 248
68 249
68 250
68 251
68 254
72 0
72 3
72 6
72 9
72 10
72 12
72 13
72 14
72 15
72 16
72 17
72 24
72 27
72 28
72 30
72 32
72 36
72 37
72 38
72 40
72 43
72 45
72 54
72 57
72 59
72 60
72 65
72 68
72 76
72 77
72 82
72 84
72 86
72 89
72 91
72 96
72 98
72 99
72 100
72 102
72 105
72 106
72 107
72 108
72 109
72 111
72 114
72 119
72 123
72 124
72 125
72 126
72 134
72 135
72 136
72 138
72 148
72 149
72 151
72 154
72 155
72 158
72 161
72 163
72 166
72 168
72 174
72 176
72 179
72 181
72 183
72 184
72 185
72 191
72 195
72 196
72 197
72 198
72 199
72 202
72 203
72 207
72 210
72 212
72 215
72 217
72 218
72 222
72 225
72 227
72 236
72 237
72 238
72 240
72 241
72 242
72 243
72 245
72 247
72 248
72 249
72 250
72 251
72 254
73 153
76 0
76 3
76 6
76 9
76 10
76 12
76 13
76 14
76 15
76 16
76 17
76 24
76 27
76 28
76 30
76 32
76 36
76 37
76 38
76 40
76 43
76 45
76 54
76 57
76 59
76 60
76 65
76 68
76 72
76 77
76 82
76 84
76 86
76 89
76 91
76 96
76 98
76 99
76 100
76 102
76 105
76 106
76 107
76 108
76 109
76 111
76 114
76 119
76 123
76 124
76 125
76 126
76 134
76 135
76 136
76 138
76 148
76 149
76 151
76 154
76 155
76 158
76 161
76 163
76 166
76 168
76 174
76 176
76 179
76 181
76 183
76 184
76 185
76 191
76 195
76 196
76 197
76 198
76 199
76 202
76 203
76 207
76 210
76 212
76 215
76 217
76 218
76 222
76 225
76 227
76 236
76 237
76 238
76 240
76 241
76 242
76 243
76 245
76 247
76 248
76 249
76 250
76 251
76 254
77 0
77 3
77 6
77 9
77 10
77 12
77 13
77 14
77 15
77 16
77 17
77 24
77 27
77 28
77 30
77 32
77 36
77 37
77 38
77 40
77 43
77 45
77 54
77 57
77 59
77 60
77 65
77 68
77 72
77 76
77 82
77 84
77 86
77 89
77 91
77 96
77 98
77 99
77 100
77 102
77 105
77 106
77 107
77 108
77 109
77 111
77 114
77 119
77 123
77 124
77 125
77 126
77 134
77 135
77 136
77 138
77 148
77 149
77 151
77 154
77 155
77 158
77 161
77 163
77 166
77 168
77 174
77 176
77 179
77 181
77 183
77 184
77 185
77 191
77 195
77 196
77 197
77 198
77 199
77 202
77 203
77 207
77 210
77 212
77 215
77 217
77 218
77 222
77 225
77 227
77 236
77 237
77 238
77 240
77 241
77 242
77 243
77 245
77 247
77 248
77 249
77 250
77 251
77 254
82 0
82 3
82 6
82 9
82 10
82 12
82 13
82 14
82 15
82 16
82 17
82 24
82 27
82 28
82 30
82 32
82 36
82 37
82 38
82 40
82 43
82 45
82 54
82 57
82 59
82 60
82 65
82 68
82 72
82 76
82 77
82 84
82 86
82 89
82 91
82 96
82 98
82 99
82 100
82 102
82 105
82 106
82 107
82 108
82 109
82 111
82 114
82 119
82 123
82 124
82 125
82 126
82 134
82 135
82 136
82 138
82 148
82 149
82 151
82 154
82 155
82 158
82 161
82 163
82 166
82 168
82 174
82 176
82 179
82 181
82 183
82 184
82 185
82 191
82 195
82 196
82 197
82 198
82 199
82 202
82 203
82 207
82 210
82 212
82 215
82 217
82 218
82 222
82 225
82 227
82 236
82 237
82 238
82 240
82 241
82 242
82 243
82 245
82 247
82 248
82 249
82 250
82 251
82 254
84 0
84 3
84 6
84 9
84 10
84 12
84 13
84 14
84 15
84 16
84 17
84 24
84 27
84 28
84 30
84 32
84 36
84 37
84 38
84 40
84 43
84 45
84 54
84 57
84 59
84 60
84 65
84 68
84 72
84 76
84 77
84 82
84 86
84 89
84 91
84 96
84 98
84 99
84 100
84 102
84 105
84 106
84 107
84 108
84 109
84 111
84 114
84 119
84 123
84 124
84 125
84 126
84 134
84 135
84 136
84 138
84 148
84 149
84 151
84 154
84 155
84 158
84 161
84 163
84 166
84 168
84 174
84 176
84 179
84 181
84 183
84 184
84 185
84 191
84 195
84 196
84 197
84 198
84 199
84 202
84 203
84 207
84 210
84 212
84 215
84 217
84 218
84 222
84 225
84 227
84 236
84 237
84 238
84 240
84 241
84 242
84 243
84 245
84 247
84 248
84 249
84 250
84 251
84 254
86 0
86 3
86 6
86 9
86 10
86 12
86 13
86 14
86 15
86 16
86 17
86 24
86 27
86 28
86 30
86 32
86 36
86 37
86 38
86 40
86 43
86 45
86 54
86 57
86 59
86 60
86 65
86 68
86 72
86 76
86 77
86 82
86 84
86 89
86 91
86 96
86 98
86 99
86 100
86 102
86 105
86 106
86 107
86 108
86 109
86 111
86 114
86 119
86 123
86 124
86 125
86 126
86 134
86 135
86 136
86 138
86 148
86 149
86 151
86 154
86 155
86 158
86 161
86 163
86 166
86 168
86 174
86 176
86 179
86 181
86 183
86 184
86 185
86 191
86 195
86 196
86 197
86 198
86 199
86 202
86 203
86 207
86 210
86 212
86 215
86 217
86 218
86 222
86 225
86 227
86 236
86 237
86 238
86 240
86 241
86 242
86 243
86 245
86 247
86 248
86 249
86 250
86 251
86 254
89 0
89 3
89 6
89 9
89 10
89 12
89 13
89 14
89 15
89 16
89 17
89 24
89 27
89 28
89 30
89 32
89 36
89 37
89 38
89 40
89 43
89 45
89 54
89 57
89 59
89 60
89 65
89 68
89 72
89 76
89 77
89 82
89 84
89 86
89 91
89 96
89 98
89 99
89 100
89 102
89 105
89 106
89 107
89 108
89 109
89 111
89 114
89 119
89 123
89 124
89 125
89 126
89 134
89 135
89 136
89 138
89 148
89 149
89 151
89 154
89 155
89 158
89 161
89 163
89 166
89 168
89 174
89 176
89 179
89 181
89 183
89 184
89 185
89 191
89 195
89 196
89 197
89 198
89 199
89 202
89 203
89 207
89 210
89 212
89 215
89 217
89 218
89 222
89 225
89 227
89 236
89 237
89 238
89 240
89 241
89 242
89 243
89 245
89 247
89 248
89 249
89 250
89 251
89 254
90 133
91 0
91 3
91 6
91 9
91 10
91 12
91 13
91 14
91 15
91 16
91 17
91 24
91 27
91 28
91 30
91 32
91 36
91 37
91 38
91 40
91 43
91 45
91 54
91 57
91 59
91 60
91 65
91 68
91 72
91 76
91 77
91 82
91 84
91 86
91 89
91 96
91 98
91 99
91 100
91 102
91 105
91 106
91 107
91 108
91 109
91 111
91 114
91 119
91 123
91 124
91 125
91 126
91 134
91 135
91 136
91 138
91 148
91 149
91 151
91 154
91 155
91 158
91 161
91 163
91 166
91 168
91 174
91 176
91 179
91 181
91 183
91 184
91 185
91 191
91 195
91 196
91 197
91 198
91 199
91 202
91 203
91 207
91 210
91 212
91 215
91 217
91 218
91 222
91 225
91 227
91 236
91 237
91 238
91 240
91 241
91 242
91 243
91 245
91 247
91 248
91 249
91 250
91 251
91 254
93 112
94 53
94 165
96 0
96 3
96 6
96 9
96 10
96 12
96 13
96 14
96 15
96 16
96 17
96 24
96 27
96 28
96 30
96 32
96 36
96 37
96 38
96 40
96 43
96 45
96 54
96 57
96 59
96 60
96 65
96 68
96 72
96 76
96 77
96 82
96 84
96 86
96 89
96 91
96 98
96 99
96 100
96 102
96 105
96 106
96 107
96 108
96 109
96 111
96 114
96 119
96 123
96 124
96 125
96 126
96 134
96 135
96 136
96 138
96 148
96 149
96 151
96 154
96 155
96 158
96 161
96 163
96 166
96 168
96 174
96 176
96 179
96 181
96 183
96 184
96 185
96 191
96 195
96 196
96 197
96 198
96 199
96 202
96 203
96 207
96 210
96 212
96 215
96 217
96 218
96 222
96 225
96 227
96 236
96 237
96 238
96 240
96 241
96 242
96 243
96 245
96 247
96 248
96 249
96 250
96 251
96 254
97 20
97 39
97 118
97 180
97 239
97 246
98 0
98 3
98 6
98 9
98 10
98 12
98 13
98 14
98 15
98 16
98 17
98 24
98 27
98 28
98 30
98 32
98 36
98 37
98 38
98 40
98 43
98 45
98 54
98 57
98 59
98 60
98 65
98 68
98 72
98 76
98 77
98 82
98 84
98 86
98 89
98 91
98 96
98 99
98 100
98 102
98 105
98 106
98 107
98 108
98 109
98 111
98 114
98 119
98 123
98 124
98 125
98 126
98 134
98 135
98 136
98 138
98 148
98 149
98 151
98 154
98 155
98 158
98 161
98 163
98 166
98 168
98 174
98 176
98 179
98 181
98 183
98 184
98 185
98 191
98 195
98 196
98 197
98 198
98 199
98 202
98 203
98 207
98 210
98 212
98 215
98 217
98 218
98 222
98 225
98 227
98 236
98 237
98 238
98 240
98 241
98 242
98 243
98 245
98 247
98 248
98 249
98 250
98 251
98 254
99 0
99 3
99 6
99 9
99 10
99 12
99 13
99 14
99 15
99 16
99 17
99 24
99 27
99 28
99 30
99 32
99 36
99 37
99 38
99 40
99 43
99 45
99 54
99 57
99 59
99 60
99 65
99 68
99 72
99 76
99 77
99 82
99 84
99 86
99 89
99 91
99 96
99 98
99 100
99 102
99 105
99 106
99 107
99 108
99 109
99 111
99 114
99 119
99 123
99 124
99 125
99 126
99 134
99 135
99 136
99 138
99 148
99 149
99 151
99 154
99 155
99 158
99 161
99 163
99 166
99 168
99 174
99 176
99 179
99 181
99 183
99 184
99 185
99 191
99 195
99 196
99 197
99 198
99 199
99 202
99 203
99 207
99 210
99 212
99 215
99 217
99 218
99 222
99 225
99 227
99 236
99 237
99 238
99 240
99 241
99 242
99 243
99 245
99 247
99 248
99 249
99 250
99 251
99 254
100 0
100 3
100 6
100 9
100 10
100 12
100 13
100 14
100 15
100 16
100 17
100 24
100 27
100 28
100 30
100 32
100 36
100 37
100 38
100 40
100 43
100 45
100 54
100 57
100 59
100 60
100 65
100 68
100 72
100 76
100 77
100 82
100 84
100 86
100 89
100 91
100 96
100 98
100 99
100 102
100 105
100 106
100 107
100 108
100 109
100 111
100 114
100 119
100 123
100 124
100 125
100 126
100 134
100 135
100 136
100 138
100 148
100 149
100 151
100 154
100 155
100 158
100 161
100 163
100 166
100 168
100 174
100 176
100 179
100 181
100 183
100 184
100 185
100 191
100 195
100 196
100 197
100 198
100 199
100 202
100 203
100 207
100 210
100 212
100 215
100 217
100 218
100 222
100 225
100 227
100 236
100 237
100 238
100 240
100 241
100 242
100 243
100 245
100 247
100 248
100 249
100 250
100 251
100 254
102 0
102 3
102 6
102 9
102 10
102 12
102 13
102 14
102 15
102 16
102 17
102 24
102 27
102 28
102 30
102 32
102 36
102 37
102 38
102 40
102 43
102 45
102 54
102 57
102 59
102 60
102 65
102 68
102 72
102 76
102 77
102 82
102 84
102 86
102 89
102 91
102 96
102 98
102 99
102 100
102 105
102 106
102 107
102 108
102 109
102 111
102 114
102 119
102 123
102 124
102 125
102 126
102 134
102 135
102 136
102 138
102 148
102 149
102 151
102 154
102 155
102 158
102 161
102 163
102 166
102 168
102 174
102 176
102 179
102 181
102 183
102 184
102 185
102 191
102 195
102 196
102 197
102 198
102 199
102 202
102 203
102 207
102 210
102 212
102 215
102 217
102 218
102 222
102 225
102 227
102 236
102 237
102 238
102 240
102 241
102 242
102 243
102 245
102 247
102 248
102 249
102 250
102 251
102 254
105 0
105 3
105 6
105 9
105 10
105 12
105 13
105 14
105 15
105 16
105 17
105 24
105 27
105 28
105 30
105 32
105 36
105 37
105 38
105 40
105 43
105 45
105 54
105 57
105 59
105 60
105 65
105 68
105 72
105 76
105 77
105 82
105 84
105 86
105 89
105 91
105 96
105 98
105 99
105 100
105 102
105 106
105 107
105 108
105 109
105 111
105 114
105 119
105 123
105 124
105 125
105 126
105 134
105 135
105 136
105 138
105 148
105 149
105 151
105 154
105 155
105 158
105 161
105 163
105 166
105 168
105 174
105 176
105 179
105 181
105 183
105 184
105 185
105 191
105 195
105 196
105 197
105 198
105 199
105 202
105 203
105 207
105 210
105 212
105 215
105 217
105 218
105 222
105 225
105 227
105 236
105 237
105 238
105 240
105 241
105 242
105 243
105 245
105 247
105 248
105 249
105 250
105 251
105 254
106 0
106 3
106 6
106 9
106 10
106 12
106 13
106 14
106 15
106 16
106 17
106 24
106 27
106 28
106 30
106 32
106 36
106 37
106 38
106 40
106 43
106 45
106 54
106 57
106 59
106 60
106 65
106 68
106 72
106 76
106 77
106 82
106 84
106 86
106 89
106 91
106 96
106 98
106 99
106 100
106 102
106 105
106 107
106 108
106 109
106 111
106 114
106 119
106 123
106 124
106 125
106 126
106 134
106 135
106 136
106 138
106 148
106 149
106 151
106 154
106 155
106 158
106 161
106 163
106 166
106 168
106 174
106 176
106 179
106 181
106 183
106 184
106 185
106 191
106 195
106 196
106 197
106 198
106 199
106 202
106 203
106 207
106 210
106 212
106 215
106 217
106 218
106 222
106 225
106 227
106 236
106 237
106 238
106 240
106 241
106 242
106 243
106 245
106 247
106 248
106 249
106 250
106 251
106 254
107 0
107 3
107 6
107 9
107 10
107 12
107 13
107 14
107 15
107 16
107 17
107 24
107 27
107 28
107 30
107 32
107 36
107 37
107 38
107 40
107 43
107 45
107 54
107 57
107 59
107 60
107 65
107 68
107 72
107 76
107 77
107 82
107 84
107 86
107 89
107 91
107 96
107 98
107 99
107 100
107 102
107 105
107 106
107 108
107 109
107 111
107 114
107 119
107 123
107 124
107 125
107 126
107 134
107 135
107 136
107 138
107 148
107 149
107 151
107 154
107 155
107 158
107 161
107 163
107 166
107 168
107 174
107 176
107 179
107 181
107 183
107 184
107 185
107 191
107 195
107 196
107 197
107 198
107 199
107 202
107 203
107 207
107 210
107 212
107 215
107 217
107 218
107 222
107 225
107 227
107 236
107 237
107 238
107 240
107 241
107 242
107 243
107 245
107 247
107 248
107 249
107 250
107 251
107 254
108 0
108 3
108 6
108 9
108 10
108 12
108 13
108 14
108 15
108 16
108 17
108 24
108 27
108 28
108 30
108 32
108 36
108 37
108 38
108 40
108 43
108 45
108 54
108 57
108 59
108 60
108 65
108 68
108 72
108 76
108 77
108 82
108 84
108 86
108 89
108 91
108 96
108 98
108 99
108 100
108 102
108 105
108 106
108 107
108 109
108 111
108 114
108 119
108 123
108 124
108 125
108 126
108 134
108 135
108 136
108 138
108 148
108 149
108 151
108 154
108 155
108 158
108 161
108 163
108 166
108 168
108 174
108 176
108 179
108 181
108 183
108 184
108 185
108 191
108 195
108 196
108 197
108 198
108 199
108 202
108 203
108 207
108 210
108 212
108 215
108 217
108 218
108 222
108 225
108 227
108 236
108 237
108 238
108 240
108 241
108 242
108 243
108 245
108 247
108 248
108 249
108 250
108 251
108 254
109 0
109 3
109 6
109 9
109 10
109 12
109 13
109 14
109 15
109 16
109 17
109 24
109 27
109 28
109 30
109 32
109 36
109 37
109 38
109 40
109 43
109 45
109 54
109 57
109 59
109 60
109 65
109 68
109 72
109 76
109 77
109 82
109 84
109 86
109 89
109 91
109 96
109 98
109 99
109 100
109 102
109 105
109 106
109 107
109 108
109 111
109 114
109 119
109 123
109 124
109 125
109 126
109 134
109 135
109 136
109 138
109 148
109 149
109 151
109 154
109 155
109 158
109 161
109 163
109 166
109 168
109 174
109 176
109 179
109 181
109 183
109 184
109 185
109 191
109 195
109 196
109 197
109 198
109 199
109 202
109 203
109 207
109 210
109 212
109 215
109 217
109 218
109 222
109 225
109 227
109 236
109 237
109 238
109 240
109 241
109 242
109 243
109 245
109 247
109 248
109 249
109 250
109 251
109 254
111 0
111 3
111 6
111 9
111 10
111 12
111 13
111 14
111 15
111 16
111 17
111 24
111 27
111 28
111 30
111 32
111 36
111 37
111 38
111 40
111 43
111 45
111 54
111 57
111 59
111 60
111 65
111 68
111 72
111 76
111 77
111 82
111 84
111 86
111 89
111 91
111 96
111 98
111 99
111 100
111 102
111 105
111 106
111 107
111 108
111 109
111 114
111 119
111 123
111 124
111 125
111 126
111 134
111 135
111 136
111 138
111 148
111 149
111 151
111 154
111 155
111 158
111 161
111 163
111 166
111 168
111 174
111 176
111 179
111 181
111 183
111 184
111 185
111 191
111 195
111 196
111 197
111 198
111 199
111 202
111 203
111 207
111 210
111 212
111 215
111 217
111 218
111 222
111 225
111 227
111 236
111 237
111 238
111 240
111 241
111 242
111 243
111 245
111 247
111 248
111 249
111 250
111 251
111 254
112 93
114 0
114 3
114 6
114 9
114 10
114 12
114 13
114 14
114 15
114 16
114 17
114 24
114 27
114 28
114 30
114 32
114 36
114 37
114 38
114 40
114 43
114 45
114 54
114 57
114 59
114 60
114 65
114 68
114 72
114 76
114 77
114 82
114 84
114 86
114 89
114 91
114 96
114 98
114 99
114 100
114 102
114 105
114 106
114 107
114 108
114 109
114 111
114 119
114 123
114 124
114 125
114 126
114 134
114 135
114 136
114 138
114 148
114 149
114 151
114 154
114 155
114 158
114 161
114 163
114 166
114 168
114 174
114 176
114 179
114 181
114 183
114 184
114 185
114 191
114 195
114 196
114 197
114 198
114 199
114 202
114 203
114 207
114 210
114 212
114 215
114 217
114 218
114 222
114 225
114 227
114 236
114 237
114 238
114 240
114 241
114 242
114 243
114 245
114 247
114 248
114 249
114 250
114 251
114 254
118 20
118 39
118 97
118 180
118 239
118 246
119 0
119 3
119 6
119 9
119 10
119 12
119 13
119 14
119 15
119 16
119 17
119 24
119 27
119 28
119 30
119 32
119 36
119 37
119 38
119 40
119 43
119 45
119 54
119 57
119 59
119 60
119 65
119 68
119 72
119 76
119 77
119 82
119 84
119 86
119 89
119 91
119 96
119 98
119 99
119 100
119 102
119 105
119 106
119 107
119 108
119 109
119 111
119 114
119 123
119 124
119 125
119 126
119 134
119 135
119 136
119 138
119 148
119 149
119 151
119 154
119 155
119 158
119 161
119 163
119 166
119 168
119 174
119 176
119 179
119 181
119 183
119 184
119 185
119 191
119 195
119 196
119 197
119 198
119 199
119 202
119 203
119 207
119 210
119 212
119 215
119 217
119 218
119 222
119 225
119 227
119 236
119 237
119 238
119 240
119 241
119 242
119 243
119 245
119 247
119 248
119 249
119 250
119 251
119 254
122 157
123 0
123 3
123 6
123 9
123 10
123 12
123 13
123 14
123 15
123 16
123 17
123 24
123 27
123 28
123 30
123 32
123 36
123 37
123 38
123 40
123 43
123 45
123 54
123 57
123 59
123 60
123 65
123 68
123 72
123 76
123 77
123 82
123 84
123 86
123 89
123 91
123 96
123 98
123 99
123 100
123 102
123 105
123 106
123 107
123 108
123 109
123 111
123 114
123 119
123 124
123 125
123 126
123 134
123 135
123 136
123 138
123 148
123 149
123 151
123 154
123 155
123 158
123 161
123 163
123 166
123 168
123 174
123 176
123 179
123 181
123 183
123 184
123 185
123 191
123 195
123 196
123 197
123 198
123 199
123 202
123 203
123 207
123 210
123 212
123 215
123 217
123 218
123 222
123 225
123 227
123 236
123 237
123 238
123 240
123 241
123 242
123 243
123 245
123 247
123 248
123 249
123 250
123 251
123 254
124 0
124 3
124 6
124 9
124 10
124 12
124 13
124 14
124 15
124 16
124 17
124 24
124 27
124 28
124 30
124 32
124 36
124 37
124 38
124 40
124 43
124 45
124 54
124 57
124 59
124 60
124 65
124 68
124 72
124 76
124 77
124 82
124 84
124 86
124 89
124 91
124 96
124 98
124 99
124 100
124 102
124 105
124 106
124 107
124 108
124 109
124 111
124 114
124 119
124 123
124 125
124 126
124 134
124 135
124 136
124 138
124 148
124 149
124 151
124 154
124 155
124 158
124 161
124 163
124 166
124 168
124 174
124 176
124 179
124 181
124 183
124 184
124 185
124 191
124 195
124 196
124 197
124 198
124 199
124 202
124 203
124 207
124 210
124 212
124 215
124 217
124 218
124 222
124 225
124 227
124 236
124 237
124 238
124 240
124 241
124 242
124 243
124 245
124 247
124 248
124 249
124 250
124 251
124 254
125 0
125 3
125 6
125 9
125 10
125 12
125 13
125 14
125 15
125 16
125 17
125 24
125 27
125 28
125 30
125 32
125 36
125 37
125 38
125 40
125 43
125 45
125 54
125 57
125 59
125 60
125 65
125 68
125 72
125 76
125 77
125 82
125 84
125 86
125 89
125 91
125 96
125 98
125 99
125 100
125 102
125 105
125 106
125 107
125 108
125 109
125 111
125 114
125 119
125 123
125 124
125 126
125 134
125 135
125 136
125 138
125 148
125 149
125 151
125 154
125 155
125 158
125 161
125 163
125 166
125 168
125 174
125 176
125 179
125 181
125 183
125 184
125 185
125 191
125 195
125 196
125 197
125 198
125 199
125 202
125 203
125 207
125 210
125 212
125 215
125 217
125 218
125 222
125 225
125 227
125 236
125 237
125 238
125 240
125 241
125 242
125 243
125 245
125 247
125 248
125 249
125 250
125 251
125 254
126 0
126 3
126 6
126 9
126 10
126 12
126 13
126 14
126 15
126 16
126 17
126 24
126 27
126 28
126 30
126 32
126 36
126 37
126 38
126 40
126 43
126 45
126 54
126 57
126 59
126 60
126 65
126 68
126 72
126 76
126 77
126 82
126 84
126 86
126 89
126 91
126 96
126 98
126 99
126 100
126 102
126 105
126 106
126 107
126 108
126 109
126 111
126 114
126 119
126 123
126 124
126 125
126 134
126 135
126 136
126 138
126 148
126 149
126 151
126 154
126 155
126 158
126 161
126 163
126 166
126 168
126 174
126 176
126 179
126 181
126 183
126 184
126 185
126 191
126 195
126 196
126 197
126 198
126 199
126 202
126 203
126 207
126 210
126 212
126 215
126 217
126 218
126 222
126 225
126 227
126 236
126 237
126 238
126 240
126 241
126 242
126 243
126 245
126 247
126 248
126 249
126 250
126 251
126 254
133 90
134 0
134 3
134 6
134 9
134 10
134 12
134 13
134 14
134 15
134 16
134 17
134 24
134 27
134 28
134 30
134 32
134 36
134 37
134 38
134 40
134 43
134 45
134 54
134 57
134 59
134 60
134 65
134 68
134 72
134 76
134 77
134 82
134 84
134 86
134 89
134 91
134 96
134 98
134 99
134 100
134 102
134 105
134 106
134 107
134 108
134 109
134 111
134 114
134 119
134 123
134 124
134 125
134 126
134 135
134 136
134 138
134 148
134 149
134 151
134 154
134 155
134 158
134 161
134 163
134 166
134 168
134 174
134 176
134 179
134 181
134 183
134 184
134 185
134 191
134 195
134 196
134 197
134 198
134 199
134 202
134 203
134 207
134 210
134 212
134 215
134 217
134 218
134 222
134 225
134 227
134 236
134 237
134 238
134 240
134 241
134 242
134 243
134 245
134 247
134 248
134 249
134 250
134 251
134 254
135 0
135 3
135 6
135 9
135 10
135 12
135 13
135 14
135 15
135 16
135 17
135 24
135 27
135 28
135 30
135 32
135 36
135 37
135 38
135 40
135 43
135 45
135 54
135 57
135 59
135 60
135 65
135 68
135 72
135 76
135 77
135 82
135 84
135 86
135 89
135 91
135 96
135 98
135 99
135 100
135 102
135 105
135 106
135 107
135 108
135 109
135 111
135 114
135 119
135 123
135 124
135 125
135 126
135 134
135 136
135 138
135 148
135 149
135 151
135 154
135 155
135 158
135 161
135 163
135 166
135 168
135 174
135 176
135 179
135 181
135 183
135 184
135 185
135 191
135 195
135 196
135 197
135 198
135 199
135 202
135 203
135 207
135 210
135 212
135 215
135 217
135 218
135 222
135 225
135 227
135 236
135 237
135 238
135 240
135 241
135 242
135 243
135 245
135 247
135 248
135 249
135 250
135 251
135 254
136 0
136 3
136 6
136 9
136 10
136 12
136 13
136 14
136 15
136 16
136 17
136 24
136 27
136 28
136 30
136 32
136 36
136 37
136 38
136 40
136 43
136 45
136 54
136 57
136 59
136 60
136 65
136 68
136 72
136 76
136 77
136 82
136 84
136 86
136 89
136 91
136 96
136 98
136 99
136 100
136 102
136 105
136 106
136 107
136 108
136 109
136 111
136 114
136 119
136 123
136 124
136 125
136 126
136 134
136 135
136 138
136 148
136 149
136 151
136 154
136 155
136 158
136 161
136 163
136 166
136 168
136 174
136 176
136 179
136 181
136 183
136 184
136 185
136 191
136 195
136 196
136 197
136 198
136 199
136 202
136 203
136 207
136 210
136 212
136 215
136 217
136 218
136 222
136 225
136 227
136 236
136 237
136 238
136 240
136 241
136 242
136 243
136 245
136 247
136 248
136 249
136 250
136 251
136 254
138 0
138 3
138 6
138 9
138 10
138 12
138 13
138 14
138 15
138 16
138 17
138 24
138 27
138 28
138 30
138 32
138 36
138 37
138 38
138 40
138 43
138 45
138 54
138 57
138 59
138 60
138 65
138 68
138 72
138 76
138 77
138 82
138 84
138 86
138 89
138 91
138 96
138 98
138 99
138 100
138 102
138 105
138 106
138 107
138 108
138 109
138 111
138 114
138 119
138 123
138 124
138 125
138 126
138 134
138 135
138 136
138 148
138 149
138 151
138 154
138 155
138 158
138 161
138 163
138 166
138 168
138 174
138 176
138 179
138 181
138 183
138 184
138 185
138 191
138 195
138 196
138 197
138 198
138 199
138 202
138 203
138 207
138 210
138 212
138 215
138 217
138 218
138 222
138 225
138 227
138 236
138 237
138 238
138 240
138 241
138 242
138 243
138 245
138 247
138 248
138 249
138 250
138 251
138 254
142 208
144 209
147 44
148 0
148 3
148 6
148 9
148 10
148 12
148 13
148 14
148 15
148 16
148 17
148 24
148 27
148 28
148 30
148 32
148 36
148 37
148 38
148 40
148 43
148 45
148 54
148 57
148 59
148 60
148 65
148 68
148 72
148 76
148 77
148 82
148 84
148 86
148 89
148 91
148 96
148 98
148 99
148 100
148 102
148 105
148 106
148 107
148 108
148 109
148 111
148 114
148 119
148 123
148 124
148 125
148 126
148 134
148 135
148 136
148 138
148 149
148 151
148 154
148 155
148 158
148 161
148 163
148 166
148 168
148 174
148 176
148 179
148 181
148 183
148 184
148 185
148 191
148 195
148 196
148 197
148 198
148 199
148 202
148 203
148 207
148 210
148 212
148 215
148 217
148 218
148 222
148 225
148 227
148 236
148 237
148 238
148 240
148 241
148 242
148 243
148 245
148 247
148 248
148 249
148 250
148 251
148 254
149 0
149 3
149 6
149 9
149 10
149 12
149 13
149 14
149 15
149 16
149 17
149 24
149 27
149 28
149 30
149 32
149 36
149 37
149 38
149 40
149 43
149 45
149 54
149 57
149 59
149 60
149 65
149 68
149 72
149 76
149 77
149 82
149 84
149 86
149 89
149 91
149 96
149 98
149 99
149 100
149 102
149 105
149 106
149 107
149 108
149 109
149 111
149 114
149 119
149 123
149 124
149 125
149 126
149 134
149 135
149 136
149 138
149 148
149 151
149 154
149 155
149 158
149 161
149 163
149 166
149 168
149 174
149 176
149 179
149 181
149 183
149 184
149 185
149 191
149 195
149 196
149 197
149 198
149 199
149 202
149 203
149 207
149 210
149 212
149 215
149 217
149 218
149 222
149 225
149 227
149 236
149 237
149 238
149 240
149 241
149 242
149 243
149 245
149 247
149 248
149 249
149 250
149 251
149 254
150 1
150 7
150 61
150 232
151 0
151 3
151 6
151 9
151 10
151 12
151 13
151 14
151 15
151 16
151 17
151 24
151 27
151 28
151 30
151 32
151 36
151 37
151 38
151 40
151 43
151 45
151 54
151 57
151 59
151 60
151 65
151 68
151 72
151 76
151 77
151 82
151 84
151 86
151 89
151 91
151 96
151 98
151 99
151 100
151 102
151 105
151 106
151 107
151 108
151 109
151 111
151 114
151 119
151 123
151 124
151 125
151 126
151 134
151 135
151 136
151 138
151 148
151 149
151 154
151 155
151 158
151 161
151 163
151 166
151 168
151 174
151 176
151 179
151 181
151 183
151 184
151 185
151 191
151 195
151 196
151 197
151 198
151 199
151 202
151 203
151 207
151 210
151 212
151 215
151 217
151 218
151 222
151 225
151 227
151 236
151 237
151 238
151 240
151 241
151 242
151 243
151 245
151 247
151 248
151 249
151 250
151 251
151 254
153 73
154 0
154 3
154 6
154 9
154 10
154 12
154 13
154 14
154 15
154 16
154 17
154 24
154 27
154 28
154 30
154 32
154 36
154 37
154 38
154 40
154 43
154 45
154 54
154 57
154 59
154 60
154 65
154 68
154 72
154 76
154 77
154 82
154 84
154 86
154 89
154 91
154 96
154 98
154 99
154 100
154 102
154 105
154 106
154 107
154 108
154 109
154 111
154 114
154 119
154 123
154 124
154 125
154 126
154 134
154 135
154 136
154 138
154 148
154 149
154 151
154 155
154 158
154 161
154 163
154 166
154 168
154 174
154 176
154 179
154 181
154 183
154 184
154 185
154 191
154 195
154 196
154 197
154 198
154 199
154 202
154 203
154 207
154 210
154 212
154 215
154 217
154 218
154 222
154 225
154 227
154 236
154 237
154 238
154 240
154 241
154 242
154 243
154 245
154 247
154 248
154 249
154 250
154 251
154 254
155 0
155 3
155 6
155 9
155 10
155 12
155 13
155 14
155 15
155 16
155 17
155 24
155 27
155 28
155 30
155 32
155 36
155 37
155 38
155 40
155 43
155 45
155 54
155 57
155 59
155 60
155 65
155 68
155 72
155 76
155 77
155 82
155 84
155 86
155 89
155 91
155 96
155 98
155 99
155 100
155 102
155 105
155 106
155 107
155 108
155 109
155 111
155 114
155 119
155 123
155 124
155 125
155 126
155 134
155 135
155 136
155 138
155 148
155 149
155 151
155 154
155 158
155 161
155 163
155 166
155 168
155 174
155 176
155 179
155 181
155 183
155 184
155 185
155 191
155 195
155 196
155 197
155 198
155 199
155 202
155 203
155 207
155 210
155 212
155 215
155 217
155 218
155 222
155 225
155 227
155 236
155 237
155 238
155 240
155 241
155 242
155 243
155 245
155 247
155 248
155 249
155 250
155 251
155 254
157 122
158 0
158 3
158 6
158 9
158 10
158 12
158 13
158 14
158 15
158 16
158 17
158 24
158 27
158 28
158 30
158 32
158 36
158 37
158 38
158 40
158 43
158 45
158 54
158 57
158 59
158 60
158 65
158 68
158 72
158 76
158 77
158 82
158 84
158 86
158 89
158 91
158 96
158 98
158 99
158 100
158 102
158 105
158 106
158 107
158 108
158 109
158 111
158 114
158 119
158 123
158 124
158 125
158 126
158 134
158 135
158 136
158 138
158 148
158 149
158 151
158 154
158 155
158 161
158 163
158 166
158 168
158 174
158 176
158 179
158 181
158 183
158 184
158 185
158 191
158 195
158 196
158 197
158 198
158 199
158 202
158 203
158 207
158 210
158 212
158 215
158 217
158 218
158 222
158 225
158 227
158 236
158 237
158 238
158 240
158 241
158 242
158 243
158 245
158 247
158 248
158 249
158 250
158 251
158 254
159 25
161 0
161 3
161 6
161 9
161 10
161 12
161 13
161 14
161 15
161 16
161 17
161 24
161 27
161 28
161 30
161 32
161 36
161 37
161 38
161 40
161 43
161 45
161 54
161 57
161 59
161 60
161 65
161 68
161 72
161 76
161 77
161 82
161 84
161 86
161 89
161 91
161 96
161 98
161 99
161 100
161 102
161 105
161 106
161 107
161 108
161 109
161 111
161 114
161 119
161 123
161 124
161 125
161 126
161 134
161 135
161 136
161 138
161 148
161 149
161 151
161 154
161 155
161 158
161 163
161 166
161 168
161 174
161 176
161 179
161 181
161 183
161 184
161 185
161 191
161 195
161 196
161 197
161 198
161 199
161 202
161 203
161 207
161 210
161 212
161 215
161 217
161 218
161 222
161 225
161 227
161 236
161 237
161 238
161 240
161 241
161 242
161 243
161 245
161 247
161 248
161 249
161 250
161 251
161 254
162 255
163 0
163 3
163 6
163 9
163 10
163 12
163 13
163 14
163 15
163 16
163 17
163 24
163 27
163 28
163 30
163 32
163 36
163 37
163 38
163 40
163 43
163 45
163 54
163 57
163 59
163 60
163 65
163 68
163 72
163 76
163 77
163 82
163 84
163 86
163 89
163 91
163 96
163 98
163 99
163 100
163 102
163 105
163 106
163 107
163 108
163 109
163 111
163 114
163 119
163 123
163 124
163 125
163 126
163 134
163 135
163 136
163 138
163 148
163 149
163 151
163 154
163 155
163 158
163 161
163 166
163 168
163 174
163 176
163 179
163 181
163 183
163 184
163 185
163 191
163 195
163 196
163 197
163 198
163 199
163 202
163 203
163 207
163 210
163 212
163 215
163 217
163 218
163 222
163 225
163 227
163 236
163 237
163 238
163 240
163 241
163 242
163 243
163 245
163 247
163 248
163 249
163 250
163 251
163 254
165 53
165 94
166 0
166 3
166 6
166 9
166 10
166 12
166 13
166 14
166 15
166 16
166 17
166 24
166 27
166 28
166 30
166 32
166 36
166 37
166 38
166 40
166 43
166 45
166 54
166 57
166 59
166 60
166 65
166 68
166 72
166 76
166 77
166 82
166 84
166 86
166 89
166 91
166 96
166 98
166 99
166 100
166 102
166 105
166 106
166 107
166 108
166 109
166 111
166 114
166 119
166 123
166 124
166 125
166 126
166 134
166 135
166 136
166 138
166 148
166 149
166 151
166 154
166 155
166 158
166 161
166 163
166 168
166 174
166 176
166 179
166 181
166 183
166 184
166 185
166 191
166 195
166 196
166 197
166 198
166 199
166 202
166 203
166 207
166 210
166 212
166 215
166 217
166 218
166 222
166 225
166 227
166 236
166 237
166 238
166 240
166 241
166 242
166 243
166 245
166 247
166 248
166 249
166 250
166 251
166 254
168 0
168 3
168 6
168 9
168 10
168 12
168 13
168 14
168 15
168 16
168 17
168 24
168 27
168 28
168 30
168 32
168 36
168 37
168 38
168 40
168 43
168 45
168 54
168 57
168 59
168 60
168 65
168 68
168 72
168 76
168 77
168 82
168 84
168 86
168 89
168 91
168 96
168 98
168 99
168 100
168 102
168 105
168 106
168 107
168 108
168 109
168 111
168 114
168 119
168 123
168 124
168 125
168 126
168 134
168 135
168 136
168 138
168 148
168 149
168 151
168 154
168 155
168 158
168 161
168 163
168 166
168 174
168 176
168 179
168 181
168 183
168 184
168 185
168 191
168 195
168 196
168 197
168 198
168 199
168 202
168 203
168 207
168 210
168 212
168 215
168 217
168 218
168 222
168 225
168 227
168 236
168 237
168 238
168 240
168 241
168 242
168 243
168 245
168 247
168 248
168 249
168 250
168 251
168 254
170 58
171 33
174 0
174 3
174 6
174 9
174 10
174 12
174 13
174 14
174 15
174 16
174 17
174 24
174 27
174 28
174 30
174 32
174 36
174 37
174 38
174 40
174 43
174 45
174 54
174 57
174 59
174 60
174 65
174 68
174 72
174 76
174 77
174 82
174 84
174 86
174 89
174 91
174 96
174 98
174 99
174 100
174 102
174 105
174 106
174 107
174 108
174 109
174 111
174 114
174 119
174 123
174 124
174 125
174 126
174 134
174 135
174 136
174 138
174 148
174 149
174 151
174 154
174 155
174 158
174 161
174 163
174 166
174 168
174 176
174 179
174 181
174 183
174 184
174 185
174 191
174 195
174 196
174 197
174 198
174 199
174 202
174 203
174 207
174 210
174 212
174 215
174 217
174 218
174 222
174 225
174 227
174 236
174 237
174 238
174 240
174 241
174 242
174 243
174 245
174 247
174 248
174 249
174 250
174 251
174 254
176 0
176 3
176 6
176 9
176 10
176 12
176 13
176 14
176 15
176 16
176 17
176 24
176 27
176 28
176 30
176 32
176 36
176 37
176 38
176 40
176 43
176 45
176 54
176 57
176 59
176 60
176 65
176 68
176 72
176 76
176 77
176 82
176 84
176 86
176 89
176 91
176 96
176 98
176 99
176 100
176 102
176 105
176 106
176 107
176 108
176 109
176 111
176 114
176 119
176 123
176 124
176 125
176 126
176 134
176 135
176 136
176 138
176 148
176 149
176 151
176 154
176 155
176 158
176 161
176 163
176 166
176 168
176 174
176 179
176 181
176 183
176 184
176 185
176 191
176 195
176 196
176 197
176 198
176 199
176 202
176 203
176 207
176 210
176 212
176 215
176 217
176 218
176 222
176 225
176 227
176 236
176 237
176 238
176 240
176 241
176 242
176 243
176 245
176 247
176 248
176 249
176 250
176 251
176 254
177 21
177 29
179 0
179 3
179 6
179 9
179 10
179 12
179 13
179 14
179 15
179 16
179 17
179 24
179 27
179 28
179 30
179 32
179 36
179 37
179 38
179 40
179 43
179 45
179 54
179 57
179 59
179 60
179 65
179 68
179 72
179 76
179 77
179 82
179 84
179 86
179 89
179 91
179 96
179 98
179 99
179 100
179 102
179 105
179 106
179 107
179 108
179 109
179 111
179 114
179 119
179 123
179 124
179 125
179 126
179 134
179 135
179 136
179 138
179 148
179 149
179 151
179 154
179 155
179 158
179 161
179 163
179 166
179 168
179 174
179 176
179 181
179 183
179 184
179 185
179 191
179 195
179 196
179 197
179 198
179 199
179 202
179 203
179 207
179 210
179 212
179 215
179 217
179 218
179 222
179 225
179 227
179 236
179 237
179 238
179 240
179 241
179 242
179 243
179 245
179 247
179 248
179 249
179 250
179 251
179 254
180 20
180 39
180 97
180 118
180 239
180 246
181 0
181 3
181 6
181 9
181 10
181 12
181 13
181 14
181 15
181 16
181 17
181 24
181 27
181 28
181 30
181 32
181 36
181 37
181 38
181 40
181 43
181 45
181 54
181 57
181 59
181 60
181 65
181 68
181 72
181 76
181 77
181 82
181 84
181 86
181 89
181 91
181 96
181 98
181 99
181 100
181 102
181 105
181 106
181 107
181 108
181 109
181 111
181 114
181 119
181 123
181 124
181 125
181 126
181 134
181 135
181 136
181 138
181 148
181 149
181 151
181 154
181 155
181 158
181 161
181 163
181 166
181 168
181 174
181 176
181 179
181 183
181 184
181 185
181 191
181 195
181 196
181 197
181 198
181 199
181 202
181 203
181 207
181 210
181 212
181 215
181 217
181 218
181 222
181 225
181 227
181 236
181 237
181 238
181 240
181 241
181 242
181 243
181 245
181 247
181 248
181 249
181 250
181 251
181 254
183 0
183 3
183 6
183 9
183 10
183 12
183 13
183 14
183 15
183 16
183 17
183 24
183 27
183 28
183 30
183 32
183 36
183 37
183 38
183 40
183 43
183 45
183 54
183 57
183 59
183 60
183 65
183 68
183 72
183 76
183 77
183 82
183 84
183 86
183 89
183 91
183 96
183 98
183 99
183 100
183 102
183 105
183 106
183 107
183 108
183 109
183 111
183 114
183 119
183 123
183 124
183 125
183 126
183 134
183 135
183 136
183 138
183 148
183 149
183 151
183 154
183 155
183 158
183 161
183 163
183 166
183 168
183 174
183 176
183 179
183 181
183 184
183 185
183 191
183 195
183 196
183 197
183 198
183 199
183 202
183 203
183 207
183 210
183 212
183 215
183 217
183 218
183 222
183 225
183 227
183 236
183 237
183 238
183 240
183 241
183 242
183 243
183 245
183 247
183 248
183 249
183 250
183 251
183 254
184 0
184 3
184 6
184 9
184 10
184 12
184 13
184 14
184 15
184 16
184 17
184 24
184 27
184 28
184 30
184 32
184 36
184 37
184 38
184 40
184 43
184 45
184 54
184 57
184 59
184 60
184 65
184 68
184 72
184 76
184 77
184 82
184 84
184 86
184 89
184 91
184 96
184 98
184 99
184 100
184 102
184 105
184 106
184 107
184 108
184 109
184 111
184 114
184 119
184 123
184 124
184 125
184 126
184 134
184 135
184 136
184 138
184 148
184 149
184 151
184 154
184 155
184 158
184 161
184 163
184 166
184 168
184 174
184 176
184 179
184 181
184 183
184 185
184 191
184 195
184 196
184 197
184 198
184 199
184 202
184 203
184 207
184 210
184 212
184 215
184 217
184 218
184 222
184 225
184 227
184 236
184 237
184 238
184 240
184 241
184 242
184 243
184 245
184 247
184 248
184 249
184 250
184 251
184 254
185 0
185 3
185 6
185 9
185 10
185 12
185 13
185 14
185 15
185 16
185 17
185 24
185 27
185 28
185 30
185 32
185 36
185 37
185 38
185 40
185 43
185 45
185 54
185 57
185 59
185 60
185 65
185 68
185 72
185 76
185 77
185 82
185 84
185 86
185 89
185 91
185 96
185 98
185 99
185 100
185 102
185 105
185 106
185 107
185 108
185 109
185 111
185 114
185 119
185 123
185 124
185 125
185 126
185 134
185 135
185 136
185 138
185 148
185 149
185 151
185 154
185 155
185 158
185 161
185 163
185 166
185 168
185 174
185 176
185 179
185 181
185 183
185 184
185 191
185 195
185 196
185 197
185 198
185 199
185 202
185 203
185 207
185 210
185 212
185 215
185 217
185 218
185 222
185 225
185 227
185 236
185 237
185 238
185 240
185 241
185 242
185 243
185 245
185 247
185 248
185 249
185 250
185 251
185 254
191 0
191 3
191 6
191 9
191 10
191 12
191 13
191 14
191 15
191 16
191 17
191 24
191 27
191 28
191 30
191 32
191 36
191 37
191 38
191 40
191 43
191 45
191 54
191 57
191 59
191 60
191 65
191 68
191 72
191 76
191 77
191 82
191 84
191 86
191 89
191 91
191 96
191 98
191 99
191 100
191 102
191 105
191 106
191 107
191 108
191 109
191 111
191 114
191 119
191 123
191 124
191 125
191 126
191 134
191 135
191 136
191 138
191 148
191 149
191 151
191 154
191 155
191 158
191 161
191 163
191 166
191 168
191 174
191 176
191 179
191 181
191 183
191 184
191 185
191 195
191 196
191 197
191 198
191 199
191 202
191 203
191 207
191 210
191 212
191 215
191 217
191 218
191 222
191 225
191 227
191 236
191 237
191 238
191 240
191 241
191 242
191 243
191 245
191 247
191 248
191 249
191 250
191 251
191 254
195 0
195 3
195 6
195 9
195 10
195 12
195 13
195 14
195 15
195 16
195 17
195 24
195 27
195 28
195 30
195 32
195 36
195 37
195 38
195 40
195 43
195 45
195 54
195 57
195 59
195 60
195 65
195 68
195 72
195 76
195 77
195 82
195 84
195 86
195 89
195 91
195 96
195 98
195 99
195 100
195 102
195 105
195 106
195 107
195 108
195 109
195 111
195 114
195 119
195 123
195 124
195 125
195 126
195 134
195 135
195 136
195 138
195 148
195 149
195 151
195 154
195 155
195 158
195 161
195 163
195 166
195 168
195 174
195 176
195 179
195 181
195 183
195 184
195 185
195 191
195 196
195 197
195 198
195 199
195 202
195 203
195 207
195 210
195 212
195 215
195 217
195 218
195 222
195 225
195 227
195 236
195 237
195 238
195 240
195 241
195 242
195 243
195 245
195 247
195 248
195 249
195 250
195 251
195 254
196 0
196 3
196 6
196 9
196 10
196 12
196 13
196 14
196 15
196 16
196 17
196 24
196 27
196 28
196 30
196 32
196 36
196 37
196 38
196 40
196 43
196 45
196 54
196 57
196 59
196 60
196 65
196 68
196 72
196 76
196 77
196 82
196 84
196 86
196 89
196 91
196 96
196 98
196 99
196 100
196 102
196 105
196 106
196 107
196 108
196 109
196 111
196 114
196 119
196 123
196 124
196 125
196 126
196 134
196 135
196 136
196 138
196 148
196 149
196 151
196 154
196 155
196 158
196 161
196 163
196 166
196 168
196 174
196 176
196 179
196 181
196 183
196 184
196 185
196 191
196 195
196 197
196 198
196 199
196 202
196 203
196 207
196 210
196 212
196 215
196 217
196 218
196 222
196 225
196 227
196 236
196 237
196 238
196 240
196 241
196 242
196 243
196 245
196 247
196 248
196 249
196 250
196 251
196 254
197 0
197 3
197 6
197 9
197 10
197 12
197 13
197 14
197 15
197 16
197 17
197 24
197 27
197 28
197 30
197 32
197 36
197 37
197 38
197 40
197 43
197 45
197 54
197 57
197 59
197 60
197 65
197 68
197 72
197 76
197 77
197 82
197 84
197 86
197 89
197 91
197 96
197 98
197 99
197 100
197 102
197 105
197 106
197 107
197 108
197 109
197 111
197 114
197 119
197 123
197 124
197 125
197 126
197 134
197 135
197 136
197 138
197 148
197 149
197 151
197 154
197 155
197 158
197 161
197 163
197 166
197 168
197 174
197 176
197 179
197 181
197 183
197 184
197 185
197 191
197 195
197 196
197 198
197 199
197 202
197 203
197 207
197 210
197 212
197 215
197 217
197 218
197 222
197 225
197 227
197 236
197 237
197 238
197 240
197 241
197 242
197 243
197 245
197 247
197 248
197 249
197 250
197 251
197 254
198 0
198 3
198 6
198 9
198 10
198 12
198 13
198 14
198 15
198 16
198 17
198 24
198 27
198 28
198 30
198 32
198 36
198 37
198 38
198 40
198 43
198 45
198 54
198 57
198 59
198 60
198 65
198 68
198 72
198 76
198 77
198 82
198 84
198 86
198 89
198 91
198 96
198 98
198 99
198 100
198 102
198 105
198 106
198 107
198 108
198 109
198 111
198 114
198 119
198 123
198 124
198 125
198 126
198 134
198 135
198 136
198 138
198 148
198 149
198 151
198 154
198 155
198 158
198 161
198 163
198 166
198 168
198 174
198 176
198 179
198 181
198 183
198 184
198 185
198 191
198 195
198 196
198 197
198 199
198 202
198 203
198 207
198 210
198 212
198 215
198 217
198 218
198 222
198 225
198 227
198 236
198 237
198 238
198 240
198 241
198 242
198 243
198 245
198 247
198 248
198 249
198 250
198 251
198 254
199 0
199 3
199 6
199 9
199 10
199 12
199 13
199 14
199 15
199 16
199 17
199 24
199 27
199 28
199 30
199 32
199 36
199 37
199 38
199 40
199 43
199 45
199 54
199 57
199 59
199 60
199 65
199 68
199 72
199 76
199 77
199 82
199 84
199 86
199 89
199 91
199 96
199 98
199 99
199 100
199 102
199 105
199 106
199 107
199 108
199 109
199 111
199 114
199 119
199 123
199 124
199 125
199 126
199 134
199 135
199 136
199 138
199 148
199 149
199 151
199 154
199 155
199 158
199 161
199 163
199 166
199 168
199 174
199 176
199 179
199 181
199 183
199 184
199 185
199 191
199 195
199 196
199 197
199 198
199 202
199 203
199 207
199 210
199 212
199 215
199 217
199 218
199 222
199 225
199 227
199 236
199 237
199 238
199 240
199 241
199 242
199 243
199 245
199 247
199 248
199 249
199 250
199 251
199 254
202 0
202 3
202 6
202 9
202 10
202 12
202 13
202 14
202 15
202 16
202 17
202 24
202 27
202 28
202 30
202 32
202 36
202 37
202 38
202 40
202 43
202 45
202 54
202 57
202 59
202 60
202 65
202 68
202 72
202 76
202 77
202 82
202 84
202 86
202 89
202 91
202 96
202 98
202 99
202 100
202 102
202 105
202 106
202 107
202 108
202 109
202 111
202 114
202 119
202 123
202 124
202 125
202 126
202 134
202 135
202 136
202 138
202 148
202 149
202 151
202 154
202 155
202 158
202 161
202 163
202 166
202 168
202 174
202 176
202 179
202 181
202 183
202 184
202 185
202 191
202 195
202 196
202 197
202 198
202 199
202 203
202 207
202 210
202 212
202 215
202 217
202 218
202 222
202 225
202 227
202 236
202 237
202 238
202 240
202 241
202 242
202 243
202 245
202 247
202 248
202 249
202 250
202 251
202 254
203 0
203 3
203 6
203 9
203 10
203 12
203 13
203 14
203 15
203 16
203 17
203 24
203 27
203 28
203 30
203 32
203 36
203 37
203 38
203 40
203 43
203 45
203 54
203 57
203 59
203 60
203 65
203 68
203 72
203 76
203 77
203 82
203 84
203 86
203 89
203 91
203 96
203 98
203 99
203 100
203 102
203 105
203 106
203 107
203 108
203 109
203 111
203 114
203 119
203 123
203 124
203 125
203 126
203 134
203 135
203 136
203 138
203 148
203 149
203 151
203 154
203 155
203 158
203 161
203 163
203 166
203 168
203 174
203 176
203 179
203 181
203 183
203 184
203 185
203 191
203 195
203 196
203 197
203 198
203 199
203 202
203 207
203 210
203 212
203 215
203 217
203 218
203 222
203 225
203 227
203 236
203 237
203 238
203 240
203 241
203 242
203 243
203 245
203 247
203 248
203 249
203 250
203 251
203 254
207 0
207 3
207 6
207 9
207 10
207 12
207 13
207 14
207 15
207 16
207 17
207 24
207 27
207 28
207 30
207 32
207 36
207 37
207 38
207 40
207 43
207 45
207 54
207 57
207 59
207 60
207 65
207 68
207 72
207 76
207 77
207 82
207 84
207 86
207 89
207 91
207 96
207 98
207 99
207 100
207 102
207 105
207 106
207 107
207 108
207 109
207 111
207 114
207 119
207 123
207 124
207 125
207 126
207 134
207 135
207 136
207 138
207 148
207 149
207 151
207 154
207 155
207 158
207 161
207 163
207 166
207 168
207 174
207 176
207 179
207 181
207 183
207 184
207 185
207 191
207 195
207 196
207 197
207 198
207 199
207 202
207 203
207 210
207 212
207 215
207 217
207 218
207 222
207 225
207 227
207 236
207 237
207 238
207 240
207 241
207 242
207 243
207 245
207 247
207 248
207 249
207 250
207 251
207 254
208 142
209 144
210 0
210 3
210 6
210 9
210 10
210 12
210 13
210 14
210 15
210 16
210 17
210 24
210 27
210 28
210 30
210 32
210 36
210 37
210 38
210 40
210 43
210 45
210 54
210 57
210 59
210 60
210 65
210 68
210 72
210 76
210 77
210 82
210 84
210 86
210 89
210 91
210 96
210 98
210 99
210 100
210 102
210 105
210 106
210 107
210 108
210 109
210 111
210 114
210 119
210 123
210 124
210 125
210 126
210 134
210 135
210 136
210 138
210 148
210 149
210 151
210 154
210 155
210 158
210 161
210 163
210 166
210 168
210 174
210 176
210 179
210 181
210 183
210 184
210 185
210 191
210 195
210 196
210 197
210 198
210 199
210 202
210 203
210 207
210 212
210 215
210 217
210 218
210 222
210 225
210 227
210 236
210 237
210 238
210 240
210 241
210 242
210 243
210 245
210 247
210 248
210 249
210 250
210 251
210 254
212 0
212 3
212 6
212 9
212 10
212 12
212 13
212 14
212 15
212 16
212 17
212 24
212 27
212 28
212 30
212 32
212 36
212 37
212 38
212 40
212 43
212 45
212 54
212 57
212 59
212 60
212 65
212 68
212 72
212 76
212 77
212 82
212 84
212 86
212 89
212 91
212 96
212 98
212 99
212 100
212 102
212 105
212 106
212 107
212 108
212 109
212 111
212 114
212 119
212 123
212 124
212 125
212 126
212 134
212 135
212 136
212 138
212 148
212 149
212 151
212 154
212 155
212 158
212 161
212 163
212 166
212 168
212 174
212 176
212 179
212 181
212 183
212 184
212 185
212 191
212 195
212 196
212 197
212 198
212 199
212 202
212 203
212 207
212 210
212 215
212 217
212 218
212 222
212 225
212 227
212 236
212 237
212 238
212 240
212 241
212 242
212 243
212 245
212 247
212 248
212 249
212 250
212 251
212 254
215 0
215 3
215 6
215 9
215 10
215 12
215 13
215 14
215 15
215 16
215 17
215 24
215 27
215 28
215 30
215 32
215 36
215 37
215 38
215 40
215 43
215 45
215 54
215 57
215 59
215 60
215 65
215 68
215 72
215 76
215 77
215 82
215 84
215 86
215 89
215 91
215 96
215 98
215 99
215 100
215 102
215 105
215 106
215 107
215 108
215 109
215 111
215 114
215 119
215 123
215 124
215 125
215 126
215 134
215 135
215 136
215 138
215 148
215 149
215 151
215 154
215 155
215 158
215 161
215 163
215 166
215 168
215 174
215 176
215 179
215 181
215 183
215 184
215 185
215 191
215 195
215 196
215 197
215 198
215 199
215 202
215 203
215 207
215 210
215 212
215 217
215 218
215 222
215 225
215 227
215 236
215 237
215 238
215 240
215 241
215 242
215 243
215 245
215 247
215 248
215 249
215 250
215 251
215 254
217 0
217 3
217 6
217 9
217 10
217 12
217 13
217 14
217 15
217 16
217 17
217 24
217 27
217 28
217 30
217 32
217 36
217 37
217 38
217 40
217 43
217 45
217 54
217 57
217 59
217 60
217 65
217 68
217 72
217 76
217 77
217 82
217 84
217 86
217 89
217 91
217 96
217 98
217 99
217 100
217 102
217 105
217 106
217 107
217 108
217 109
217 111
217 114
217 119
217 123
217 124
217 125
217 126
217 134
217 135
217 136
217 138
217 148
217 149
217 151
217 154
217 155
217 158
217 161
217 163
217 166
217 168
217 174
217 176
217 179
217 181
217 183
217 184
217 185
217 191
217 195
217 196
217 197
217 198
217 199
217 202
217 203
217 207
217 210
217 212
217 215
217 218
217 222
217 225
217 227
217 236
217 237
217 238
217 240
217 241
217 242
217 243
217 245
217 247
217 248
217 249
217 250
217 251
217 254
218 0
218 3
218 6
218 9
218 10
218 12
218 13
218 14
218 15
218 16
218 17
218 24
218 27
218 28
218 30
218 32
218 36
218 37
218 38
218 40
218 43
218 45
218 54
218 57
218 59
218 60
218 65
218 68
218 72
218 76
218 77
218 82
218 84
218 86
218 89
218 91
218 96
218 98
218 99
218 100
218 102
218 105
218 106
218 107
218 108
218 109
218 111
218 114
218 119
218 123
218 124
218 125
218 126
218 134
218 135
218 136
218 138
218 148
218 149
218 151
218 154
218 155
218 158
218 161
218 163
218 166
218 168
218 174
218 176
218 179
218 181
218 183
218 184
218 185
218 191
218 195
218 196
218 197
218 198
218 199
218 202
218 203
218 207
218 210
218 212
218 215
218 217
218 222
218 225
218 227
218 236
218 237
218 238
218 240
218 241
218 242
218 243
218 245
218 247
218 248
218 249
218 250
218 251
218 254
219 19
222 0
222 3
222 6
222 9
222 10
222 12
222 13
222 14
222 15
222 16
222 17
222 24
222 27
222 28
222 30
222 32
222 36
222 37
222 38
222 40
222 43
222 45
222 54
222 57
222 59
222 60
222 65
222 68
222 72
222 76
222 77
222 82
222 84
222 86
222 89
222 91
222 96
222 98
222 99
222 100
222 102
222 105
222 106
222 107
222 108
222 109
222 111
222 114
222 119
222 123
222 124
222 125
222 126
222 134
222 135
222 136
222 138
222 148
222 149
222 151
222 154
222 155
222 158
222 161
222 163
222 166
222 168
222 174
222 176
222 179
222 181
222 183
222 184
222 185
222 191
222 195
222 196
222 197
222 198
222 199
222 202
222 203
222 207
222 210
222 212
222 215
222 217
222 218
222 225
222 227
222 236
222 237
222 238
222 240
222 241
222 242
222 243
222 245
222 247
222 248
222 249
222 250
222 251
222 254
225 0
225 3
225 6
225 9
225 10
225 12
225 13
225 14
225 15
225 16
225 17
225 24
225 27
225 28
225 30
225 32
225 36
225 37
225 38
225 40
225 43
225 45
225 54
225 57
225 59
225 60
225 65
225 68
225 72
225 76
225 77
225 82
225 84
225 86
225 89
225 91
225 96
225 98
225 99
225 100
225 102
225 105
225 106
225 107
225 108
225 109
225 111
225 114
225 119
225 123
225 124
225 125
225 126
225 134
225 135
225 136
225 138
225 148
225 149
225 151
225 154
225 155
225 158
225 161
225 163
225 166
225 168
225 174
225 176
225 179
225 181
225 183
225 184
225 185
225 191
225 195
225 196
225 197
225 198
225 199
225 202
225 203
225 207
225 210
225 212
225 215
225 217
225 218
225 222
225 227
225 236
225 237
225 238
225 240
225 241
225 242
225 243
225 245
225 247
225 248
225 249
225 250
225 251
225 254
227 0
227 3
227 6
227 9
227 10
227 12
227 13
227 14
227 15
227 16
227 17
227 24
227 27
227 28
227 30
227 32
227 36
227 37
227 38
227 40
227 43
227 45
227 54
227 57
227 59
227 60
227 65
227 68
227 72
227 76
227 77
227 82
227 84
227 86
227 89
227 91
227 96
227 98
227 99
227 100
227 102
227 105
227 106
227 107
227 108
227 109
227 111
227 114
227 119
227 123
227 124
227 125
227 126
227 134
227 135
227 136
227 138
227 148
227 149
227 151
227 154
227 155
227 158
227 161
227 163
227 166
227 168
227 174
227 176
227 179
227 181
227 183
227 184
227 185
227 191
227 195
227 196
227 197
227 198
227 199
227 202
227 203
227 207
227 210
227 212
227 215
227 217
227 218
227 222
227 225
227 236
227 237
227 238
227 240
227 241
227 242
227 243
227 245
227 247
227 248
227 249
227 250
227 251
227 254
232 1
232 7
232 61
232 150
233 35
236 0
236 3
236 6
236 9
236 10
236 12
236 13
236 14
236 15
236 16
236 17
236 24
236 27
236 28
236 30
236 32
236 36
236 37
236 38
236 40
236 43
236 45
236 54
236 57
236 59
236 60
236 65
236 68
236 72
236 76
236 77
236 82
236 84
236 86
236 89
236 91
236 96
236 98
236 99
236 100
236 102
236 105
236 106
236 107
236 108
236 109
236 111
236 114
236 119
236 123
236 124
236 125
236 126
236 134
236 135
236 136
236 138
236 148
236 149
236 151
236 154
236 155
236 158
236 161
236 163
236 166
236 168
236 174
236 176
236 179
236 181
236 183
236 184
236 185
236 191
236 195
236 196
236 197
236 198
236 199
236 202
236 203
236 207
236 210
236 212
236 215
236 217
236 218
236 222
236 225
236 227
236 237
236 238
236 240
236 241
236 242
236 243
236 245
236 247
236 248
236 249
236 250
236 251
236 254
237 0
237 3
237 6
237 9
237 10
237 12
237 13
237 14
237 15
237 16
237 17
237 24
237 27
237 28
237 30
237 32
237 36
237 37
237 38
237 40
237 43
237 45
237 54
237 57
237 59
237 60
237 65
237 68
237 72
237 76
237 77
237 82
237 84
237 86
237 89
237 91
237 96
237 98
237 99
237 100
237 102
237 105
237 106
237 107
237 108
237 109
237 111
237 114
237 119
237 123
237 124
237 125
237 126
237 134
237 135
237 136
237 138
237 148
237 149
237 151
237 154
237 155
237 158
237 161
237 163
237 166
237 168
237 174
237 176
237 179
237 181
237 183
237 184
237 185
237 191
237 195
237 196
237 197
237 198
237 199
237 202
237 203
237 207
237 210
237 212
237 215
237 217
237 218
237 222
237 225
237 227
237 236
237 238
237 240
237 241
237 242
237 243
237 245
237 247
237 248
237 249
237 250
237 251
237 254
238 0
238 3
238 6
238 9
238 10
238 12
238 13
238 14
238 15
238 16
238 17
238 24
238 27
238 28
238 30
238 32
238 36
238 37
238 38
238 40
238 43
238 45
238 54
238 57
238 59
238 60
238 65
238 68
238 72
238 76
238 77
238 82
238 84
238 86
238 89
238 91
238 96
238 98
238 99
238 100
238 102
238 105
238 106
238 107
238 108
238 109
238 111
238 114
238 119
238 123
238 124
238 125
238 126
238 134
238 135
238 136
238 138
238 148
238 149
238 151
238 154
238 155
238 158
238 161
238 163
238 166
238 168
238 174
238 176
238 179
238 181
238 183
238 184
238 185
238 191
238 195
238 196
238 197
238 198
238 199
238 202
238 203
238 207
238 210
238 212
238 215
238 217
238 218
238 222
238 225
238 227
238 236
238 237
238 240
238 241
238 242
238 243
238 245
238 247
238 248
238 249
238 250
238 251
238 254
239 20
239 39
239 97
239 118
239 180
239 246
240 0
240 3
240 6
240 9
240 10
240 12
240 13
240 14
240 15
240 16
240 17
240 24
240 27
240 28
240 30
240 32
240 36
240 37
240 38
240 40
240 43
240 45
240 54
240 57
240 59
240 60
240 65
240 68
240 72
240 76
240 77
240 82
240 84
240 86
240 89
240 91
240 96
240 98
240 99
240 100
240 102
240 105
240 106
240 107
240 108
240 109
240 111
240 114
240 119
240 123
240 124
240 125
240 126
240 134
240 135
240 136
240 138
240 148
240 149
240 151
240 154
240 155
240 158
240 161
240 163
240 166
240 168
240 174
240 176
240 179
240 181
240 183
240 184
240 185
240 191
240 195
240 196
240 197
240 198
240 199
240 202
240 203
240 207
240 210
240 212
240 215
240 217
240 218
240 222
240 225
240 227
240 236
240 237
240 238
240 241
240 242
240 243
240 245
240 247
240 248
240 249
240 250
240 251
240 254
241 0
241 3
241 6
241 9
241 10
241 12
241 13
241 14
241 15
241 16
241 17
241 24
241 27
241 28
241 30
241 32
241 36
241 37
241 38
241 40
241 43
241 45
241 54
241 57
241 59
241 60
241 65
241 68
241 72
241 76
241 77
241 82
241 84
241 86
241 89
241 91
241 96
241 98
241 99
241 100
241 102
241 105
241 106
241 107
241 108
241 109
241 111
241 114
241 119
241 123
241 124
241 125
241 126
241 134
241 135
241 136
241 138
241 148
241 149
241 151
241 154
241 155
241 158
241 161
241 163
241 166
241 168
241 174
241 176
241 179
241 181
241 183
241 184
241 185
241 191
241 195
241 196
241 197
241 198
241 199
241 202
241 203
241 207
241 210
241 212
241 215
241 217
241 218
241 222
241 225
241 227
241 236
241 237
241 238
241 240
241 242
241 243
241 245
241 247
241 248
241 249
241 250
241 251
241 254
242 0
242 3
242 6
242 9
242 10
242 12
242 13
242 14
242 15
242 16
242 17
242 24
242 27
242 28
242 30
242 32
242 36
242 37
242 38
242 40
242 43
242 45
242 54
242 57
242 59
242 60
242 65
242 68
242 72
242 76
242 77
242 82
242 84
242 86
242 89
242 91
242 96
242 98
242 99
242 100
242 102
242 105
242 106
242 107
242 108
242 109
242 111
242 114
242 119
242 123
242 124
242 125
242 126
242 134
242 135
242 136
242 138
242 148
242 149
242 151
242 154
242 155
242 158
242 161
242 163
242 166
242 168
242 174
242 176
242 179
242 181
242 183
242 184
242 185
242 191
242 195
242 196
242 197
242 198
242 199
242 202
242 203
242 207
242 210
242 212
242 215
242 217
242 218
242 222
242 225
242 227
242 236
242 237
242 238
242 240
242 241
242 243
242 245
242 247
242 248
242 249
242 250
242 251
242 254
243 0
243 3
243 6
243 9
243 10
243 12
243 13
243 14
243 15
243 16
243 17
243 24
243 27
243 28
243 30
243 32
243 36
243 37
243 38
243 40
243 43
243 45
243 54
243 57
243 59
243 60
243 65
243 68
243 72
243 76
243 77
243 82
243 84
243 86
243 89
243 91
243 96
243 98
243 99
243 100
243 102
243 105
243 106
243 107
243 108
243 109
243 111
243 114
243 119
243 123
243 124
243 125
243 126
243 134
243 135
243 136
243 138
243 148
243 149
243 151
243 154
243 155
243 158
243 161
243 163
243 166
243 168
243 174
243 176
243 179
243 181
243 183
243 184
243 185
243 191
243 195
243 196
243 197
243 198
243 199
243 202
243 203
243 207
243 210
243 212
243 215
243 217
243 218
243 222
243 225
243 227
243 236
243 237
243 238
243 240
243 241
243 242
243 245
243 247
243 248
243 249
243 250
243 251
243 254
245 0
245 3
245 6
245 9
245 10
245 12
245 13
245 14
245 15
245 16
245 17
245 24
245 27
245 28
245 30
245 32
245 36
245 37
245 38
245 40
245 43
245 45
245 54
245 57
245 59
245 60
245 65
245 68
245 72
245 76
245 77
245 82
245 84
245 86
245 89
245 91
245 96
245 98
245 99
245 100
245 102
245 105
245 106
245 107
245 108
245 109
245 111
245 114
245 119
245 123
245 124
245 125
245 126
245 134
245 135
245 136
245 138
245 148
245 149
245 151
245 154
245 155
245 158
245 161
245 163
245 166
245 168
245 174
245 176
245 179
245 181
245 183
245 184
245 185
245 191
245 195
245 196
245 197
245 198
245 199
245 202
245 203
245 207
245 210
245 212
245 215
245 217
245 218
245 222
245 225
245 227
245 236
245 237
245 238
245 240
245 241
245 242
245 243
245 247
245 248
245 249
245 250
245 251
245 254
246 20
246 39
246 97
246 118
246 180
246 239
247 0
247 3
247 6
247 9
247 10
247 12
247 13
247 14
247 15
247 16
247 17
247 24
247 27
247 28
247 30
247 32
247 36
247 37
247 38
247 40
247 43
247 45
247 54
247 57
247 59
247 60
247 65
247 68
247 72
247 76
247 77
247 82
247 84
247 86
247 89
247 91
247 96
247 98
247 99
247 100
247 102
247 105
247 106
247 107
247 108
247 109
247 111
247 114
247 119
247 123
247 124
247 125
247 126
247 134
247 135
247 136
247 138
247 148
247 149
247 151
247 154
247 155
247 158
247 161
247 163
247 166
247 168
247 174
247 176
247 179
247 181
247 183
247 184
247 185
247 191
247 195
247 196
247 197
247 198
247 199
247 202
247 203
247 207
247 210
247 212
247 215
247 217
247 218
247 222
247 225
247 227
247 236
247 237
247 238
247 240
247 241
247 242
247 243
247 245
247 248
247 249
247 250
247 251
247 254
248 0
248 3
248 6
248 9
248 10
248 12
248 13
248 14
248 15
248 16
248 17
248 24
248 27
248 28
248 30
248 32
248 36
248 37
248 38
248 40
248 43
248 45
248 54
248 57
248 59
248 60
248 65
248 68
248 72
248 76
248 77
248 82
248 84
248 86
248 89
248 91
248 96
248 98
248 99
248 100
248 102
248 105
248 106
248 107
248 108
248 109
248 111
248 114
248 119
248 123
248 124
248 125
248 126
248 134
248 135
248 136
248 138
248 148
248 149
248 151
248 154
248 155
248 158
248 161
248 163
248 166
248 168
248 174
248 176
248 179
248 181
248 183
248 184
248 185
248 191
248 195
248 196
248 197
248 198
248 199
248 202
248 203
248 207
248 210
248 212
248 215
248 217
248 218
248 222
248 225
248 227
248 236
248 237
248 238
248 240
248 241
248 242
248 243
248 245
248 247
248 249
248 250
248 251
248 254
249 0
249 3
249 6
249 9
249 10
249 12
249 13
249 14
249 15
249 16
249 17
249 24
249 27
249 28
249 30
249 32
249 36
249 37
249 38
249 40
249 43
249 45
249 54
249 57
249 59
249 60
249 65
249 68
249 72
249 76
249 77
249 82
249 84
249 86
249 89
249 91
249 96
249 98
249 99
249 100
249 102
249 105
249 106
249 107
249 108
249 109
249 111
249 114
249 119
249 123
249 124
249 125
249 126
249 134
249 135
249 136
249 138
249 148
249 149
249 151
249 154
249 155
249 158
249 161
249 163
249 166
249 168
249 174
249 176
249 179
249 181
249 183
249 184
249 185
249 191
249 195
249 196
249 197
249 198
249 199
249 202
249 203
249 207
249 210
249 212
249 215
249 217
249 218
249 222
249 225
249 227
249 236
249 237
249 238
249 240
249 241
249 242
249 243
249 245
249 247
249 248
249 250
249 251
249 254
250 0
250 3
250 6
250 9
250 10
250 12
250 13
250 14
250 15
250 16
250 17
250 24
250 27
250 28
250 30
250 32
250 36
250 37
250 38
250 40
250 43
250 45
250 54
250 57
250 59
250 60
250 65
250 68
250 72
250 76
250 77
250 82
250 84
250 86
250 89
250 91
250 96
250 98
250 99
250 100
250 102
250 105
250 106
250 107
250 108
250 109
250 111
250 114
250 119
250 123
250 124
250 125
250 126
250 134
250 135
250 136
250 138
250 148
250 149
250 151
250 154
250 155
250 158
250 161
250 163
250 166
250 168
250 174
250 176
250 179
250 181
250 183
250 184
250 185
250 191
250 195
250 196
250 197
250 198
250 199
250 202
250 203
250 207
250 210
250 212
250 215
250 217
250 218
250 222
250 225
250 227
250 236
250 237
250 238
250 240
250 241
250 242
250 243
250 245
250 247
250 248
250 249
250 251
250 254
251 0
251 3
251 6
251 9
251 10
251 12
251 13
251 14
251 15
251 16
251 17
251 24
251 27
251 28
251 30
251 32
251 36
251 37
251 38
251 40
251 43
251 45
251 54
251 57
251 59
251 60
251 65
251 68
251 72
251 76
251 77
251 82
251 84
251 86
251 89
251 91
251 96
251 98
251 99
251 100
251 102
251 105
251 106
251 107
251 108
251 109
251 111
251 114
251 119
251 123
251 124
251 125
251 126
251 134
251 135
251 136
251 138
251 148
251 149
251 151
251 154
251 155
251 158
251 161
251 163
251 166
251 168
251 174
251 176
251 179
251 181
251 183
251 184
251 185
251 191
251 195
251 196
251 197
251 198
251 199
251 202
251 203
251 207
251 210
251 212
251 215
251 217
251 218
251 222
251 225
251 227
251 236
251 237
251 238
251 240
251 241
251 242
251 243
251 245
251 247
251 248
251 249
251 250
251 254
254 0
254 3
254 6
254 9
254 10
254 12
254 13
254 14
254 15
254 16
254 17
254 24
254 27
254 28
254 30
254 32
254 36
254 37
254 38
254 40
254 43
254 45
254 54
254 57
254 59
254 60
254 65
254 68
254 72
254 76
254 77
254 82
254 84
254 86
254 89
254 91
254 96
254 98
254 99
254 100
254 102
254 105
254 106
254 107
254 108
254 109
254 111
254 114
254 119
254 123
254 124
254 125
254 126
254 134
254 135
254 136
254 138
254 148
254 149
254 151
254 154
254 155
254 158
254 161
254 163
254 166
254 168
254 174
254 176
254 179
254 181
254 183
254 184
254 185
254 191
254 195
254 196
254 197
254 198
254 199
254 202
254 203
254 207
254 210
254 212
254 215
254 217
254 218
254 222
254 225
254 227
254 236
254 237
254 238
254 240
254 241
254 242
254 243
254 245
254 247
254 248
254 249
254 250
254 251
255 162
