512 2654
0 276
2 9
2 11
2 70
2 151
2 184
2 217
2 256
2 260
2 316
2 324
2 355
3 79
3 370
3 468
4 16
5 140
5 150
5 216
5 221
5 252
5 319
5 345
5 352
5 358
5 372
7 282
8 477
9 2
9 11
9 70
9 151
9 184
9 217
9 256
9 260
9 316
9 324
9 355
10 399
11 2
11 9
11 70
11 151
11 184
11 217
11 256
11 260
11 316
11 324
11 355
13 49
14 52
14 118
14 132
14 226
14 263
14 286
14 373
14 410
14 434
15 130
16 4
17 430
18 47
18 131
19 29
19 48
19 55
19 56
19 63
19 64
19 81
19 83
19 94
19 103
19 104
19 122
19 141
19 145
19 153
19 165
19 188
19 194
19 219
19 231
19 234
19 235
19 239
19 258
19 267
19 273
19 284
19 294
19 296
19 297
19 328
19 347
19 359
19 368
19 407
19 418
19 422
19 437
19 450
19 478
19 487
21 196
22 156
22 190
22 210
22 335
22 387
22 403
22 423
23 310
23 469
24 78
24 96
24 414
24 447
24 503
26 442
29 19
29 48
29 55
29 56
29 63
29 64
29 81
29 83
29 94
29 103
29 104
29 122
29 141
29 145
29 153
29 165
29 188
29 194
29 219
29 231
29 234
29 235
29 239
29 258
29 267
29 273
29 284
29 294
29 296
29 297
29 328
29 347
29 359
29 368
29 407
29 418
29 422
29 437
29 450
29 478
29 487
33 159
35 400
36 85
38 162
40 181
40 186
40 353
41 482
43 220
43 331
43 411
44 120
44 124
44 257
44 366
44 462
44 473
46 201
47 18
47 131
48 19
48 29
48 55
48 56
48 63
48 64
48 81
48 83
48 94
48 103
48 104
48 122
48 141
48 145
48 153
48 165
48 188
48 194
48 219
48 231
48 234
48 235
48 239
48 258
48 267
48 273
48 284
48 294
48 296
48 297
48 328
48 347
48 359
48 368
48 407
48 418
48 422
48 437
48 450
48 478
48 487
49 13
52 14
52 118
52 132
52 226
52 263
52 286
52 373
52 410
52 434
53 209
53 449
55 19
55 29
55 48
55 56
55 63
55 64
55 81
55 83
55 94
55 103
55 104
55 122
55 141
55 145
55 153
55 165
55 188
55 194
55 219
55 231
55 234
55 235
55 239
55 258
55 267
55 273
55 284
55 294
55 296
55 297
55 328
55 347
55 359
55 368
55 407
55 418
55 422
55 437
55 450
55 478
55 487
56 19
56 29
56 48
56 55
56 63
56 64
56 81
56 83
56 94
56 103
56 104
56 122
56 141
56 145
56 153
56 165
56 188
56 194
56 219
56 231
56 234
56 235
56 239
56 258
56 267
56 273
56 284
56 294
56 296
56 297
56 328
56 347
56 359
56 368
56 407
56 418
56 422
56 437
56 450
56 478
56 487
57 466
57 500
57 509
58 66
58 332
63 19
63 29
63 48
63 55
63 56
63 64
63 81
63 83
63 94
63 103
63 104
63 122
63 141
63 145
63 153
63 165
63 188
63 194
63 219
63 231
63 234
63 235
63 239
63 258
63 267
63 273
63 284
63 294
63 296
63 297
63 328
63 347
63 359
63 368
63 407
63 418
63 422
63 437
63 450
63 478
63 487
64 19
64 29
64 48
64 55
64 56
64 63
64 81
64 83
64 94
64 103
64 104
64 122
64 141
64 145
64 153
64 165
64 188
64 194
64 219
64 231
64 234
64 235
64 239
64 258
64 267
64 273
64 284
64 294
64 296
64 297
64 328
64 347
64 359
64 368
64 407
64 418
64 422
64 437
64 450
64 478
64 487
65 292
66 58
66 332
67 206
67 308
67 412
69 154
70 2
70 9
70 11
70 151
70 184
70 217
70 256
70 260
70 316
70 324
70 355
71 168
71 254
71 279
72 126
72 164
72 298
72 382
73 143
73 506
75 108
76 102
76 227
76 393
77 465
78 24
78 96
78 414
78 447
78 503
79 3
79 370
79 468
80 161
80 350
81 19
81 29
81 48
81 55
81 56
81 63
81 64
81 83
81 94
81 103
81 104
81 122
81 141
81 145
81 153
81 165
81 188
81 194
81 219
81 231
81 234
81 235
81 239
81 258
81 267
81 273
81 284
81 294
81 296
81 297
81 328
81 347
81 359
81 368
81 407
81 418
81 422
81 437
81 450
81 478
81 487
83 19
83 29
83 48
83 55
83 56
83 63
83 64
83 81
83 94
83 103
83 104
83 122
83 141
83 145
83 153
83 165
83 188
83 194
83 219
83 231
83 234
83 235
83 239
83 258
83 267
83 273
83 284
83 294
83 296
83 297
83 328
83 347
83 359
83 368
83 407
83 418
83 422
83 437
83 450
83 478
83 487
85 36
86 264
86 419
86 464
88 431
89 187
90 300
90 360
90 492
92 116
94 19
94 29
94 48
94 55
94 56
94 63
94 64
94 81
94 83
94 103
94 104
94 122
94 141
94 145
94 153
94 165
94 188
94 194
94 219
94 231
94 234
94 235
94 239
94 258
94 267
94 273
94 284
94 294
94 296
94 297
94 328
94 347
94 359
94 368
94 407
94 418
94 422
94 437
94 450
94 478
94 487
96 24
96 78
96 414
96 447
96 503
98 180
98 326
98 396
99 496
100 302
101 275
102 76
102 227
102 393
103 19
103 29
103 48
103 55
103 56
103 63
103 64
103 81
103 83
103 94
103 104
103 122
103 141
103 145
103 153
103 165
103 188
103 194
103 219
103 231
103 234
103 235
103 239
103 258
103 267
103 273
103 284
103 294
103 296
103 297
103 328
103 347
103 359
103 368
103 407
103 418
103 422
103 437
103 450
103 478
103 487
104 19
104 29
104 48
104 55
104 56
104 63
104 64
104 81
104 83
104 94
104 103
104 122
104 141
104 145
104 153
104 165
104 188
104 194
104 219
104 231
104 234
104 235
104 239
104 258
104 267
104 273
104 284
104 294
104 296
104 297
104 328
104 347
104 359
104 368
104 407
104 418
104 422
104 437
104 450
104 478
104 487
105 306
105 307
105 463
107 241
108 75
111 198
111 309
111 342
111 424
111 453
113 125
113 152
113 438
114 170
114 248
114 270
114 376
114 475
116 92
118 14
118 52
118 132
118 226
118 263
118 286
118 373
118 410
118 434
120 44
120 124
120 257
120 366
120 462
120 473
121 288
122 19
122 29
122 48
122 55
122 56
122 63
122 64
122 81
122 83
122 94
122 103
122 104
122 141
122 145
122 153
122 165
122 188
122 194
122 219
122 231
122 234
122 235
122 239
122 258
122 267
122 273
122 284
122 294
122 296
122 297
122 328
122 347
122 359
122 368
122 407
122 418
122 422
122 437
122 450
122 478
122 487
123 383
124 44
124 120
124 257
124 366
124 462
124 473
125 113
125 152
125 438
126 72
126 164
126 298
126 382
130 15
131 18
131 47
132 14
132 52
132 118
132 226
132 263
132 286
132 373
132 410
132 434
133 446
135 182
135 333
137 158
137 341
137 432
140 5
140 150
140 216
140 221
140 252
140 319
140 345
140 352
140 358
140 372
141 19
141 29
141 48
141 55
141 56
141 63
141 64
141 81
141 83
141 94
141 103
141 104
141 122
141 145
141 153
141 165
141 188
141 194
141 219
141 231
141 234
141 235
141 239
141 258
141 267
141 273
141 284
141 294
141 296
141 297
141 328
141 347
141 359
141 368
141 407
141 418
141 422
141 437
141 450
141 478
141 487
143 73
143 506
145 19
145 29
145 48
145 55
145 56
145 63
145 64
145 81
145 83
145 94
145 103
145 104
145 122
145 141
145 153
145 165
145 188
145 194
145 219
145 231
145 234
145 235
145 239
145 258
145 267
145 273
145 284
145 294
145 296
145 297
145 328
145 347
145 359
145 368
145 407
145 418
145 422
145 437
145 450
145 478
145 487
149 199
149 253
149 255
149 511
150 5
150 140
150 216
150 221
150 252
150 319
150 345
150 352
150 358
150 372
151 2
151 9
151 11
151 70
151 184
151 217
151 256
151 260
151 316
151 324
151 355
152 113
152 125
152 438
153 19
153 29
153 48
153 55
153 56
153 63
153 64
153 81
153 83
153 94
153 103
153 104
153 122
153 141
153 145
153 165
153 188
153 194
153 219
153 231
153 234
153 235
153 239
153 258
153 267
153 273
153 284
153 294
153 296
153 297
153 328
153 347
153 359
153 368
153 407
153 418
153 422
153 437
153 450
153 478
153 487
154 69
156 22
156 190
156 210
156 335
156 387
156 403
156 423
158 137
158 341
158 432
159 33
161 80
161 350
162 38
163 325
164 72
164 126
164 298
164 382
165 19
165 29
165 48
165 55
165 56
165 63
165 64
165 81
165 83
165 94
165 103
165 104
165 122
165 141
165 145
165 153
165 188
165 194
165 219
165 231
165 234
165 235
165 239
165 258
165 267
165 273
165 284
165 294
165 296
165 297
165 328
165 347
165 359
165 368
165 407
165 418
165 422
165 437
165 450
165 478
165 487
168 71
168 254
168 279
170 114
170 248
170 270
170 376
170 475
172 281
178 494
179 189
179 386
179 388
179 443
180 98
180 326
180 396
181 40
181 186
181 353
182 135
182 333
184 2
184 9
184 11
184 70
184 151
184 217
184 256
184 260
184 316
184 324
184 355
185 247
186 40
186 181
186 353
187 89
188 19
188 29
188 48
188 55
188 56
188 63
188 64
188 81
188 83
188 94
188 103
188 104
188 122
188 141
188 145
188 153
188 165
188 194
188 219
188 231
188 234
188 235
188 239
188 258
188 267
188 273
188 284
188 294
188 296
188 297
188 328
188 347
188 359
188 368
188 407
188 418
188 422
188 437
188 450
188 478
188 487
189 179
189 386
189 388
189 443
190 22
190 156
190 210
190 335
190 387
190 403
190 423
194 19
194 29
194 48
194 55
194 56
194 63
194 64
194 81
194 83
194 94
194 103
194 104
194 122
194 141
194 145
194 153
194 165
194 188
194 219
194 231
194 234
194 235
194 239
194 258
194 267
194 273
194 284
194 294
194 296
194 297
194 328
194 347
194 359
194 368
194 407
194 418
194 422
194 437
194 450
194 478
194 487
195 343
196 21
198 111
198 309
198 342
198 424
198 453
199 149
199 253
199 255
199 511
200 291
201 46
202 489
205 363
205 413
206 67
206 308
206 412
208 272
208 481
209 53
209 449
210 22
210 156
210 190
210 335
210 387
210 403
210 423
214 406
215 348
216 5
216 140
216 150
216 221
216 252
216 319
216 345
216 352
216 358
216 372
217 2
217 9
217 11
217 70
217 151
217 184
217 256
217 260
217 316
217 324
217 355
219 19
219 29
219 48
219 55
219 56
219 63
219 64
219 81
219 83
219 94
219 103
219 104
219 122
219 141
219 145
219 153
219 165
219 188
219 194
219 231
219 234
219 235
219 239
219 258
219 267
219 273
219 284
219 294
219 296
219 297
219 328
219 347
219 359
219 368
219 407
219 418
219 422
219 437
219 450
219 478
219 487
220 43
220 331
220 411
221 5
221 140
221 150
221 216
221 252
221 319
221 345
221 352
221 358
221 372
224 502
226 14
226 52
226 118
226 132
226 263
226 286
226 373
226 410
226 434
227 76
227 102
227 393
228 429
231 19
231 29
231 48
231 55
231 56
231 63
231 64
231 81
231 83
231 94
231 103
231 104
231 122
231 141
231 145
231 153
231 165
231 188
231 194
231 219
231 234
231 235
231 239
231 258
231 267
231 273
231 284
231 294
231 296
231 297
231 328
231 347
231 359
231 368
231 407
231 418
231 422
231 437
231 450
231 478
231 487
233 320
234 19
234 29
234 48
234 55
234 56
234 63
234 64
234 81
234 83
234 94
234 103
234 104
234 122
234 141
234 145
234 153
234 165
234 188
234 194
234 219
234 231
234 235
234 239
234 258
234 267
234 273
234 284
234 294
234 296
234 297
234 328
234 347
234 359
234 368
234 407
234 418
234 422
234 437
234 450
234 478
234 487
235 19
235 29
235 48
235 55
235 56
235 63
235 64
235 81
235 83
235 94
235 103
235 104
235 122
235 141
235 145
235 153
235 165
235 188
235 194
235 219
235 231
235 234
235 239
235 258
235 267
235 273
235 284
235 294
235 296
235 297
235 328
235 347
235 359
235 368
235 407
235 418
235 422
235 437
235 450
235 478
235 487
239 19
239 29
239 48
239 55
239 56
239 63
239 64
239 81
239 83
239 94
239 103
239 104
239 122
239 141
239 145
239 153
239 165
239 188
239 194
239 219
239 231
239 234
239 235
239 258
239 267
239 273
239 284
239 294
239 296
239 297
239 328
239 347
239 359
239 368
239 407
239 418
239 422
239 437
239 450
239 478
239 487
240 261
241 107
246 295
247 185
248 114
248 170
248 270
248 376
248 475
250 486
251 268
252 5
252 140
252 150
252 216
252 221
252 319
252 345
252 352
252 358
252 372
253 149
253 199
253 255
253 511
254 71
254 168
254 279
255 149
255 199
255 253
255 511
256 2
256 9
256 11
256 70
256 151
256 184
256 217
256 260
256 316
256 324
256 355
257 44
257 120
257 124
257 366
257 462
257 473
258 19
258 29
258 48
258 55
258 56
258 63
258 64
258 81
258 83
258 94
258 103
258 104
258 122
258 141
258 145
258 153
258 165
258 188
258 194
258 219
258 231
258 234
258 235
258 239
258 267
258 273
258 284
258 294
258 296
258 297
258 328
258 347
258 359
258 368
258 407
258 418
258 422
258 437
258 450
258 478
258 487
260 2
260 9
260 11
260 70
260 151
260 184
260 217
260 256
260 316
260 324
260 355
261 240
263 14
263 52
263 118
263 132
263 226
263 286
263 373
263 410
263 434
264 86
264 419
264 464
266 459
266 491
267 19
267 29
267 48
267 55
267 56
267 63
267 64
267 81
267 83
267 94
267 103
267 104
267 122
267 141
267 145
267 153
267 165
267 188
267 194
267 219
267 231
267 234
267 235
267 239
267 258
267 273
267 284
267 294
267 296
267 297
267 328
267 347
267 359
267 368
267 407
267 418
267 422
267 437
267 450
267 478
267 487
268 251
270 114
270 170
270 248
270 376
270 475
272 208
272 481
273 19
273 29
273 48
273 55
273 56
273 63
273 64
273 81
273 83
273 94
273 103
273 104
273 122
273 141
273 145
273 153
273 165
273 188
273 194
273 219
273 231
273 234
273 235
273 239
273 258
273 267
273 284
273 294
273 296
273 297
273 328
273 347
273 359
273 368
273 407
273 418
273 422
273 437
273 450
273 478
273 487
275 101
276 0
277 427
279 71
279 168
279 254
280 474
281 172
282 7
283 339
283 451
284 19
284 29
284 48
284 55
284 56
284 63
284 64
284 81
284 83
284 94
284 103
284 104
284 122
284 141
284 145
284 153
284 165
284 188
284 194
284 219
284 231
284 234
284 235
284 239
284 258
284 267
284 273
284 294
284 296
284 297
284 328
284 347
284 359
284 368
284 407
284 418
284 422
284 437
284 450
284 478
284 487
286 14
286 52
286 118
286 132
286 226
286 263
286 373
286 410
286 434
288 121
290 460
291 200
292 65
294 19
294 29
294 48
294 55
294 56
294 63
294 64
294 81
294 83
294 94
294 103
294 104
294 122
294 141
294 145
294 153
294 165
294 188
294 194
294 219
294 231
294 234
294 235
294 239
294 258
294 267
294 273
294 284
294 296
294 297
294 328
294 347
294 359
294 368
294 407
294 418
294 422
294 437
294 450
294 478
294 487
295 246
296 19
296 29
296 48
296 55
296 56
296 63
296 64
296 81
296 83
296 94
296 103
296 104
296 122
296 141
296 145
296 153
296 165
296 188
296 194
296 219
296 231
296 234
296 235
296 239
296 258
296 267
296 273
296 284
296 294
296 297
296 328
296 347
296 359
296 368
296 407
296 418
296 422
296 437
296 450
296 478
296 487
297 19
297 29
297 48
297 55
297 56
297 63
297 64
297 81
297 83
297 94
297 103
297 104
297 122
297 141
297 145
297 153
297 165
297 188
297 194
297 219
297 231
297 234
297 235
297 239
297 258
297 267
297 273
297 284
297 294
297 296
297 328
297 347
297 359
297 368
297 407
297 418
297 422
297 437
297 450
297 478
297 487
298 72
298 126
298 164
298 382
300 90
300 360
300 492
302 100
304 420
305 441
306 105
306 307
306 463
307 105
307 306
307 463
308 67
308 206
308 412
309 111
309 198
309 342
309 424
309 453
310 23
310 469
314 415
315 327
316 2
316 9
316 11
316 70
316 151
316 184
316 217
316 256
316 260
316 324
316 355
319 5
319 140
319 150
319 216
319 221
319 252
319 345
319 352
319 358
319 372
320 233
324 2
324 9
324 11
324 70
324 151
324 184
324 217
324 256
324 260
324 316
324 355
325 163
326 98
326 180
326 396
327 315
328 19
328 29
328 48
328 55
328 56
328 63
328 64
328 81
328 83
328 94
328 103
328 104
328 122
328 141
328 145
328 153
328 165
328 188
328 194
328 219
328 231
328 234
328 235
328 239
328 258
328 267
328 273
328 284
328 294
328 296
328 297
328 347
328 359
328 368
328 407
328 418
328 422
328 437
328 450
328 478
328 487
331 43
331 220
331 411
332 58
332 66
333 135
333 182
335 22
335 156
335 190
335 210
335 387
335 403
335 423
338 485
339 283
339 451
341 137
341 158
341 432
342 111
342 198
342 309
342 424
342 453
343 195
345 5
345 140
345 150
345 216
345 221
345 252
345 319
345 352
345 358
345 372
347 19
347 29
347 48
347 55
347 56
347 63
347 64
347 81
347 83
347 94
347 103
347 104
347 122
347 141
347 145
347 153
347 165
347 188
347 194
347 219
347 231
347 234
347 235
347 239
347 258
347 267
347 273
347 284
347 294
347 296
347 297
347 328
347 359
347 368
347 407
347 418
347 422
347 437
347 450
347 478
347 487
348 215
350 80
350 161
352 5
352 140
352 150
352 216
352 221
352 252
352 319
352 345
352 358
352 372
353 40
353 181
353 186
355 2
355 9
355 11
355 70
355 151
355 184
355 217
355 256
355 260
355 316
355 324
356 499
358 5
358 140
358 150
358 216
358 221
358 252
358 319
358 345
358 352
358 372
359 19
359 29
359 48
359 55
359 56
359 63
359 64
359 81
359 83
359 94
359 103
359 104
359 122
359 141
359 145
359 153
359 165
359 188
359 194
359 219
359 231
359 234
359 235
359 239
359 258
359 267
359 273
359 284
359 294
359 296
359 297
359 328
359 347
359 368
359 407
359 418
359 422
359 437
359 450
359 478
359 487
360 90
360 300
360 492
363 205
363 413
365 490
366 44
366 120
366 124
366 257
366 462
366 473
368 19
368 29
368 48
368 55
368 56
368 63
368 64
368 81
368 83
368 94
368 103
368 104
368 122
368 141
368 145
368 153
368 165
368 188
368 194
368 219
368 231
368 234
368 235
368 239
368 258
368 267
368 273
368 284
368 294
368 296
368 297
368 328
368 347
368 359
368 407
368 418
368 422
368 437
368 450
368 478
368 487
370 3
370 79
370 468
371 452
371 495
372 5
372 140
372 150
372 216
372 221
372 252
372 319
372 345
372 352
372 358
373 14
373 52
373 118
373 132
373 226
373 263
373 286
373 410
373 434
375 497
376 114
376 170
376 248
376 270
376 475
377 448
377 455
381 471
382 72
382 126
382 164
382 298
383 123
386 179
386 189
386 388
386 443
387 22
387 156
387 190
387 210
387 335
387 403
387 423
388 179
388 189
388 386
388 443
393 76
393 102
393 227
396 98
396 180
396 326
399 10
400 35
403 22
403 156
403 190
403 210
403 335
403 387
403 423
406 214
407 19
407 29
407 48
407 55
407 56
407 63
407 64
407 81
407 83
407 94
407 103
407 104
407 122
407 141
407 145
407 153
407 165
407 188
407 194
407 219
407 231
407 234
407 235
407 239
407 258
407 267
407 273
407 284
407 294
407 296
407 297
407 328
407 347
407 359
407 368
407 418
407 422
407 437
407 450
407 478
407 487
410 14
410 52
410 118
410 132
410 226
410 263
410 286
410 373
410 434
411 43
411 220
411 331
412 67
412 206
412 308
413 205
413 363
414 24
414 78
414 96
414 447
414 503
415 314
418 19
418 29
418 48
418 55
418 56
418 63
418 64
418 81
418 83
418 94
418 103
418 104
418 122
418 141
418 145
418 153
418 165
418 188
418 194
418 219
418 231
418 234
418 235
418 239
418 258
418 267
418 273
418 284
418 294
418 296
418 297
418 328
418 347
418 359
418 368
418 407
418 422
418 437
418 450
418 478
418 487
419 86
419 264
419 464
420 304
422 19
422 29
422 48
422 55
422 56
422 63
422 64
422 81
422 83
422 94
422 103
422 104
422 122
422 141
422 145
422 153
422 165
422 188
422 194
422 219
422 231
422 234
422 235
422 239
422 258
422 267
422 273
422 284
422 294
422 296
422 297
422 328
422 347
422 359
422 368
422 407
422 418
422 437
422 450
422 478
422 487
423 22
423 156
423 190
423 210
423 335
423 387
423 403
424 111
424 198
424 309
424 342
424 453
427 277
429 228
430 17
431 88
432 137
432 158
432 341
434 14
434 52
434 118
434 132
434 226
434 263
434 286
434 373
434 410
437 19
437 29
437 48
437 55
437 56
437 63
437 64
437 81
437 83
437 94
437 103
437 104
437 122
437 141
437 145
437 153
437 165
437 188
437 194
437 219
437 231
437 234
437 235
437 239
437 258
437 267
437 273
437 284
437 294
437 296
437 297
437 328
437 347
437 359
437 368
437 407
437 418
437 422
437 450
437 478
437 487
438 113
438 125
438 152
440 461
441 305
442 26
443 179
443 189
443 386
443 388
446 133
447 24
447 78
447 96
447 414
447 503
448 377
448 455
449 53
449 209
450 19
450 29
450 48
450 55
450 56
450 63
450 64
450 81
450 83
450 94
450 103
450 104
450 122
450 141
450 145
450 153
450 165
450 188
450 194
450 219
450 231
450 234
450 235
450 239
450 258
450 267
450 273
450 284
450 294
450 296
450 297
450 328
450 347
450 359
450 368
450 407
450 418
450 422
450 437
450 478
450 487
451 283
451 339
452 371
452 495
453 111
453 198
453 309
453 342
453 424
455 377
455 448
459 266
459 491
460 290
461 440
462 44
462 120
462 124
462 257
462 366
462 473
463 105
463 306
463 307
464 86
464 264
464 419
465 77
466 57
466 500
466 509
468 3
468 79
468 370
469 23
469 310
471 381
473 44
473 120
473 124
473 257
473 366
473 462
474 280
475 114
475 170
475 248
475 270
475 376
477 8
478 19
478 29
478 48
478 55
478 56
478 63
478 64
478 81
478 83
478 94
478 103
478 104
478 122
478 141
478 145
478 153
478 165
478 188
478 194
478 219
478 231
478 234
478 235
478 239
478 258
478 267
478 273
478 284
478 294
478 296
478 297
478 328
478 347
478 359
478 368
478 407
478 418
478 422
478 437
478 450
478 487
481 208
481 272
482 41
485 338
486 250
487 19
487 29
487 48
487 55
487 56
487 63
487 64
487 81
487 83
487 94
487 103
487 104
487 122
487 141
487 145
487 153
487 165
487 188
487 194
487 219
487 231
487 234
487 235
487 239
487 258
487 267
487 273
487 284
487 294
487 296
487 297
487 328
487 347
487 359
487 368
487 407
487 418
487 422
487 437
487 450
487 478
489 202
490 365
491 266
491 459
492 90
492 300
492 360
494 178
495 371
495 452
496 99
497 375
499 356
500 57
500 466
500 509
502 224
503 24
503 78
503 96
503 414
503 447
506 73
506 143
509 57
509 466
509 500
511 149
511 199
511 253
511 255
