256 3778
0 52
0 100
1 89
1 120
2 68
3 73
3 133
3 151
3 206
3 229
3 239
4 187
4 214
5 7
5 10
5 13
5 16
5 17
5 20
5 22
5 26
5 33
5 36
5 38
5 39
5 41
5 57
5 61
5 67
5 74
5 85
5 108
5 118
5 119
5 121
5 125
5 126
5 127
5 136
5 138
5 140
5 150
5 157
5 159
5 161
5 164
5 166
5 168
5 171
5 181
5 192
5 205
5 216
5 220
5 221
5 224
5 225
5 226
5 230
5 233
5 238
5 241
5 252
5 253
5 254
7 5
7 10
7 13
7 16
7 17
7 20
7 22
7 26
7 33
7 36
7 38
7 39
7 41
7 57
7 61
7 67
7 74
7 85
7 108
7 118
7 119
7 121
7 125
7 126
7 127
7 136
7 138
7 140
7 150
7 157
7 159
7 161
7 164
7 166
7 168
7 171
7 181
7 192
7 205
7 216
7 220
7 221
7 224
7 225
7 226
7 230
7 233
7 238
7 241
7 252
7 253
7 254
10 5
10 7
10 13
10 16
10 17
10 20
10 22
10 26
10 33
10 36
10 38
10 39
10 41
10 57
10 61
10 67
10 74
10 85
10 108
10 118
10 119
10 121
10 125
10 126
10 127
10 136
10 138
10 140
10 150
10 157
10 159
10 161
10 164
10 166
10 168
10 171
10 181
10 192
10 205
10 216
10 220
10 221
10 224
10 225
10 226
10 230
10 233
10 238
10 241
10 252
10 253
10 254
12 15
12 28
12 32
12 37
12 54
12 65
12 82
12 84
12 91
12 109
12 111
12 124
12 148
12 149
12 158
12 185
12 191
12 196
12 197
12 199
12 203
12 207
12 218
12 222
12 227
12 237
12 247
12 248
12 249
13 5
13 7
13 10
13 16
13 17
13 20
13 22
13 26
13 33
13 36
13 38
13 39
13 41
13 57
13 61
13 67
13 74
13 85
13 108
13 118
13 119
13 121
13 125
13 126
13 127
13 136
13 138
13 140
13 150
13 157
13 159
13 161
13 164
13 166
13 168
13 171
13 181
13 192
13 205
13 216
13 220
13 221
13 224
13 225
13 226
13 230
13 233
13 238
13 241
13 252
13 253
13 254
15 12
15 28
15 32
15 37
15 54
15 65
15 82
15 84
15 91
15 109
15 111
15 124
15 148
15 149
15 158
15 185
15 191
15 196
15 197
15 199
15 203
15 207
15 218
15 222
15 227
15 237
15 247
15 248
15 249
16 5
16 7
16 10
16 13
16 17
16 20
16 22
16 26
16 33
16 36
16 38
16 39
16 41
16 57
16 61
16 67
16 74
16 85
16 108
16 118
16 119
16 121
16 125
16 126
16 127
16 136
16 138
16 140
16 150
16 157
16 159
16 161
16 164
16 166
16 168
16 171
16 181
16 192
16 205
16 216
16 220
16 221
16 224
16 225
16 226
16 230
16 233
16 238
16 241
16 252
16 253
16 254
17 5
17 7
17 10
17 13
17 16
17 20
17 22
17 26
17 33
17 36
17 38
17 39
17 41
17 57
17 61
17 67
17 74
17 85
17 108
17 118
17 119
17 121
17 125
17 126
17 127
17 136
17 138
17 140
17 150
17 157
17 159
17 161
17 164
17 166
17 168
17 171
17 181
17 192
17 205
17 216
17 220
17 221
17 224
17 225
17 226
17 230
17 233
17 238
17 241
17 252
17 253
17 254
20 5
20 7
20 10
20 13
20 16
20 17
20 22
20 26
20 33
20 36
20 38
20 39
20 41
20 57
20 61
20 67
20 74
20 85
20 108
20 118
20 119
20 121
20 125
20 126
20 127
20 136
20 138
20 140
20 150
20 157
20 159
20 161
20 164
20 166
20 168
20 171
20 181
20 192
20 205
20 216
20 220
20 221
20 224
20 225
20 226
20 230
20 233
20 238
20 241
20 252
20 253
20 254
22 5
22 7
22 10
22 13
22 16
22 17
22 20
22 26
22 33
22 36
22 38
22 39
22 41
22 57
22 61
22 67
22 74
22 85
22 108
22 118
22 119
22 121
22 125
22 126
22 127
22 136
22 138
22 140
22 150
22 157
22 159
22 161
22 164
22 166
22 168
22 171
22 181
22 192
22 205
22 216
22 220
22 221
22 224
22 225
22 226
22 230
22 233
22 238
22 241
22 252
22 253
22 254
25 86
26 5
26 7
26 10
26 13
26 16
26 17
26 20
26 22
26 33
26 36
26 38
26 39
26 41
26 57
26 61
26 67
26 74
26 85
26 108
26 118
26 119
26 121
26 125
26 126
26 127
26 136
26 138
26 140
26 150
26 157
26 159
26 161
26 164
26 166
26 168
26 171
26 181
26 192
26 205
26 216
26 220
26 221
26 224
26 225
26 226
26 230
26 233
26 238
26 241
26 252
26 253
26 254
28 12
28 15
28 32
28 37
28 54
28 65
28 82
28 84
28 91
28 109
28 111
28 124
28 148
28 149
28 158
28 185
28 191
28 196
28 197
28 199
28 203
28 207
28 218
28 222
28 227
28 237
28 247
28 248
28 249
30 209
32 12
32 15
32 28
32 37
32 54
32 65
32 82
32 84
32 91
32 109
32 111
32 124
32 148
32 149
32 158
32 185
32 191
32 196
32 197
32 199
32 203
32 207
32 218
32 222
32 227
32 237
32 247
32 248
32 249
33 5
33 7
33 10
33 13
33 16
33 17
33 20
33 22
33 26
33 36
33 38
33 39
33 41
33 57
33 61
33 67
33 74
33 85
33 108
33 118
33 119
33 121
33 125
33 126
33 127
33 136
33 138
33 140
33 150
33 157
33 159
33 161
33 164
33 166
33 168
33 171
33 181
33 192
33 205
33 216
33 220
33 221
33 224
33 225
33 226
33 230
33 233
33 238
33 241
33 252
33 253
33 254
34 51
34 212
35 115
36 5
36 7
36 10
36 13
36 16
36 17
36 20
36 22
36 26
36 33
36 38
36 39
36 41
36 57
36 61
36 67
36 74
36 85
36 108
36 118
36 119
36 121
36 125
36 126
36 127
36 136
36 138
36 140
36 150
36 157
36 159
36 161
36 164
36 166
36 168
36 171
36 181
36 192
36 205
36 216
36 220
36 221
36 224
36 225
36 226
36 230
36 233
36 238
36 241
36 252
36 253
36 254
37 12
37 15
37 28
37 32
37 54
37 65
37 82
37 84
37 91
37 109
37 111
37 124
37 148
37 149
37 158
37 185
37 191
37 196
37 197
37 199
37 203
37 207
37 218
37 222
37 227
37 237
37 247
37 248
37 249
38 5
38 7
38 10
38 13
38 16
38 17
38 20
38 22
38 26
38 33
38 36
38 39
38 41
38 57
38 61
38 67
38 74
38 85
38 108
38 118
38 119
38 121
38 125
38 126
38 127
38 136
38 138
38 140
38 150
38 157
38 159
38 161
38 164
38 166
38 168
38 171
38 181
38 192
38 205
38 216
38 220
38 221
38 224
38 225
38 226
38 230
38 233
38 238
38 241
38 252
38 253
38 254
39 5
39 7
39 10
39 13
39 16
39 17
39 20
39 22
39 26
39 33
39 36
39 38
39 41
39 57
39 61
39 67
39 74
39 85
39 108
39 118
39 119
39 121
39 125
39 126
39 127
39 136
39 138
39 140
39 150
39 157
39 159
39 161
39 164
39 166
39 168
39 171
39 181
39 192
39 205
39 216
39 220
39 221
39 224
39 225
39 226
39 230
39 233
39 238
39 241
39 252
39 253
39 254
40 50
41 5
41 7
41 10
41 13
41 16
41 17
41 20
41 22
41 26
41 33
41 36
41 38
41 39
41 57
41 61
41 67
41 74
41 85
41 108
41 118
41 119
41 121
41 125
41 126
41 127
41 136
41 138
41 140
41 150
41 157
41 159
41 161
41 164
41 166
41 168
41 171
41 181
41 192
41 205
41 216
41 220
41 221
41 224
41 225
41 226
41 230
41 233
41 238
41 241
41 252
41 253
41 254
42 189
45 180
45 182
47 53
47 201
50 40
51 34
51 212
52 0
52 100
53 47
53 201
54 12
54 15
54 28
54 32
54 37
54 65
54 82
54 84
54 91
54 109
54 111
54 124
54 148
54 149
54 158
54 185
54 191
54 196
54 197
54 199
54 203
54 207
54 218
54 222
54 227
54 237
54 247
54 248
54 249
57 5
57 7
57 10
57 13
57 16
57 17
57 20
57 22
57 26
57 33
57 36
57 38
57 39
57 41
57 61
57 67
57 74
57 85
57 108
57 118
57 119
57 121
57 125
57 126
57 127
57 136
57 138
57 140
57 150
57 157
57 159
57 161
57 164
57 166
57 168
57 171
57 181
57 192
57 205
57 216
57 220
57 221
57 224
57 225
57 226
57 230
57 233
57 238
57 241
57 252
57 253
57 254
59 145
59 178
59 251
60 250
61 5
61 7
61 10
61 13
61 16
61 17
61 20
61 22
61 26
61 33
61 36
61 38
61 39
61 41
61 57
61 67
61 74
61 85
61 108
61 118
61 119
61 121
61 125
61 126
61 127
61 136
61 138
61 140
61 150
61 157
61 159
61 161
61 164
61 166
61 168
61 171
61 181
61 192
61 205
61 216
61 220
61 221
61 224
61 225
61 226
61 230
61 233
61 238
61 241
61 252
61 253
61 254
62 200
65 12
65 15
65 28
65 32
65 37
65 54
65 82
65 84
65 91
65 109
65 111
65 124
65 148
65 149
65 158
65 185
65 191
65 196
65 197
65 199
65 203
65 207
65 218
65 222
65 227
65 237
65 247
65 248
65 249
66 211
67 5
67 7
67 10
67 13
67 16
67 17
67 20
67 22
67 26
67 33
67 36
67 38
67 39
67 41
67 57
67 61
67 74
67 85
67 108
67 118
67 119
67 121
67 125
67 126
67 127
67 136
67 138
67 140
67 150
67 157
67 159
67 161
67 164
67 166
67 168
67 171
67 181
67 192
67 205
67 216
67 220
67 221
67 224
67 225
67 226
67 230
67 233
67 238
67 241
67 252
67 253
67 254
68 2
70 94
71 179
72 186
73 3
73 133
73 151
73 206
73 229
73 239
74 5
74 7
74 10
74 13
74 16
74 17
74 20
74 22
74 26
74 33
74 36
74 38
74 39
74 41
74 57
74 61
74 67
74 85
74 108
74 118
74 119
74 121
74 125
74 126
74 127
74 136
74 138
74 140
74 150
74 157
74 159
74 161
74 164
74 166
74 168
74 171
74 181
74 192
74 205
74 216
74 220
74 221
74 224
74 225
74 226
74 230
74 233
74 238
74 241
74 252
74 253
74 254
75 97
75 193
77 242
80 160
82 12
82 15
82 28
82 32
82 37
82 54
82 65
82 84
82 91
82 109
82 111
82 124
82 148
82 149
82 158
82 185
82 191
82 196
82 197
82 199
82 203
82 207
82 218
82 222
82 227
82 237
82 247
82 248
82 249
83 162
84 12
84 15
84 28
84 32
84 37
84 54
84 65
84 82
84 91
84 109
84 111
84 124
84 148
84 149
84 158
84 185
84 191
84 196
84 197
84 199
84 203
84 207
84 218
84 222
84 227
84 237
84 247
84 248
84 249
85 5
85 7
85 10
85 13
85 16
85 17
85 20
85 22
85 26
85 33
85 36
85 38
85 39
85 41
85 57
85 61
85 67
85 74
85 108
85 118
85 119
85 121
85 125
85 126
85 127
85 136
85 138
85 140
85 150
85 157
85 159
85 161
85 164
85 166
85 168
85 171
85 181
85 192
85 205
85 216
85 220
85 221
85 224
85 225
85 226
85 230
85 233
85 238
85 241
85 252
85 253
85 254
86 25
89 1
89 120
91 12
91 15
91 28
91 32
91 37
91 54
91 65
91 82
91 84
91 109
91 111
91 124
91 148
91 149
91 158
91 185
91 191
91 196
91 197
91 199
91 203
91 207
91 218
91 222
91 227
91 237
91 247
91 248
91 249
93 246
94 70
97 75
97 193
100 0
100 52
104 129
104 234
105 146
107 174
108 5
108 7
108 10
108 13
108 16
108 17
108 20
108 22
108 26
108 33
108 36
108 38
108 39
108 41
108 57
108 61
108 67
108 74
108 85
108 118
108 119
108 121
108 125
108 126
108 127
108 136
108 138
108 140
108 150
108 157
108 159
108 161
108 164
108 166
108 168
108 171
108 181
108 192
108 205
108 216
108 220
108 221
108 224
108 225
108 226
108 230
108 233
108 238
108 241
108 252
108 253
108 254
109 12
109 15
109 28
109 32
109 37
109 54
109 65
109 82
109 84
109 91
109 111
109 124
109 148
109 149
109 158
109 185
109 191
109 196
109 197
109 199
109 203
109 207
109 218
109 222
109 227
109 237
109 247
109 248
109 249
111 12
111 15
111 28
111 32
111 37
111 54
111 65
111 82
111 84
111 91
111 109
111 124
111 148
111 149
111 158
111 185
111 191
111 196
111 197
111 199
111 203
111 207
111 218
111 222
111 227
111 237
111 247
111 248
111 249
112 169
113 137
115 35
116 130
117 139
118 5
118 7
118 10
118 13
118 16
118 17
118 20
118 22
118 26
118 33
118 36
118 38
118 39
118 41
118 57
118 61
118 67
118 74
118 85
118 108
118 119
118 121
118 125
118 126
118 127
118 136
118 138
118 140
118 150
118 157
118 159
118 161
118 164
118 166
118 168
118 171
118 181
118 192
118 205
118 216
118 220
118 221
118 224
118 225
118 226
118 230
118 233
118 238
118 241
118 252
118 253
118 254
119 5
119 7
119 10
119 13
119 16
119 17
119 20
119 22
119 26
119 33
119 36
119 38
119 39
119 41
119 57
119 61
119 67
119 74
119 85
119 108
119 118
119 121
119 125
119 126
119 127
119 136
119 138
119 140
119 150
119 157
119 159
119 161
119 164
119 166
119 168
119 171
119 181
119 192
119 205
119 216
119 220
119 221
119 224
119 225
119 226
119 230
119 233
119 238
119 241
119 252
119 253
119 254
120 1
120 89
121 5
121 7
121 10
121 13
121 16
121 17
121 20
121 22
121 26
121 33
121 36
121 38
121 39
121 41
121 57
121 61
121 67
121 74
121 85
121 108
121 118
121 119
121 125
121 126
121 127
121 136
121 138
121 140
121 150
121 157
121 159
121 161
121 164
121 166
121 168
121 171
121 181
121 192
121 205
121 216
121 220
121 221
121 224
121 225
121 226
121 230
121 233
121 238
121 241
121 252
121 253
121 254
124 12
124 15
124 28
124 32
124 37
124 54
124 65
124 82
124 84
124 91
124 109
124 111
124 148
124 149
124 158
124 185
124 191
124 196
124 197
124 199
124 203
124 207
124 218
124 222
124 227
124 237
124 247
124 248
124 249
125 5
125 7
125 10
125 13
125 16
125 17
125 20
125 22
125 26
125 33
125 36
125 38
125 39
125 41
125 57
125 61
125 67
125 74
125 85
125 108
125 118
125 119
125 121
125 126
125 127
125 136
125 138
125 140
125 150
125 157
125 159
125 161
125 164
125 166
125 168
125 171
125 181
125 192
125 205
125 216
125 220
125 221
125 224
125 225
125 226
125 230
125 233
125 238
125 241
125 252
125 253
125 254
126 5
126 7
126 10
126 13
126 16
126 17
126 20
126 22
126 26
126 33
126 36
126 38
126 39
126 41
126 57
126 61
126 67
126 74
126 85
126 108
126 118
126 119
126 121
126 125
126 127
126 136
126 138
126 140
126 150
126 157
126 159
126 161
126 164
126 166
126 168
126 171
126 181
126 192
126 205
126 216
126 220
126 221
126 224
126 225
126 226
126 230
126 233
126 238
126 241
126 252
126 253
126 254
127 5
127 7
127 10
127 13
127 16
127 17
127 20
127 22
127 26
127 33
127 36
127 38
127 39
127 41
127 57
127 61
127 67
127 74
127 85
127 108
127 118
127 119
127 121
127 125
127 126
127 136
127 138
127 140
127 150
127 157
127 159
127 161
127 164
127 166
127 168
127 171
127 181
127 192
127 205
127 216
127 220
127 221
127 224
127 225
127 226
127 230
127 233
127 238
127 241
127 252
127 253
127 254
129 104
129 234
130 116
131 172
133 3
133 73
133 151
133 206
133 229
133 239
136 5
136 7
136 10
136 13
136 16
136 17
136 20
136 22
136 26
136 33
136 36
136 38
136 39
136 41
136 57
136 61
136 67
136 74
136 85
136 108
136 118
136 119
136 121
136 125
136 126
136 127
136 138
136 140
136 150
136 157
136 159
136 161
136 164
136 166
136 168
136 171
136 181
136 192
136 205
136 216
136 220
136 221
136 224
136 225
136 226
136 230
136 233
136 238
136 241
136 252
136 253
136 254
137 113
138 5
138 7
138 10
138 13
138 16
138 17
138 20
138 22
138 26
138 33
138 36
138 38
138 39
138 41
138 57
138 61
138 67
138 74
138 85
138 108
138 118
138 119
138 121
138 125
138 126
138 127
138 136
138 140
138 150
138 157
138 159
138 161
138 164
138 166
138 168
138 171
138 181
138 192
138 205
138 216
138 220
138 221
138 224
138 225
138 226
138 230
138 233
138 238
138 241
138 252
138 253
138 254
139 117
140 5
140 7
140 10
140 13
140 16
140 17
140 20
140 22
140 26
140 33
140 36
140 38
140 39
140 41
140 57
140 61
140 67
140 74
140 85
140 108
140 118
140 119
140 121
140 125
140 126
140 127
140 136
140 138
140 150
140 157
140 159
140 161
140 164
140 166
140 168
140 171
140 181
140 192
140 205
140 216
140 220
140 221
140 224
140 225
140 226
140 230
140 233
140 238
140 241
140 252
140 253
140 254
141 155
142 173
145 59
145 178
145 251
146 105
148 12
148 15
148 28
148 32
148 37
148 54
148 65
148 82
148 84
148 91
148 109
148 111
148 124
148 149
148 158
148 185
148 191
148 196
148 197
148 199
148 203
148 207
148 218
148 222
148 227
148 237
148 247
148 248
148 249
149 12
149 15
149 28
149 32
149 37
149 54
149 65
149 82
149 84
149 91
149 109
149 111
149 124
149 148
149 158
149 185
149 191
149 196
149 197
149 199
149 203
149 207
149 218
149 222
149 227
149 237
149 247
149 248
149 249
150 5
150 7
150 10
150 13
150 16
150 17
150 20
150 22
150 26
150 33
150 36
150 38
150 39
150 41
150 57
150 61
150 67
150 74
150 85
150 108
150 118
150 119
150 121
150 125
150 126
150 127
150 136
150 138
150 140
150 157
150 159
150 161
150 164
150 166
150 168
150 171
150 181
150 192
150 205
150 216
150 220
150 221
150 224
150 225
150 226
150 230
150 233
150 238
150 241
150 252
150 253
150 254
151 3
151 73
151 133
151 206
151 229
151 239
155 141
157 5
157 7
157 10
157 13
157 16
157 17
157 20
157 22
157 26
157 33
157 36
157 38
157 39
157 41
157 57
157 61
157 67
157 74
157 85
157 108
157 118
157 119
157 121
157 125
157 126
157 127
157 136
157 138
157 140
157 150
157 159
157 161
157 164
157 166
157 168
157 171
157 181
157 192
157 205
157 216
157 220
157 221
157 224
157 225
157 226
157 230
157 233
157 238
157 241
157 252
157 253
157 254
158 12
158 15
158 28
158 32
158 37
158 54
158 65
158 82
158 84
158 91
158 109
158 111
158 124
158 148
158 149
158 185
158 191
158 196
158 197
158 199
158 203
158 207
158 218
158 222
158 227
158 237
158 247
158 248
158 249
159 5
159 7
159 10
159 13
159 16
159 17
159 20
159 22
159 26
159 33
159 36
159 38
159 39
159 41
159 57
159 61
159 67
159 74
159 85
159 108
159 118
159 119
159 121
159 125
159 126
159 127
159 136
159 138
159 140
159 150
159 157
159 161
159 164
159 166
159 168
159 171
159 181
159 192
159 205
159 216
159 220
159 221
159 224
159 225
159 226
159 230
159 233
159 238
159 241
159 252
159 253
159 254
160 80
161 5
161 7
161 10
161 13
161 16
161 17
161 20
161 22
161 26
161 33
161 36
161 38
161 39
161 41
161 57
161 61
161 67
161 74
161 85
161 108
161 118
161 119
161 121
161 125
161 126
161 127
161 136
161 138
161 140
161 150
161 157
161 159
161 164
161 166
161 168
161 171
161 181
161 192
161 205
161 216
161 220
161 221
161 224
161 225
161 226
161 230
161 233
161 238
161 241
161 252
161 253
161 254
162 83
164 5
164 7
164 10
164 13
164 16
164 17
164 20
164 22
164 26
164 33
164 36
164 38
164 39
164 41
164 57
164 61
164 67
164 74
164 85
164 108
164 118
164 119
164 121
164 125
164 126
164 127
164 136
164 138
164 140
164 150
164 157
164 159
164 161
164 166
164 168
164 171
164 181
164 192
164 205
164 216
164 220
164 221
164 224
164 225
164 226
164 230
164 233
164 238
164 241
164 252
164 253
164 254
166 5
166 7
166 10
166 13
166 16
166 17
166 20
166 22
166 26
166 33
166 36
166 38
166 39
166 41
166 57
166 61
166 67
166 74
166 85
166 108
166 118
166 119
166 121
166 125
166 126
166 127
166 136
166 138
166 140
166 150
166 157
166 159
166 161
166 164
166 168
166 171
166 181
166 192
166 205
166 216
166 220
166 221
166 224
166 225
166 226
166 230
166 233
166 238
166 241
166 252
166 253
166 254
168 5
168 7
168 10
168 13
168 16
168 17
168 20
168 22
168 26
168 33
168 36
168 38
168 39
168 41
168 57
168 61
168 67
168 74
168 85
168 108
168 118
168 119
168 121
168 125
168 126
168 127
168 136
168 138
168 140
168 150
168 157
168 159
168 161
168 164
168 166
168 171
168 181
168 192
168 205
168 216
168 220
168 221
168 224
168 225
168 226
168 230
168 233
168 238
168 241
168 252
168 253
168 254
169 112
171 5
171 7
171 10
171 13
171 16
171 17
171 20
171 22
171 26
171 33
171 36
171 38
171 39
171 41
171 57
171 61
171 67
171 74
171 85
171 108
171 118
171 119
171 121
171 125
171 126
171 127
171 136
171 138
171 140
171 150
171 157
171 159
171 161
171 164
171 166
171 168
171 181
171 192
171 205
171 216
171 220
171 221
171 224
171 225
171 226
171 230
171 233
171 238
171 241
171 252
171 253
171 254
172 131
173 142
174 107
178 59
178 145
178 251
179 71
180 45
180 182
181 5
181 7
181 10
181 13
181 16
181 17
181 20
181 22
181 26
181 33
181 36
181 38
181 39
181 41
181 57
181 61
181 67
181 74
181 85
181 108
181 118
181 119
181 121
181 125
181 126
181 127
181 136
181 138
181 140
181 150
181 157
181 159
181 161
181 164
181 166
181 168
181 171
181 192
181 205
181 216
181 220
181 221
181 224
181 225
181 226
181 230
181 233
181 238
181 241
181 252
181 253
181 254
182 45
182 180
185 12
185 15
185 28
185 32
185 37
185 54
185 65
185 82
185 84
185 91
185 109
185 111
185 124
185 148
185 149
185 158
185 191
185 196
185 197
185 199
185 203
185 207
185 218
185 222
185 227
185 237
185 247
185 248
185 249
186 72
187 4
187 214
189 42
191 12
191 15
191 28
191 32
191 37
191 54
191 65
191 82
191 84
191 91
191 109
191 111
191 124
191 148
191 149
191 158
191 185
191 196
191 197
191 199
191 203
191 207
191 218
191 222
191 227
191 237
191 247
191 248
191 249
192 5
192 7
192 10
192 13
192 16
192 17
192 20
192 22
192 26
192 33
192 36
192 38
192 39
192 41
192 57
192 61
192 67
192 74
192 85
192 108
192 118
192 119
192 121
192 125
192 126
192 127
192 136
192 138
192 140
192 150
192 157
192 159
192 161
192 164
192 166
192 168
192 171
192 181
192 205
192 216
192 220
192 221
192 224
192 225
192 226
192 230
192 233
192 238
192 241
192 252
192 253
192 254
193 75
193 97
196 12
196 15
196 28
196 32
196 37
196 54
196 65
196 82
196 84
196 91
196 109
196 111
196 124
196 148
196 149
196 158
196 185
196 191
196 197
196 199
196 203
196 207
196 218
196 222
196 227
196 237
196 247
196 248
196 249
197 12
197 15
197 28
197 32
197 37
197 54
197 65
197 82
197 84
197 91
197 109
197 111
197 124
197 148
197 149
197 158
197 185
197 191
197 196
197 199
197 203
197 207
197 218
197 222
197 227
197 237
197 247
197 248
197 249
199 12
199 15
199 28
199 32
199 37
199 54
199 65
199 82
199 84
199 91
199 109
199 111
199 124
199 148
199 149
199 158
199 185
199 191
199 196
199 197
199 203
199 207
199 218
199 222
199 227
199 237
199 247
199 248
199 249
200 62
201 47
201 53
203 12
203 15
203 28
203 32
203 37
203 54
203 65
203 82
203 84
203 91
203 109
203 111
203 124
203 148
203 149
203 158
203 185
203 191
203 196
203 197
203 199
203 207
203 218
203 222
203 227
203 237
203 247
203 248
203 249
205 5
205 7
205 10
205 13
205 16
205 17
205 20
205 22
205 26
205 33
205 36
205 38
205 39
205 41
205 57
205 61
205 67
205 74
205 85
205 108
205 118
205 119
205 121
205 125
205 126
205 127
205 136
205 138
205 140
205 150
205 157
205 159
205 161
205 164
205 166
205 168
205 171
205 181
205 192
205 216
205 220
205 221
205 224
205 225
205 226
205 230
205 233
205 238
205 241
205 252
205 253
205 254
206 3
206 73
206 133
206 151
206 229
206 239
207 12
207 15
207 28
207 32
207 37
207 54
207 65
207 82
207 84
207 91
207 109
207 111
207 124
207 148
207 149
207 158
207 185
207 191
207 196
207 197
207 199
207 203
207 218
207 222
207 227
207 237
207 247
207 248
207 249
209 30
211 66
212 34
212 51
214 4
214 187
216 5
216 7
216 10
216 13
216 16
216 17
216 20
216 22
216 26
216 33
216 36
216 38
216 39
216 41
216 57
216 61
216 67
216 74
216 85
216 108
216 118
216 119
216 121
216 125
216 126
216 127
216 136
216 138
216 140
216 150
216 157
216 159
216 161
216 164
216 166
216 168
216 171
216 181
216 192
216 205
216 220
216 221
216 224
216 225
216 226
216 230
216 233
216 238
216 241
216 252
216 253
216 254
218 12
218 15
218 28
218 32
218 37
218 54
218 65
218 82
218 84
218 91
218 109
218 111
218 124
218 148
218 149
218 158
218 185
218 191
218 196
218 197
218 199
218 203
218 207
218 222
218 227
218 237
218 247
218 248
218 249
220 5
220 7
220 10
220 13
220 16
220 17
220 20
220 22
220 26
220 33
220 36
220 38
220 39
220 41
220 57
220 61
220 67
220 74
220 85
220 108
220 118
220 119
220 121
220 125
220 126
220 127
220 136
220 138
220 140
220 150
220 157
220 159
220 161
220 164
220 166
220 168
220 171
220 181
220 192
220 205
220 216
220 221
220 224
220 225
220 226
220 230
220 233
220 238
220 241
220 252
220 253
220 254
221 5
221 7
221 10
221 13
221 16
221 17
221 20
221 22
221 26
221 33
221 36
221 38
221 39
221 41
221 57
221 61
221 67
221 74
221 85
221 108
221 118
221 119
221 121
221 125
221 126
221 127
221 136
221 138
221 140
221 150
221 157
221 159
221 161
221 164
221 166
221 168
221 171
221 181
221 192
221 205
221 216
221 220
221 224
221 225
221 226
221 230
221 233
221 238
221 241
221 252
221 253
221 254
222 12
222 15
222 28
222 32
222 37
222 54
222 65
222 82
222 84
222 91
222 109
222 111
222 124
222 148
222 149
222 158
222 185
222 191
222 196
222 197
222 199
222 203
222 207
222 218
222 227
222 237
222 247
222 248
222 249
224 5
224 7
224 10
224 13
224 16
224 17
224 20
224 22
224 26
224 33
224 36
224 38
224 39
224 41
224 57
224 61
224 67
224 74
224 85
224 108
224 118
224 119
224 121
224 125
224 126
224 127
224 136
224 138
224 140
224 150
224 157
224 159
224 161
224 164
224 166
224 168
224 171
224 181
224 192
224 205
224 216
224 220
224 221
224 225
224 226
224 230
224 233
224 238
224 241
224 252
224 253
224 254
225 5
225 7
225 10
225 13
225 16
225 17
225 20
225 22
225 26
225 33
225 36
225 38
225 39
225 41
225 57
225 61
225 67
225 74
225 85
225 108
225 118
225 119
225 121
225 125
225 126
225 127
225 136
225 138
225 140
225 150
225 157
225 159
225 161
225 164
225 166
225 168
225 171
225 181
225 192
225 205
225 216
225 220
225 221
225 224
225 226
225 230
225 233
225 238
225 241
225 252
225 253
225 254
226 5
226 7
226 10
226 13
226 16
226 17
226 20
226 22
226 26
226 33
226 36
226 38
226 39
226 41
226 57
226 61
226 67
226 74
226 85
226 108
226 118
226 119
226 121
226 125
226 126
226 127
226 136
226 138
226 140
226 150
226 157
226 159
226 161
226 164
226 166
226 168
226 171
226 181
226 192
226 205
226 216
226 220
226 221
226 224
226 225
226 230
226 233
226 238
226 241
226 252
226 253
226 254
227 12
227 15
227 28
227 32
227 37
227 54
227 65
227 82
227 84
227 91
227 109
227 111
227 124
227 148
227 149
227 158
227 185
227 191
227 196
227 197
227 199
227 203
227 207
227 218
227 222
227 237
227 247
227 248
227 249
229 3
229 73
229 133
229 151
229 206
229 239
230 5
230 7
230 10
230 13
230 16
230 17
230 20
230 22
230 26
230 33
230 36
230 38
230 39
230 41
230 57
230 61
230 67
230 74
230 85
230 108
230 118
230 119
230 121
230 125
230 126
230 127
230 136
230 138
230 140
230 150
230 157
230 159
230 161
230 164
230 166
230 168
230 171
230 181
230 192
230 205
230 216
230 220
230 221
230 224
230 225
230 226
230 233
230 238
230 241
230 252
230 253
230 254
233 5
233 7
233 10
233 13
233 16
233 17
233 20
233 22
233 26
233 33
233 36
233 38
233 39
233 41
233 57
233 61
233 67
233 74
233 85
233 108
233 118
233 119
233 121
233 125
233 126
233 127
233 136
233 138
233 140
233 150
233 157
233 159
233 161
233 164
233 166
233 168
233 171
233 181
233 192
233 205
233 216
233 220
233 221
233 224
233 225
233 226
233 230
233 238
233 241
233 252
233 253
233 254
234 104
234 129
237 12
237 15
237 28
237 32
237 37
237 54
237 65
237 82
237 84
237 91
237 109
237 111
237 124
237 148
237 149
237 158
237 185
237 191
237 196
237 197
237 199
237 203
237 207
237 218
237 222
237 227
237 247
237 248
237 249
238 5
238 7
238 10
238 13
238 16
238 17
238 20
238 22
238 26
238 33
238 36
238 38
238 39
238 41
238 57
238 61
238 67
238 74
238 85
238 108
238 118
238 119
238 121
238 125
238 126
238 127
238 136
238 138
238 140
238 150
238 157
238 159
238 161
238 164
238 166
238 168
238 171
238 181
238 192
238 205
238 216
238 220
238 221
238 224
238 225
238 226
238 230
238 233
238 241
238 252
238 253
238 254
239 3
239 73
239 133
239 151
239 206
239 229
241 5
241 7
241 10
241 13
241 16
241 17
241 20
241 22
241 26
241 33
241 36
241 38
241 39
241 41
241 57
241 61
241 67
241 74
241 85
241 108
241 118
241 119
241 121
241 125
241 126
241 127
241 136
241 138
241 140
241 150
241 157
241 159
241 161
241 164
241 166
241 168
241 171
241 181
241 192
241 205
241 216
241 220
241 221
241 224
241 225
241 226
241 230
241 233
241 238
241 252
241 253
241 254
242 77
246 93
247 12
247 15
247 28
247 32
247 37
247 54
247 65
247 82
247 84
247 91
247 109
247 111
247 124
247 148
247 149
247 158
247 185
247 191
247 196
247 197
247 199
247 203
247 207
247 218
247 222
247 227
247 237
247 248
247 249
248 12
248 15
248 28
248 32
248 37
248 54
248 65
248 82
248 84
248 91
248 109
248 111
248 124
248 148
248 149
248 158
248 185
248 191
248 196
248 197
248 199
248 203
248 207
248 218
248 222
248 227
248 237
248 247
248 249
249 12
249 15
249 28
249 32
249 37
249 54
249 65
249 82
249 84
249 91
249 109
249 111
249 124
249 148
249 149
249 158
249 185
249 191
249 196
249 197
249 199
249 203
249 207
249 218
249 222
249 227
249 237
249 247
249 248
250 60
251 59
251 145
251 178
252 5
252 7
252 10
252 13
252 16
252 17
252 20
252 22
252 26
252 33
252 36
252 38
252 39
252 41
252 57
252 61
252 67
252 74
252 85
252 108
252 118
252 119
252 121
252 125
252 126
252 127
252 136
252 138
252 140
252 150
252 157
252 159
252 161
252 164
252 166
252 168
252 171
252 181
252 192
252 205
252 216
252 220
252 221
252 224
252 225
252 226
252 230
252 233
252 238
252 241
252 253
252 254
253 5
253 7
253 10
253 13
253 16
253 17
253 20
253 22
253 26
253 33
253 36
253 38
253 39
253 41
253 57
253 61
253 67
253 74
253 85
253 108
253 118
253 119
253 121
253 125
253 126
253 127
253 136
253 138
253 140
253 150
253 157
253 159
253 161
253 164
253 166
253 168
253 171
253 181
253 192
253 205
253 216
253 220
253 221
253 224
253 225
253 226
253 230
253 233
253 238
253 241
253 252
253 254
254 5
254 7
254 10
254 13
254 16
254 17
254 20
254 22
254 26
254 33
254 36
254 38
254 39
254 41
254 57
254 61
254 67
254 74
254 85
254 108
254 118
254 119
254 121
254 125
254 126
254 127
254 136
254 138
254 140
254 150
254 157
254 159
254 161
254 164
254 166
254 168
254 171
254 181
254 192
254 205
254 216
254 220
254 221
254 224
254 225
254 226
254 230
254 233
254 238
254 241
254 252
254 253
