32 110
2 5
2 7
2 8
2 18
2 20
2 21
2 22
2 23
2 26
2 31
5 2
5 7
5 8
5 18
5 20
5 21
5 22
5 23
5 26
5 31
7 2
7 5
7 8
7 18
7 20
7 21
7 22
7 23
7 26
7 31
8 2
8 5
8 7
8 18
8 20
8 21
8 22
8 23
8 26
8 31
18 2
18 5
18 7
18 8
18 20
18 21
18 22
18 23
18 26
18 31
20 2
20 5
20 7
20 8
20 18
20 21
20 22
20 23
20 26
20 31
21 2
21 5
21 7
21 8
21 18
21 20
21 22
21 23
21 26
21 31
22 2
22 5
22 7
22 8
22 18
22 20
22 21
22 23
22 26
22 31
23 2
23 5
23 7
23 8
23 18
23 20
23 21
23 22
23 26
23 31
26 2
26 5
26 7
26 8
26 18
26 20
26 21
26 22
26 23
26 31
31 2
31 5
31 7
31 8
31 18
31 20
31 21
31 22
31 23
31 26
