64 384
2 4
2 8
2 11
2 18
2 23
2 31
2 34
2 35
2 42
2 44
2 46
2 47
2 49
2 50
2 51
2 52
2 53
2 58
2 62
4 2
4 8
4 11
4 18
4 23
4 31
4 34
4 35
4 42
4 44
4 46
4 47
4 49
4 50
4 51
4 52
4 53
4 58
4 62
5 13
8 2
8 4
8 11
8 18
8 23
8 31
8 34
8 35
8 42
8 44
8 46
8 47
8 49
8 50
8 51
8 52
8 53
8 58
8 62
11 2
11 4
11 8
11 18
11 23
11 31
11 34
11 35
11 42
11 44
11 46
11 47
11 49
11 50
11 51
11 52
11 53
11 58
11 62
13 5
18 2
18 4
18 8
18 11
18 23
18 31
18 34
18 35
18 42
18 44
18 46
18 47
18 49
18 50
18 51
18 52
18 53
18 58
18 62
23 2
23 4
23 8
23 11
23 18
23 31
23 34
23 35
23 42
23 44
23 46
23 47
23 49
23 50
23 51
23 52
23 53
23 58
23 62
31 2
31 4
31 8
31 11
31 18
31 23
31 34
31 35
31 42
31 44
31 46
31 47
31 49
31 50
31 51
31 52
31 53
31 58
31 62
34 2
34 4
34 8
34 11
34 18
34 23
34 31
34 35
34 42
34 44
34 46
34 47
34 49
34 50
34 51
34 52
34 53
34 58
34 62
35 2
35 4
35 8
35 11
35 18
35 23
35 31
35 34
35 42
35 44
35 46
35 47
35 49
35 50
35 51
35 52
35 53
35 58
35 62
38 56
42 2
42 4
42 8
42 11
42 18
42 23
42 31
42 34
42 35
42 44
42 46
42 47
42 49
42 50
42 51
42 52
42 53
42 58
42 62
44 2
44 4
44 8
44 11
44 18
44 23
44 31
44 34
44 35
44 42
44 46
44 47
44 49
44 50
44 51
44 52
44 53
44 58
44 62
46 2
46 4
46 8
46 11
46 18
46 23
46 31
46 34
46 35
46 42
46 44
46 47
46 49
46 50
46 51
46 52
46 53
46 58
46 62
47 2
47 4
47 8
47 11
47 18
47 23
47 31
47 34
47 35
47 42
47 44
47 46
47 49
47 50
47 51
47 52
47 53
47 58
47 62
49 2
49 4
49 8
49 11
49 18
49 23
49 31
49 34
49 35
49 42
49 44
49 46
49 47
49 50
49 51
49 52
49 53
49 58
49 62
50 2
50 4
50 8
50 11
50 18
50 23
50 31
50 34
50 35
50 42
50 44
50 46
50 47
50 49
50 51
50 52
50 53
50 58
50 62
51 2
51 4
51 8
51 11
51 18
51 23
51 31
51 34
51 35
51 42
51 44
51 46
51 47
51 49
51 50
51 52
51 53
51 58
51 62
52 2
52 4
52 8
52 11
52 18
52 23
52 31
52 34
52 35
52 42
52 44
52 46
52 47
52 49
52 50
52 51
52 53
52 58
52 62
53 2
53 4
53 8
53 11
53 18
53 23
53 31
53 34
53 35
53 42
53 44
53 46
53 47
53 49
53 50
53 51
53 52
53 58
53 62
56 38
58 2
58 4
58 8
58 11
58 18
58 23
58 31
58 34
58 35
58 42
58 44
58 46
58 47
58 49
58 50
58 51
58 52
58 53
58 62
62 2
62 4
62 8
62 11
62 18
62 23
62 31
62 34
62 35
62 42
62 44
62 46
62 47
62 49
62 50
62 51
62 52
62 53
62 58
