128 88
3 83
10 50
10 99
11 104
11 122
23 91
24 123
28 77
33 42
38 110
42 33
44 49
45 52
45 88
45 95
45 101
45 106
45 113
48 57
49 44
50 10
50 99
52 45
52 88
52 95
52 101
52 106
52 113
57 48
64 114
72 109
77 28
78 96
78 115
78 125
82 103
83 3
88 45
88 52
88 95
88 101
88 106
88 113
91 23
95 45
95 52
95 88
95 101
95 106
95 113
96 78
96 115
96 125
99 10
99 50
101 45
101 52
101 88
101 95
101 106
101 113
103 82
104 11
104 122
106 45
106 52
106 88
106 95
106 101
106 113
109 72
110 38
113 45
113 52
113 88
113 95
113 101
113 106
114 64
115 78
115 96
115 125
122 11
122 104
123 24
125 78
125 96
125 115
