256 10036
1 23
1 114
1 182
1 183
1 228
1 253
2 20
2 204
2 210
4 5
4 10
4 11
4 12
4 13
4 15
4 16
4 17
4 19
4 28
4 29
4 32
4 36
4 37
4 38
4 42
4 46
4 48
4 50
4 54
4 55
4 56
4 57
4 58
4 63
4 65
4 66
4 81
4 82
4 83
4 84
4 91
4 94
4 97
4 101
4 103
4 104
4 108
4 109
4 111
4 112
4 113
4 119
4 122
4 124
4 125
4 126
4 128
4 136
4 137
4 138
4 140
4 141
4 142
4 148
4 149
4 150
4 153
4 158
4 161
4 165
4 166
4 167
4 168
4 169
4 172
4 181
4 185
4 186
4 188
4 191
4 194
4 196
4 197
4 199
4 201
4 203
4 207
4 213
4 216
4 218
4 219
4 221
4 222
4 225
4 227
4 231
4 234
4 237
4 238
4 239
4 241
4 245
4 247
4 248
4 249
4 252
4 254
4 255
5 4
5 10
5 11
5 12
5 13
5 15
5 16
5 17
5 19
5 28
5 29
5 32
5 36
5 37
5 38
5 42
5 46
5 48
5 50
5 54
5 55
5 56
5 57
5 58
5 63
5 65
5 66
5 81
5 82
5 83
5 84
5 91
5 94
5 97
5 101
5 103
5 104
5 108
5 109
5 111
5 112
5 113
5 119
5 122
5 124
5 125
5 126
5 128
5 136
5 137
5 138
5 140
5 141
5 142
5 148
5 149
5 150
5 153
5 158
5 161
5 165
5 166
5 167
5 168
5 169
5 172
5 181
5 185
5 186
5 188
5 191
5 194
5 196
5 197
5 199
5 201
5 203
5 207
5 213
5 216
5 218
5 219
5 221
5 222
5 225
5 227
5 231
5 234
5 237
5 238
5 239
5 241
5 245
5 247
5 248
5 249
5 252
5 254
5 255
6 21
7 85
10 4
10 5
10 11
10 12
10 13
10 15
10 16
10 17
10 19
10 28
10 29
10 32
10 36
10 37
10 38
10 42
10 46
10 48
10 50
10 54
10 55
10 56
10 57
10 58
10 63
10 65
10 66
10 81
10 82
10 83
10 84
10 91
10 94
10 97
10 101
10 103
10 104
10 108
10 109
10 111
10 112
10 113
10 119
10 122
10 124
10 125
10 126
10 128
10 136
10 137
10 138
10 140
10 141
10 142
10 148
10 149
10 150
10 153
10 158
10 161
10 165
10 166
10 167
10 168
10 169
10 172
10 181
10 185
10 186
10 188
10 191
10 194
10 196
10 197
10 199
10 201
10 203
10 207
10 213
10 216
10 218
10 219
10 221
10 222
10 225
10 227
10 231
10 234
10 237
10 238
10 239
10 241
10 245
10 247
10 248
10 249
10 252
10 254
10 255
11 4
11 5
11 10
11 12
11 13
11 15
11 16
11 17
11 19
11 28
11 29
11 32
11 36
11 37
11 38
11 42
11 46
11 48
11 50
11 54
11 55
11 56
11 57
11 58
11 63
11 65
11 66
11 81
11 82
11 83
11 84
11 91
11 94
11 97
11 101
11 103
11 104
11 108
11 109
11 111
11 112
11 113
11 119
11 122
11 124
11 125
11 126
11 128
11 136
11 137
11 138
11 140
11 141
11 142
11 148
11 149
11 150
11 153
11 158
11 161
11 165
11 166
11 167
11 168
11 169
11 172
11 181
11 185
11 186
11 188
11 191
11 194
11 196
11 197
11 199
11 201
11 203
11 207
11 213
11 216
11 218
11 219
11 221
11 222
11 225
11 227
11 231
11 234
11 237
11 238
11 239
11 241
11 245
11 247
11 248
11 249
11 252
11 254
11 255
12 4
12 5
12 10
12 11
12 13
12 15
12 16
12 17
12 19
12 28
12 29
12 32
12 36
12 37
12 38
12 42
12 46
12 48
12 50
12 54
12 55
12 56
12 57
12 58
12 63
12 65
12 66
12 81
12 82
12 83
12 84
12 91
12 94
12 97
12 101
12 103
12 104
12 108
12 109
12 111
12 112
12 113
12 119
12 122
12 124
12 125
12 126
12 128
12 136
12 137
12 138
12 140
12 141
12 142
12 148
12 149
12 150
12 153
12 158
12 161
12 165
12 166
12 167
12 168
12 169
12 172
12 181
12 185
12 186
12 188
12 191
12 194
12 196
12 197
12 199
12 201
12 203
12 207
12 213
12 216
12 218
12 219
12 221
12 222
12 225
12 227
12 231
12 234
12 237
12 238
12 239
12 241
12 245
12 247
12 248
12 249
12 252
12 254
12 255
13 4
13 5
13 10
13 11
13 12
13 15
13 16
13 17
13 19
13 28
13 29
13 32
13 36
13 37
13 38
13 42
13 46
13 48
13 50
13 54
13 55
13 56
13 57
13 58
13 63
13 65
13 66
13 81
13 82
13 83
13 84
13 91
13 94
13 97
13 101
13 103
13 104
13 108
13 109
13 111
13 112
13 113
13 119
13 122
13 124
13 125
13 126
13 128
13 136
13 137
13 138
13 140
13 141
13 142
13 148
13 149
13 150
13 153
13 158
13 161
13 165
13 166
13 167
13 168
13 169
13 172
13 181
13 185
13 186
13 188
13 191
13 194
13 196
13 197
13 199
13 201
13 203
13 207
13 213
13 216
13 218
13 219
13 221
13 222
13 225
13 227
13 231
13 234
13 237
13 238
13 239
13 241
13 245
13 247
13 248
13 249
13 252
13 254
13 255
15 4
15 5
15 10
15 11
15 12
15 13
15 16
15 17
15 19
15 28
15 29
15 32
15 36
15 37
15 38
15 42
15 46
15 48
15 50
15 54
15 55
15 56
15 57
15 58
15 63
15 65
15 66
15 81
15 82
15 83
15 84
15 91
15 94
15 97
15 101
15 103
15 104
15 108
15 109
15 111
15 112
15 113
15 119
15 122
15 124
15 125
15 126
15 128
15 136
15 137
15 138
15 140
15 141
15 142
15 148
15 149
15 150
15 153
15 158
15 161
15 165
15 166
15 167
15 168
15 169
15 172
15 181
15 185
15 186
15 188
15 191
15 194
15 196
15 197
15 199
15 201
15 203
15 207
15 213
15 216
15 218
15 219
15 221
15 222
15 225
15 227
15 231
15 234
15 237
15 238
15 239
15 241
15 245
15 247
15 248
15 249
15 252
15 254
15 255
16 4
16 5
16 10
16 11
16 12
16 13
16 15
16 17
16 19
16 28
16 29
16 32
16 36
16 37
16 38
16 42
16 46
16 48
16 50
16 54
16 55
16 56
16 57
16 58
16 63
16 65
16 66
16 81
16 82
16 83
16 84
16 91
16 94
16 97
16 101
16 103
16 104
16 108
16 109
16 111
16 112
16 113
16 119
16 122
16 124
16 125
16 126
16 128
16 136
16 137
16 138
16 140
16 141
16 142
16 148
16 149
16 150
16 153
16 158
16 161
16 165
16 166
16 167
16 168
16 169
16 172
16 181
16 185
16 186
16 188
16 191
16 194
16 196
16 197
16 199
16 201
16 203
16 207
16 213
16 216
16 218
16 219
16 221
16 222
16 225
16 227
16 231
16 234
16 237
16 238
16 239
16 241
16 245
16 247
16 248
16 249
16 252
16 254
16 255
17 4
17 5
17 10
17 11
17 12
17 13
17 15
17 16
17 19
17 28
17 29
17 32
17 36
17 37
17 38
17 42
17 46
17 48
17 50
17 54
17 55
17 56
17 57
17 58
17 63
17 65
17 66
17 81
17 82
17 83
17 84
17 91
17 94
17 97
17 101
17 103
17 104
17 108
17 109
17 111
17 112
17 113
17 119
17 122
17 124
17 125
17 126
17 128
17 136
17 137
17 138
17 140
17 141
17 142
17 148
17 149
17 150
17 153
17 158
17 161
17 165
17 166
17 167
17 168
17 169
17 172
17 181
17 185
17 186
17 188
17 191
17 194
17 196
17 197
17 199
17 201
17 203
17 207
17 213
17 216
17 218
17 219
17 221
17 222
17 225
17 227
17 231
17 234
17 237
17 238
17 239
17 241
17 245
17 247
17 248
17 249
17 252
17 254
17 255
19 4
19 5
19 10
19 11
19 12
19 13
19 15
19 16
19 17
19 28
19 29
19 32
19 36
19 37
19 38
19 42
19 46
19 48
19 50
19 54
19 55
19 56
19 57
19 58
19 63
19 65
19 66
19 81
19 82
19 83
19 84
19 91
19 94
19 97
19 101
19 103
19 104
19 108
19 109
19 111
19 112
19 113
19 119
19 122
19 124
19 125
19 126
19 128
19 136
19 137
19 138
19 140
19 141
19 142
19 148
19 149
19 150
19 153
19 158
19 161
19 165
19 166
19 167
19 168
19 169
19 172
19 181
19 185
19 186
19 188
19 191
19 194
19 196
19 197
19 199
19 201
19 203
19 207
19 213
19 216
19 218
19 219
19 221
19 222
19 225
19 227
19 231
19 234
19 237
19 238
19 239
19 241
19 245
19 247
19 248
19 249
19 252
19 254
19 255
20 2
20 204
20 210
21 6
23 1
23 114
23 182
23 183
23 228
23 253
26 52
26 105
28 4
28 5
28 10
28 11
28 12
28 13
28 15
28 16
28 17
28 19
28 29
28 32
28 36
28 37
28 38
28 42
28 46
28 48
28 50
28 54
28 55
28 56
28 57
28 58
28 63
28 65
28 66
28 81
28 82
28 83
28 84
28 91
28 94
28 97
28 101
28 103
28 104
28 108
28 109
28 111
28 112
28 113
28 119
28 122
28 124
28 125
28 126
28 128
28 136
28 137
28 138
28 140
28 141
28 142
28 148
28 149
28 150
28 153
28 158
28 161
28 165
28 166
28 167
28 168
28 169
28 172
28 181
28 185
28 186
28 188
28 191
28 194
28 196
28 197
28 199
28 201
28 203
28 207
28 213
28 216
28 218
28 219
28 221
28 222
28 225
28 227
28 231
28 234
28 237
28 238
28 239
28 241
28 245
28 247
28 248
28 249
28 252
28 254
28 255
29 4
29 5
29 10
29 11
29 12
29 13
29 15
29 16
29 17
29 19
29 28
29 32
29 36
29 37
29 38
29 42
29 46
29 48
29 50
29 54
29 55
29 56
29 57
29 58
29 63
29 65
29 66
29 81
29 82
29 83
29 84
29 91
29 94
29 97
29 101
29 103
29 104
29 108
29 109
29 111
29 112
29 113
29 119
29 122
29 124
29 125
29 126
29 128
29 136
29 137
29 138
29 140
29 141
29 142
29 148
29 149
29 150
29 153
29 158
29 161
29 165
29 166
29 167
29 168
29 169
29 172
29 181
29 185
29 186
29 188
29 191
29 194
29 196
29 197
29 199
29 201
29 203
29 207
29 213
29 216
29 218
29 219
29 221
29 222
29 225
29 227
29 231
29 234
29 237
29 238
29 239
29 241
29 245
29 247
29 248
29 249
29 252
29 254
29 255
30 205
31 39
31 250
32 4
32 5
32 10
32 11
32 12
32 13
32 15
32 16
32 17
32 19
32 28
32 29
32 36
32 37
32 38
32 42
32 46
32 48
32 50
32 54
32 55
32 56
32 57
32 58
32 63
32 65
32 66
32 81
32 82
32 83
32 84
32 91
32 94
32 97
32 101
32 103
32 104
32 108
32 109
32 111
32 112
32 113
32 119
32 122
32 124
32 125
32 126
32 128
32 136
32 137
32 138
32 140
32 141
32 142
32 148
32 149
32 150
32 153
32 158
32 161
32 165
32 166
32 167
32 168
32 169
32 172
32 181
32 185
32 186
32 188
32 191
32 194
32 196
32 197
32 199
32 201
32 203
32 207
32 213
32 216
32 218
32 219
32 221
32 222
32 225
32 227
32 231
32 234
32 237
32 238
32 239
32 241
32 245
32 247
32 248
32 249
32 252
32 254
32 255
35 143
36 4
36 5
36 10
36 11
36 12
36 13
36 15
36 16
36 17
36 19
36 28
36 29
36 32
36 37
36 38
36 42
36 46
36 48
36 50
36 54
36 55
36 56
36 57
36 58
36 63
36 65
36 66
36 81
36 82
36 83
36 84
36 91
36 94
36 97
36 101
36 103
36 104
36 108
36 109
36 111
36 112
36 113
36 119
36 122
36 124
36 125
36 126
36 128
36 136
36 137
36 138
36 140
36 141
36 142
36 148
36 149
36 150
36 153
36 158
36 161
36 165
36 166
36 167
36 168
36 169
36 172
36 181
36 185
36 186
36 188
36 191
36 194
36 196
36 197
36 199
36 201
36 203
36 207
36 213
36 216
36 218
36 219
36 221
36 222
36 225
36 227
36 231
36 234
36 237
36 238
36 239
36 241
36 245
36 247
36 248
36 249
36 252
36 254
36 255
37 4
37 5
37 10
37 11
37 12
37 13
37 15
37 16
37 17
37 19
37 28
37 29
37 32
37 36
37 38
37 42
37 46
37 48
37 50
37 54
37 55
37 56
37 57
37 58
37 63
37 65
37 66
37 81
37 82
37 83
37 84
37 91
37 94
37 97
37 101
37 103
37 104
37 108
37 109
37 111
37 112
37 113
37 119
37 122
37 124
37 125
37 126
37 128
37 136
37 137
37 138
37 140
37 141
37 142
37 148
37 149
37 150
37 153
37 158
37 161
37 165
37 166
37 167
37 168
37 169
37 172
37 181
37 185
37 186
37 188
37 191
37 194
37 196
37 197
37 199
37 201
37 203
37 207
37 213
37 216
37 218
37 219
37 221
37 222
37 225
37 227
37 231
37 234
37 237
37 238
37 239
37 241
37 245
37 247
37 248
37 249
37 252
37 254
37 255
38 4
38 5
38 10
38 11
38 12
38 13
38 15
38 16
38 17
38 19
38 28
38 29
38 32
38 36
38 37
38 42
38 46
38 48
38 50
38 54
38 55
38 56
38 57
38 58
38 63
38 65
38 66
38 81
38 82
38 83
38 84
38 91
38 94
38 97
38 101
38 103
38 104
38 108
38 109
38 111
38 112
38 113
38 119
38 122
38 124
38 125
38 126
38 128
38 136
38 137
38 138
38 140
38 141
38 142
38 148
38 149
38 150
38 153
38 158
38 161
38 165
38 166
38 167
38 168
38 169
38 172
38 181
38 185
38 186
38 188
38 191
38 194
38 196
38 197
38 199
38 201
38 203
38 207
38 213
38 216
38 218
38 219
38 221
38 222
38 225
38 227
38 231
38 234
38 237
38 238
38 239
38 241
38 245
38 247
38 248
38 249
38 252
38 254
38 255
39 31
39 250
40 178
42 4
42 5
42 10
42 11
42 12
42 13
42 15
42 16
42 17
42 19
42 28
42 29
42 32
42 36
42 37
42 38
42 46
42 48
42 50
42 54
42 55
42 56
42 57
42 58
42 63
42 65
42 66
42 81
42 82
42 83
42 84
42 91
42 94
42 97
42 101
42 103
42 104
42 108
42 109
42 111
42 112
42 113
42 119
42 122
42 124
42 125
42 126
42 128
42 136
42 137
42 138
42 140
42 141
42 142
42 148
42 149
42 150
42 153
42 158
42 161
42 165
42 166
42 167
42 168
42 169
42 172
42 181
42 185
42 186
42 188
42 191
42 194
42 196
42 197
42 199
42 201
42 203
42 207
42 213
42 216
42 218
42 219
42 221
42 222
42 225
42 227
42 231
42 234
42 237
42 238
42 239
42 241
42 245
42 247
42 248
42 249
42 252
42 254
42 255
43 116
44 159
44 192
44 202
44 223
45 92
45 184
46 4
46 5
46 10
46 11
46 12
46 13
46 15
46 16
46 17
46 19
46 28
46 29
46 32
46 36
46 37
46 38
46 42
46 48
46 50
46 54
46 55
46 56
46 57
46 58
46 63
46 65
46 66
46 81
46 82
46 83
46 84
46 91
46 94
46 97
46 101
46 103
46 104
46 108
46 109
46 111
46 112
46 113
46 119
46 122
46 124
46 125
46 126
46 128
46 136
46 137
46 138
46 140
46 141
46 142
46 148
46 149
46 150
46 153
46 158
46 161
46 165
46 166
46 167
46 168
46 169
46 172
46 181
46 185
46 186
46 188
46 191
46 194
46 196
46 197
46 199
46 201
46 203
46 207
46 213
46 216
46 218
46 219
46 221
46 222
46 225
46 227
46 231
46 234
46 237
46 238
46 239
46 241
46 245
46 247
46 248
46 249
46 252
46 254
46 255
48 4
48 5
48 10
48 11
48 12
48 13
48 15
48 16
48 17
48 19
48 28
48 29
48 32
48 36
48 37
48 38
48 42
48 46
48 50
48 54
48 55
48 56
48 57
48 58
48 63
48 65
48 66
48 81
48 82
48 83
48 84
48 91
48 94
48 97
48 101
48 103
48 104
48 108
48 109
48 111
48 112
48 113
48 119
48 122
48 124
48 125
48 126
48 128
48 136
48 137
48 138
48 140
48 141
48 142
48 148
48 149
48 150
48 153
48 158
48 161
48 165
48 166
48 167
48 168
48 169
48 172
48 181
48 185
48 186
48 188
48 191
48 194
48 196
48 197
48 199
48 201
48 203
48 207
48 213
48 216
48 218
48 219
48 221
48 222
48 225
48 227
48 231
48 234
48 237
48 238
48 239
48 241
48 245
48 247
48 248
48 249
48 252
48 254
48 255
50 4
50 5
50 10
50 11
50 12
50 13
50 15
50 16
50 17
50 19
50 28
50 29
50 32
50 36
50 37
50 38
50 42
50 46
50 48
50 54
50 55
50 56
50 57
50 58
50 63
50 65
50 66
50 81
50 82
50 83
50 84
50 91
50 94
50 97
50 101
50 103
50 104
50 108
50 109
50 111
50 112
50 113
50 119
50 122
50 124
50 125
50 126
50 128
50 136
50 137
50 138
50 140
50 141
50 142
50 148
50 149
50 150
50 153
50 158
50 161
50 165
50 166
50 167
50 168
50 169
50 172
50 181
50 185
50 186
50 188
50 191
50 194
50 196
50 197
50 199
50 201
50 203
50 207
50 213
50 216
50 218
50 219
50 221
50 222
50 225
50 227
50 231
50 234
50 237
50 238
50 239
50 241
50 245
50 247
50 248
50 249
50 252
50 254
50 255
52 26
52 105
54 4
54 5
54 10
54 11
54 12
54 13
54 15
54 16
54 17
54 19
54 28
54 29
54 32
54 36
54 37
54 38
54 42
54 46
54 48
54 50
54 55
54 56
54 57
54 58
54 63
54 65
54 66
54 81
54 82
54 83
54 84
54 91
54 94
54 97
54 101
54 103
54 104
54 108
54 109
54 111
54 112
54 113
54 119
54 122
54 124
54 125
54 126
54 128
54 136
54 137
54 138
54 140
54 141
54 142
54 148
54 149
54 150
54 153
54 158
54 161
54 165
54 166
54 167
54 168
54 169
54 172
54 181
54 185
54 186
54 188
54 191
54 194
54 196
54 197
54 199
54 201
54 203
54 207
54 213
54 216
54 218
54 219
54 221
54 222
54 225
54 227
54 231
54 234
54 237
54 238
54 239
54 241
54 245
54 247
54 248
54 249
54 252
54 254
54 255
55 4
55 5
55 10
55 11
55 12
55 13
55 15
55 16
55 17
55 19
55 28
55 29
55 32
55 36
55 37
55 38
55 42
55 46
55 48
55 50
55 54
55 56
55 57
55 58
55 63
55 65
55 66
55 81
55 82
55 83
55 84
55 91
55 94
55 97
55 101
55 103
55 104
55 108
55 109
55 111
55 112
55 113
55 119
55 122
55 124
55 125
55 126
55 128
55 136
55 137
55 138
55 140
55 141
55 142
55 148
55 149
55 150
55 153
55 158
55 161
55 165
55 166
55 167
55 168
55 169
55 172
55 181
55 185
55 186
55 188
55 191
55 194
55 196
55 197
55 199
55 201
55 203
55 207
55 213
55 216
55 218
55 219
55 221
55 222
55 225
55 227
55 231
55 234
55 237
55 238
55 239
55 241
55 245
55 247
55 248
55 249
55 252
55 254
55 255
56 4
56 5
56 10
56 11
56 12
56 13
56 15
56 16
56 17
56 19
56 28
56 29
56 32
56 36
56 37
56 38
56 42
56 46
56 48
56 50
56 54
56 55
56 57
56 58
56 63
56 65
56 66
56 81
56 82
56 83
56 84
56 91
56 94
56 97
56 101
56 103
56 104
56 108
56 109
56 111
56 112
56 113
56 119
56 122
56 124
56 125
56 126
56 128
56 136
56 137
56 138
56 140
56 141
56 142
56 148
56 149
56 150
56 153
56 158
56 161
56 165
56 166
56 167
56 168
56 169
56 172
56 181
56 185
56 186
56 188
56 191
56 194
56 196
56 197
56 199
56 201
56 203
56 207
56 213
56 216
56 218
56 219
56 221
56 222
56 225
56 227
56 231
56 234
56 237
56 238
56 239
56 241
56 245
56 247
56 248
56 249
56 252
56 254
56 255
57 4
57 5
57 10
57 11
57 12
57 13
57 15
57 16
57 17
57 19
57 28
57 29
57 32
57 36
57 37
57 38
57 42
57 46
57 48
57 50
57 54
57 55
57 56
57 58
57 63
57 65
57 66
57 81
57 82
57 83
57 84
57 91
57 94
57 97
57 101
57 103
57 104
57 108
57 109
57 111
57 112
57 113
57 119
57 122
57 124
57 125
57 126
57 128
57 136
57 137
57 138
57 140
57 141
57 142
57 148
57 149
57 150
57 153
57 158
57 161
57 165
57 166
57 167
57 168
57 169
57 172
57 181
57 185
57 186
57 188
57 191
57 194
57 196
57 197
57 199
57 201
57 203
57 207
57 213
57 216
57 218
57 219
57 221
57 222
57 225
57 227
57 231
57 234
57 237
57 238
57 239
57 241
57 245
57 247
57 248
57 249
57 252
57 254
57 255
58 4
58 5
58 10
58 11
58 12
58 13
58 15
58 16
58 17
58 19
58 28
58 29
58 32
58 36
58 37
58 38
58 42
58 46
58 48
58 50
58 54
58 55
58 56
58 57
58 63
58 65
58 66
58 81
58 82
58 83
58 84
58 91
58 94
58 97
58 101
58 103
58 104
58 108
58 109
58 111
58 112
58 113
58 119
58 122
58 124
58 125
58 126
58 128
58 136
58 137
58 138
58 140
58 141
58 142
58 148
58 149
58 150
58 153
58 158
58 161
58 165
58 166
58 167
58 168
58 169
58 172
58 181
58 185
58 186
58 188
58 191
58 194
58 196
58 197
58 199
58 201
58 203
58 207
58 213
58 216
58 218
58 219
58 221
58 222
58 225
58 227
58 231
58 234
58 237
58 238
58 239
58 241
58 245
58 247
58 248
58 249
58 252
58 254
58 255
60 80
60 130
60 189
63 4
63 5
63 10
63 11
63 12
63 13
63 15
63 16
63 17
63 19
63 28
63 29
63 32
63 36
63 37
63 38
63 42
63 46
63 48
63 50
63 54
63 55
63 56
63 57
63 58
63 65
63 66
63 81
63 82
63 83
63 84
63 91
63 94
63 97
63 101
63 103
63 104
63 108
63 109
63 111
63 112
63 113
63 119
63 122
63 124
63 125
63 126
63 128
63 136
63 137
63 138
63 140
63 141
63 142
63 148
63 149
63 150
63 153
63 158
63 161
63 165
63 166
63 167
63 168
63 169
63 172
63 181
63 185
63 186
63 188
63 191
63 194
63 196
63 197
63 199
63 201
63 203
63 207
63 213
63 216
63 218
63 219
63 221
63 222
63 225
63 227
63 231
63 234
63 237
63 238
63 239
63 241
63 245
63 247
63 248
63 249
63 252
63 254
63 255
65 4
65 5
65 10
65 11
65 12
65 13
65 15
65 16
65 17
65 19
65 28
65 29
65 32
65 36
65 37
65 38
65 42
65 46
65 48
65 50
65 54
65 55
65 56
65 57
65 58
65 63
65 66
65 81
65 82
65 83
65 84
65 91
65 94
65 97
65 101
65 103
65 104
65 108
65 109
65 111
65 112
65 113
65 119
65 122
65 124
65 125
65 126
65 128
65 136
65 137
65 138
65 140
65 141
65 142
65 148
65 149
65 150
65 153
65 158
65 161
65 165
65 166
65 167
65 168
65 169
65 172
65 181
65 185
65 186
65 188
65 191
65 194
65 196
65 197
65 199
65 201
65 203
65 207
65 213
65 216
65 218
65 219
65 221
65 222
65 225
65 227
65 231
65 234
65 237
65 238
65 239
65 241
65 245
65 247
65 248
65 249
65 252
65 254
65 255
66 4
66 5
66 10
66 11
66 12
66 13
66 15
66 16
66 17
66 19
66 28
66 29
66 32
66 36
66 37
66 38
66 42
66 46
66 48
66 50
66 54
66 55
66 56
66 57
66 58
66 63
66 65
66 81
66 82
66 83
66 84
66 91
66 94
66 97
66 101
66 103
66 104
66 108
66 109
66 111
66 112
66 113
66 119
66 122
66 124
66 125
66 126
66 128
66 136
66 137
66 138
66 140
66 141
66 142
66 148
66 149
66 150
66 153
66 158
66 161
66 165
66 166
66 167
66 168
66 169
66 172
66 181
66 185
66 186
66 188
66 191
66 194
66 196
66 197
66 199
66 201
66 203
66 207
66 213
66 216
66 218
66 219
66 221
66 222
66 225
66 227
66 231
66 234
66 237
66 238
66 239
66 241
66 245
66 247
66 248
66 249
66 252
66 254
66 255
68 106
74 151
80 60
80 130
80 189
81 4
81 5
81 10
81 11
81 12
81 13
81 15
81 16
81 17
81 19
81 28
81 29
81 32
81 36
81 37
81 38
81 42
81 46
81 48
81 50
81 54
81 55
81 56
81 57
81 58
81 63
81 65
81 66
81 82
81 83
81 84
81 91
81 94
81 97
81 101
81 103
81 104
81 108
81 109
81 111
81 112
81 113
81 119
81 122
81 124
81 125
81 126
81 128
81 136
81 137
81 138
81 140
81 141
81 142
81 148
81 149
81 150
81 153
81 158
81 161
81 165
81 166
81 167
81 168
81 169
81 172
81 181
81 185
81 186
81 188
81 191
81 194
81 196
81 197
81 199
81 201
81 203
81 207
81 213
81 216
81 218
81 219
81 221
81 222
81 225
81 227
81 231
81 234
81 237
81 238
81 239
81 241
81 245
81 247
81 248
81 249
81 252
81 254
81 255
82 4
82 5
82 10
82 11
82 12
82 13
82 15
82 16
82 17
82 19
82 28
82 29
82 32
82 36
82 37
82 38
82 42
82 46
82 48
82 50
82 54
82 55
82 56
82 57
82 58
82 63
82 65
82 66
82 81
82 83
82 84
82 91
82 94
82 97
82 101
82 103
82 104
82 108
82 109
82 111
82 112
82 113
82 119
82 122
82 124
82 125
82 126
82 128
82 136
82 137
82 138
82 140
82 141
82 142
82 148
82 149
82 150
82 153
82 158
82 161
82 165
82 166
82 167
82 168
82 169
82 172
82 181
82 185
82 186
82 188
82 191
82 194
82 196
82 197
82 199
82 201
82 203
82 207
82 213
82 216
82 218
82 219
82 221
82 222
82 225
82 227
82 231
82 234
82 237
82 238
82 239
82 241
82 245
82 247
82 248
82 249
82 252
82 254
82 255
83 4
83 5
83 10
83 11
83 12
83 13
83 15
83 16
83 17
83 19
83 28
83 29
83 32
83 36
83 37
83 38
83 42
83 46
83 48
83 50
83 54
83 55
83 56
83 57
83 58
83 63
83 65
83 66
83 81
83 82
83 84
83 91
83 94
83 97
83 101
83 103
83 104
83 108
83 109
83 111
83 112
83 113
83 119
83 122
83 124
83 125
83 126
83 128
83 136
83 137
83 138
83 140
83 141
83 142
83 148
83 149
83 150
83 153
83 158
83 161
83 165
83 166
83 167
83 168
83 169
83 172
83 181
83 185
83 186
83 188
83 191
83 194
83 196
83 197
83 199
83 201
83 203
83 207
83 213
83 216
83 218
83 219
83 221
83 222
83 225
83 227
83 231
83 234
83 237
83 238
83 239
83 241
83 245
83 247
83 248
83 249
83 252
83 254
83 255
84 4
84 5
84 10
84 11
84 12
84 13
84 15
84 16
84 17
84 19
84 28
84 29
84 32
84 36
84 37
84 38
84 42
84 46
84 48
84 50
84 54
84 55
84 56
84 57
84 58
84 63
84 65
84 66
84 81
84 82
84 83
84 91
84 94
84 97
84 101
84 103
84 104
84 108
84 109
84 111
84 112
84 113
84 119
84 122
84 124
84 125
84 126
84 128
84 136
84 137
84 138
84 140
84 141
84 142
84 148
84 149
84 150
84 153
84 158
84 161
84 165
84 166
84 167
84 168
84 169
84 172
84 181
84 185
84 186
84 188
84 191
84 194
84 196
84 197
84 199
84 201
84 203
84 207
84 213
84 216
84 218
84 219
84 221
84 222
84 225
84 227
84 231
84 234
84 237
84 238
84 239
84 241
84 245
84 247
84 248
84 249
84 252
84 254
84 255
85 7
91 4
91 5
91 10
91 11
91 12
91 13
91 15
91 16
91 17
91 19
91 28
91 29
91 32
91 36
91 37
91 38
91 42
91 46
91 48
91 50
91 54
91 55
91 56
91 57
91 58
91 63
91 65
91 66
91 81
91 82
91 83
91 84
91 94
91 97
91 101
91 103
91 104
91 108
91 109
91 111
91 112
91 113
91 119
91 122
91 124
91 125
91 126
91 128
91 136
91 137
91 138
91 140
91 141
91 142
91 148
91 149
91 150
91 153
91 158
91 161
91 165
91 166
91 167
91 168
91 169
91 172
91 181
91 185
91 186
91 188
91 191
91 194
91 196
91 197
91 199
91 201
91 203
91 207
91 213
91 216
91 218
91 219
91 221
91 222
91 225
91 227
91 231
91 234
91 237
91 238
91 239
91 241
91 245
91 247
91 248
91 249
91 252
91 254
91 255
92 45
92 184
93 190
94 4
94 5
94 10
94 11
94 12
94 13
94 15
94 16
94 17
94 19
94 28
94 29
94 32
94 36
94 37
94 38
94 42
94 46
94 48
94 50
94 54
94 55
94 56
94 57
94 58
94 63
94 65
94 66
94 81
94 82
94 83
94 84
94 91
94 97
94 101
94 103
94 104
94 108
94 109
94 111
94 112
94 113
94 119
94 122
94 124
94 125
94 126
94 128
94 136
94 137
94 138
94 140
94 141
94 142
94 148
94 149
94 150
94 153
94 158
94 161
94 165
94 166
94 167
94 168
94 169
94 172
94 181
94 185
94 186
94 188
94 191
94 194
94 196
94 197
94 199
94 201
94 203
94 207
94 213
94 216
94 218
94 219
94 221
94 222
94 225
94 227
94 231
94 234
94 237
94 238
94 239
94 241
94 245
94 247
94 248
94 249
94 252
94 254
94 255
97 4
97 5
97 10
97 11
97 12
97 13
97 15
97 16
97 17
97 19
97 28
97 29
97 32
97 36
97 37
97 38
97 42
97 46
97 48
97 50
97 54
97 55
97 56
97 57
97 58
97 63
97 65
97 66
97 81
97 82
97 83
97 84
97 91
97 94
97 101
97 103
97 104
97 108
97 109
97 111
97 112
97 113
97 119
97 122
97 124
97 125
97 126
97 128
97 136
97 137
97 138
97 140
97 141
97 142
97 148
97 149
97 150
97 153
97 158
97 161
97 165
97 166
97 167
97 168
97 169
97 172
97 181
97 185
97 186
97 188
97 191
97 194
97 196
97 197
97 199
97 201
97 203
97 207
97 213
97 216
97 218
97 219
97 221
97 222
97 225
97 227
97 231
97 234
97 237
97 238
97 239
97 241
97 245
97 247
97 248
97 249
97 252
97 254
97 255
98 180
99 163
100 176
101 4
101 5
101 10
101 11
101 12
101 13
101 15
101 16
101 17
101 19
101 28
101 29
101 32
101 36
101 37
101 38
101 42
101 46
101 48
101 50
101 54
101 55
101 56
101 57
101 58
101 63
101 65
101 66
101 81
101 82
101 83
101 84
101 91
101 94
101 97
101 103
101 104
101 108
101 109
101 111
101 112
101 113
101 119
101 122
101 124
101 125
101 126
101 128
101 136
101 137
101 138
101 140
101 141
101 142
101 148
101 149
101 150
101 153
101 158
101 161
101 165
101 166
101 167
101 168
101 169
101 172
101 181
101 185
101 186
101 188
101 191
101 194
101 196
101 197
101 199
101 201
101 203
101 207
101 213
101 216
101 218
101 219
101 221
101 222
101 225
101 227
101 231
101 234
101 237
101 238
101 239
101 241
101 245
101 247
101 248
101 249
101 252
101 254
101 255
103 4
103 5
103 10
103 11
103 12
103 13
103 15
103 16
103 17
103 19
103 28
103 29
103 32
103 36
103 37
103 38
103 42
103 46
103 48
103 50
103 54
103 55
103 56
103 57
103 58
103 63
103 65
103 66
103 81
103 82
103 83
103 84
103 91
103 94
103 97
103 101
103 104
103 108
103 109
103 111
103 112
103 113
103 119
103 122
103 124
103 125
103 126
103 128
103 136
103 137
103 138
103 140
103 141
103 142
103 148
103 149
103 150
103 153
103 158
103 161
103 165
103 166
103 167
103 168
103 169
103 172
103 181
103 185
103 186
103 188
103 191
103 194
103 196
103 197
103 199
103 201
103 203
103 207
103 213
103 216
103 218
103 219
103 221
103 222
103 225
103 227
103 231
103 234
103 237
103 238
103 239
103 241
103 245
103 247
103 248
103 249
103 252
103 254
103 255
104 4
104 5
104 10
104 11
104 12
104 13
104 15
104 16
104 17
104 19
104 28
104 29
104 32
104 36
104 37
104 38
104 42
104 46
104 48
104 50
104 54
104 55
104 56
104 57
104 58
104 63
104 65
104 66
104 81
104 82
104 83
104 84
104 91
104 94
104 97
104 101
104 103
104 108
104 109
104 111
104 112
104 113
104 119
104 122
104 124
104 125
104 126
104 128
104 136
104 137
104 138
104 140
104 141
104 142
104 148
104 149
104 150
104 153
104 158
104 161
104 165
104 166
104 167
104 168
104 169
104 172
104 181
104 185
104 186
104 188
104 191
104 194
104 196
104 197
104 199
104 201
104 203
104 207
104 213
104 216
104 218
104 219
104 221
104 222
104 225
104 227
104 231
104 234
104 237
104 238
104 239
104 241
104 245
104 247
104 248
104 249
104 252
104 254
104 255
105 26
105 52
106 68
108 4
108 5
108 10
108 11
108 12
108 13
108 15
108 16
108 17
108 19
108 28
108 29
108 32
108 36
108 37
108 38
108 42
108 46
108 48
108 50
108 54
108 55
108 56
108 57
108 58
108 63
108 65
108 66
108 81
108 82
108 83
108 84
108 91
108 94
108 97
108 101
108 103
108 104
108 109
108 111
108 112
108 113
108 119
108 122
108 124
108 125
108 126
108 128
108 136
108 137
108 138
108 140
108 141
108 142
108 148
108 149
108 150
108 153
108 158
108 161
108 165
108 166
108 167
108 168
108 169
108 172
108 181
108 185
108 186
108 188
108 191
108 194
108 196
108 197
108 199
108 201
108 203
108 207
108 213
108 216
108 218
108 219
108 221
108 222
108 225
108 227
108 231
108 234
108 237
108 238
108 239
108 241
108 245
108 247
108 248
108 249
108 252
108 254
108 255
109 4
109 5
109 10
109 11
109 12
109 13
109 15
109 16
109 17
109 19
109 28
109 29
109 32
109 36
109 37
109 38
109 42
109 46
109 48
109 50
109 54
109 55
109 56
109 57
109 58
109 63
109 65
109 66
109 81
109 82
109 83
109 84
109 91
109 94
109 97
109 101
109 103
109 104
109 108
109 111
109 112
109 113
109 119
109 122
109 124
109 125
109 126
109 128
109 136
109 137
109 138
109 140
109 141
109 142
109 148
109 149
109 150
109 153
109 158
109 161
109 165
109 166
109 167
109 168
109 169
109 172
109 181
109 185
109 186
109 188
109 191
109 194
109 196
109 197
109 199
109 201
109 203
109 207
109 213
109 216
109 218
109 219
109 221
109 222
109 225
109 227
109 231
109 234
109 237
109 238
109 239
109 241
109 245
109 247
109 248
109 249
109 252
109 254
109 255
111 4
111 5
111 10
111 11
111 12
111 13
111 15
111 16
111 17
111 19
111 28
111 29
111 32
111 36
111 37
111 38
111 42
111 46
111 48
111 50
111 54
111 55
111 56
111 57
111 58
111 63
111 65
111 66
111 81
111 82
111 83
111 84
111 91
111 94
111 97
111 101
111 103
111 104
111 108
111 109
111 112
111 113
111 119
111 122
111 124
111 125
111 126
111 128
111 136
111 137
111 138
111 140
111 141
111 142
111 148
111 149
111 150
111 153
111 158
111 161
111 165
111 166
111 167
111 168
111 169
111 172
111 181
111 185
111 186
111 188
111 191
111 194
111 196
111 197
111 199
111 201
111 203
111 207
111 213
111 216
111 218
111 219
111 221
111 222
111 225
111 227
111 231
111 234
111 237
111 238
111 239
111 241
111 245
111 247
111 248
111 249
111 252
111 254
111 255
112 4
112 5
112 10
112 11
112 12
112 13
112 15
112 16
112 17
112 19
112 28
112 29
112 32
112 36
112 37
112 38
112 42
112 46
112 48
112 50
112 54
112 55
112 56
112 57
112 58
112 63
112 65
112 66
112 81
112 82
112 83
112 84
112 91
112 94
112 97
112 101
112 103
112 104
112 108
112 109
112 111
112 113
112 119
112 122
112 124
112 125
112 126
112 128
112 136
112 137
112 138
112 140
112 141
112 142
112 148
112 149
112 150
112 153
112 158
112 161
112 165
112 166
112 167
112 168
112 169
112 172
112 181
112 185
112 186
112 188
112 191
112 194
112 196
112 197
112 199
112 201
112 203
112 207
112 213
112 216
112 218
112 219
112 221
112 222
112 225
112 227
112 231
112 234
112 237
112 238
112 239
112 241
112 245
112 247
112 248
112 249
112 252
112 254
112 255
113 4
113 5
113 10
113 11
113 12
113 13
113 15
113 16
113 17
113 19
113 28
113 29
113 32
113 36
113 37
113 38
113 42
113 46
113 48
113 50
113 54
113 55
113 56
113 57
113 58
113 63
113 65
113 66
113 81
113 82
113 83
113 84
113 91
113 94
113 97
113 101
113 103
113 104
113 108
113 109
113 111
113 112
113 119
113 122
113 124
113 125
113 126
113 128
113 136
113 137
113 138
113 140
113 141
113 142
113 148
113 149
113 150
113 153
113 158
113 161
113 165
113 166
113 167
113 168
113 169
113 172
113 181
113 185
113 186
113 188
113 191
113 194
113 196
113 197
113 199
113 201
113 203
113 207
113 213
113 216
113 218
113 219
113 221
113 222
113 225
113 227
113 231
113 234
113 237
113 238
113 239
113 241
113 245
113 247
113 248
113 249
113 252
113 254
113 255
114 1
114 23
114 182
114 183
114 228
114 253
116 43
119 4
119 5
119 10
119 11
119 12
119 13
119 15
119 16
119 17
119 19
119 28
119 29
119 32
119 36
119 37
119 38
119 42
119 46
119 48
119 50
119 54
119 55
119 56
119 57
119 58
119 63
119 65
119 66
119 81
119 82
119 83
119 84
119 91
119 94
119 97
119 101
119 103
119 104
119 108
119 109
119 111
119 112
119 113
119 122
119 124
119 125
119 126
119 128
119 136
119 137
119 138
119 140
119 141
119 142
119 148
119 149
119 150
119 153
119 158
119 161
119 165
119 166
119 167
119 168
119 169
119 172
119 181
119 185
119 186
119 188
119 191
119 194
119 196
119 197
119 199
119 201
119 203
119 207
119 213
119 216
119 218
119 219
119 221
119 222
119 225
119 227
119 231
119 234
119 237
119 238
119 239
119 241
119 245
119 247
119 248
119 249
119 252
119 254
119 255
122 4
122 5
122 10
122 11
122 12
122 13
122 15
122 16
122 17
122 19
122 28
122 29
122 32
122 36
122 37
122 38
122 42
122 46
122 48
122 50
122 54
122 55
122 56
122 57
122 58
122 63
122 65
122 66
122 81
122 82
122 83
122 84
122 91
122 94
122 97
122 101
122 103
122 104
122 108
122 109
122 111
122 112
122 113
122 119
122 124
122 125
122 126
122 128
122 136
122 137
122 138
122 140
122 141
122 142
122 148
122 149
122 150
122 153
122 158
122 161
122 165
122 166
122 167
122 168
122 169
122 172
122 181
122 185
122 186
122 188
122 191
122 194
122 196
122 197
122 199
122 201
122 203
122 207
122 213
122 216
122 218
122 219
122 221
122 222
122 225
122 227
122 231
122 234
122 237
122 238
122 239
122 241
122 245
122 247
122 248
122 249
122 252
122 254
122 255
124 4
124 5
124 10
124 11
124 12
124 13
124 15
124 16
124 17
124 19
124 28
124 29
124 32
124 36
124 37
124 38
124 42
124 46
124 48
124 50
124 54
124 55
124 56
124 57
124 58
124 63
124 65
124 66
124 81
124 82
124 83
124 84
124 91
124 94
124 97
124 101
124 103
124 104
124 108
124 109
124 111
124 112
124 113
124 119
124 122
124 125
124 126
124 128
124 136
124 137
124 138
124 140
124 141
124 142
124 148
124 149
124 150
124 153
124 158
124 161
124 165
124 166
124 167
124 168
124 169
124 172
124 181
124 185
124 186
124 188
124 191
124 194
124 196
124 197
124 199
124 201
124 203
124 207
124 213
124 216
124 218
124 219
124 221
124 222
124 225
124 227
124 231
124 234
124 237
124 238
124 239
124 241
124 245
124 247
124 248
124 249
124 252
124 254
124 255
125 4
125 5
125 10
125 11
125 12
125 13
125 15
125 16
125 17
125 19
125 28
125 29
125 32
125 36
125 37
125 38
125 42
125 46
125 48
125 50
125 54
125 55
125 56
125 57
125 58
125 63
125 65
125 66
125 81
125 82
125 83
125 84
125 91
125 94
125 97
125 101
125 103
125 104
125 108
125 109
125 111
125 112
125 113
125 119
125 122
125 124
125 126
125 128
125 136
125 137
125 138
125 140
125 141
125 142
125 148
125 149
125 150
125 153
125 158
125 161
125 165
125 166
125 167
125 168
125 169
125 172
125 181
125 185
125 186
125 188
125 191
125 194
125 196
125 197
125 199
125 201
125 203
125 207
125 213
125 216
125 218
125 219
125 221
125 222
125 225
125 227
125 231
125 234
125 237
125 238
125 239
125 241
125 245
125 247
125 248
125 249
125 252
125 254
125 255
126 4
126 5
126 10
126 11
126 12
126 13
126 15
126 16
126 17
126 19
126 28
126 29
126 32
126 36
126 37
126 38
126 42
126 46
126 48
126 50
126 54
126 55
126 56
126 57
126 58
126 63
126 65
126 66
126 81
126 82
126 83
126 84
126 91
126 94
126 97
126 101
126 103
126 104
126 108
126 109
126 111
126 112
126 113
126 119
126 122
126 124
126 125
126 128
126 136
126 137
126 138
126 140
126 141
126 142
126 148
126 149
126 150
126 153
126 158
126 161
126 165
126 166
126 167
126 168
126 169
126 172
126 181
126 185
126 186
126 188
126 191
126 194
126 196
126 197
126 199
126 201
126 203
126 207
126 213
126 216
126 218
126 219
126 221
126 222
126 225
126 227
126 231
126 234
126 237
126 238
126 239
126 241
126 245
126 247
126 248
126 249
126 252
126 254
126 255
128 4
128 5
128 10
128 11
128 12
128 13
128 15
128 16
128 17
128 19
128 28
128 29
128 32
128 36
128 37
128 38
128 42
128 46
128 48
128 50
128 54
128 55
128 56
128 57
128 58
128 63
128 65
128 66
128 81
128 82
128 83
128 84
128 91
128 94
128 97
128 101
128 103
128 104
128 108
128 109
128 111
128 112
128 113
128 119
128 122
128 124
128 125
128 126
128 136
128 137
128 138
128 140
128 141
128 142
128 148
128 149
128 150
128 153
128 158
128 161
128 165
128 166
128 167
128 168
128 169
128 172
128 181
128 185
128 186
128 188
128 191
128 194
128 196
128 197
128 199
128 201
128 203
128 207
128 213
128 216
128 218
128 219
128 221
128 222
128 225
128 227
128 231
128 234
128 237
128 238
128 239
128 241
128 245
128 247
128 248
128 249
128 252
128 254
128 255
130 60
130 80
130 189
136 4
136 5
136 10
136 11
136 12
136 13
136 15
136 16
136 17
136 19
136 28
136 29
136 32
136 36
136 37
136 38
136 42
136 46
136 48
136 50
136 54
136 55
136 56
136 57
136 58
136 63
136 65
136 66
136 81
136 82
136 83
136 84
136 91
136 94
136 97
136 101
136 103
136 104
136 108
136 109
136 111
136 112
136 113
136 119
136 122
136 124
136 125
136 126
136 128
136 137
136 138
136 140
136 141
136 142
136 148
136 149
136 150
136 153
136 158
136 161
136 165
136 166
136 167
136 168
136 169
136 172
136 181
136 185
136 186
136 188
136 191
136 194
136 196
136 197
136 199
136 201
136 203
136 207
136 213
136 216
136 218
136 219
136 221
136 222
136 225
136 227
136 231
136 234
136 237
136 238
136 239
136 241
136 245
136 247
136 248
136 249
136 252
136 254
136 255
137 4
137 5
137 10
137 11
137 12
137 13
137 15
137 16
137 17
137 19
137 28
137 29
137 32
137 36
137 37
137 38
137 42
137 46
137 48
137 50
137 54
137 55
137 56
137 57
137 58
137 63
137 65
137 66
137 81
137 82
137 83
137 84
137 91
137 94
137 97
137 101
137 103
137 104
137 108
137 109
137 111
137 112
137 113
137 119
137 122
137 124
137 125
137 126
137 128
137 136
137 138
137 140
137 141
137 142
137 148
137 149
137 150
137 153
137 158
137 161
137 165
137 166
137 167
137 168
137 169
137 172
137 181
137 185
137 186
137 188
137 191
137 194
137 196
137 197
137 199
137 201
137 203
137 207
137 213
137 216
137 218
137 219
137 221
137 222
137 225
137 227
137 231
137 234
137 237
137 238
137 239
137 241
137 245
137 247
137 248
137 249
137 252
137 254
137 255
138 4
138 5
138 10
138 11
138 12
138 13
138 15
138 16
138 17
138 19
138 28
138 29
138 32
138 36
138 37
138 38
138 42
138 46
138 48
138 50
138 54
138 55
138 56
138 57
138 58
138 63
138 65
138 66
138 81
138 82
138 83
138 84
138 91
138 94
138 97
138 101
138 103
138 104
138 108
138 109
138 111
138 112
138 113
138 119
138 122
138 124
138 125
138 126
138 128
138 136
138 137
138 140
138 141
138 142
138 148
138 149
138 150
138 153
138 158
138 161
138 165
138 166
138 167
138 168
138 169
138 172
138 181
138 185
138 186
138 188
138 191
138 194
138 196
138 197
138 199
138 201
138 203
138 207
138 213
138 216
138 218
138 219
138 221
138 222
138 225
138 227
138 231
138 234
138 237
138 238
138 239
138 241
138 245
138 247
138 248
138 249
138 252
138 254
138 255
140 4
140 5
140 10
140 11
140 12
140 13
140 15
140 16
140 17
140 19
140 28
140 29
140 32
140 36
140 37
140 38
140 42
140 46
140 48
140 50
140 54
140 55
140 56
140 57
140 58
140 63
140 65
140 66
140 81
140 82
140 83
140 84
140 91
140 94
140 97
140 101
140 103
140 104
140 108
140 109
140 111
140 112
140 113
140 119
140 122
140 124
140 125
140 126
140 128
140 136
140 137
140 138
140 141
140 142
140 148
140 149
140 150
140 153
140 158
140 161
140 165
140 166
140 167
140 168
140 169
140 172
140 181
140 185
140 186
140 188
140 191
140 194
140 196
140 197
140 199
140 201
140 203
140 207
140 213
140 216
140 218
140 219
140 221
140 222
140 225
140 227
140 231
140 234
140 237
140 238
140 239
140 241
140 245
140 247
140 248
140 249
140 252
140 254
140 255
141 4
141 5
141 10
141 11
141 12
141 13
141 15
141 16
141 17
141 19
141 28
141 29
141 32
141 36
141 37
141 38
141 42
141 46
141 48
141 50
141 54
141 55
141 56
141 57
141 58
141 63
141 65
141 66
141 81
141 82
141 83
141 84
141 91
141 94
141 97
141 101
141 103
141 104
141 108
141 109
141 111
141 112
141 113
141 119
141 122
141 124
141 125
141 126
141 128
141 136
141 137
141 138
141 140
141 142
141 148
141 149
141 150
141 153
141 158
141 161
141 165
141 166
141 167
141 168
141 169
141 172
141 181
141 185
141 186
141 188
141 191
141 194
141 196
141 197
141 199
141 201
141 203
141 207
141 213
141 216
141 218
141 219
141 221
141 222
141 225
141 227
141 231
141 234
141 237
141 238
141 239
141 241
141 245
141 247
141 248
141 249
141 252
141 254
141 255
142 4
142 5
142 10
142 11
142 12
142 13
142 15
142 16
142 17
142 19
142 28
142 29
142 32
142 36
142 37
142 38
142 42
142 46
142 48
142 50
142 54
142 55
142 56
142 57
142 58
142 63
142 65
142 66
142 81
142 82
142 83
142 84
142 91
142 94
142 97
142 101
142 103
142 104
142 108
142 109
142 111
142 112
142 113
142 119
142 122
142 124
142 125
142 126
142 128
142 136
142 137
142 138
142 140
142 141
142 148
142 149
142 150
142 153
142 158
142 161
142 165
142 166
142 167
142 168
142 169
142 172
142 181
142 185
142 186
142 188
142 191
142 194
142 196
142 197
142 199
142 201
142 203
142 207
142 213
142 216
142 218
142 219
142 221
142 222
142 225
142 227
142 231
142 234
142 237
142 238
142 239
142 241
142 245
142 247
142 248
142 249
142 252
142 254
142 255
143 35
145 217
148 4
148 5
148 10
148 11
148 12
148 13
148 15
148 16
148 17
148 19
148 28
148 29
148 32
148 36
148 37
148 38
148 42
148 46
148 48
148 50
148 54
148 55
148 56
148 57
148 58
148 63
148 65
148 66
148 81
148 82
148 83
148 84
148 91
148 94
148 97
148 101
148 103
148 104
148 108
148 109
148 111
148 112
148 113
148 119
148 122
148 124
148 125
148 126
148 128
148 136
148 137
148 138
148 140
148 141
148 142
148 149
148 150
148 153
148 158
148 161
148 165
148 166
148 167
148 168
148 169
148 172
148 181
148 185
148 186
148 188
148 191
148 194
148 196
148 197
148 199
148 201
148 203
148 207
148 213
148 216
148 218
148 219
148 221
148 222
148 225
148 227
148 231
148 234
148 237
148 238
148 239
148 241
148 245
148 247
148 248
148 249
148 252
148 254
148 255
149 4
149 5
149 10
149 11
149 12
149 13
149 15
149 16
149 17
149 19
149 28
149 29
149 32
149 36
149 37
149 38
149 42
149 46
149 48
149 50
149 54
149 55
149 56
149 57
149 58
149 63
149 65
149 66
149 81
149 82
149 83
149 84
149 91
149 94
149 97
149 101
149 103
149 104
149 108
149 109
149 111
149 112
149 113
149 119
149 122
149 124
149 125
149 126
149 128
149 136
149 137
149 138
149 140
149 141
149 142
149 148
149 150
149 153
149 158
149 161
149 165
149 166
149 167
149 168
149 169
149 172
149 181
149 185
149 186
149 188
149 191
149 194
149 196
149 197
149 199
149 201
149 203
149 207
149 213
149 216
149 218
149 219
149 221
149 222
149 225
149 227
149 231
149 234
149 237
149 238
149 239
149 241
149 245
149 247
149 248
149 249
149 252
149 254
149 255
150 4
150 5
150 10
150 11
150 12
150 13
150 15
150 16
150 17
150 19
150 28
150 29
150 32
150 36
150 37
150 38
150 42
150 46
150 48
150 50
150 54
150 55
150 56
150 57
150 58
150 63
150 65
150 66
150 81
150 82
150 83
150 84
150 91
150 94
150 97
150 101
150 103
150 104
150 108
150 109
150 111
150 112
150 113
150 119
150 122
150 124
150 125
150 126
150 128
150 136
150 137
150 138
150 140
150 141
150 142
150 148
150 149
150 153
150 158
150 161
150 165
150 166
150 167
150 168
150 169
150 172
150 181
150 185
150 186
150 188
150 191
150 194
150 196
150 197
150 199
150 201
150 203
150 207
150 213
150 216
150 218
150 219
150 221
150 222
150 225
150 227
150 231
150 234
150 237
150 238
150 239
150 241
150 245
150 247
150 248
150 249
150 252
150 254
150 255
151 74
152 200
153 4
153 5
153 10
153 11
153 12
153 13
153 15
153 16
153 17
153 19
153 28
153 29
153 32
153 36
153 37
153 38
153 42
153 46
153 48
153 50
153 54
153 55
153 56
153 57
153 58
153 63
153 65
153 66
153 81
153 82
153 83
153 84
153 91
153 94
153 97
153 101
153 103
153 104
153 108
153 109
153 111
153 112
153 113
153 119
153 122
153 124
153 125
153 126
153 128
153 136
153 137
153 138
153 140
153 141
153 142
153 148
153 149
153 150
153 158
153 161
153 165
153 166
153 167
153 168
153 169
153 172
153 181
153 185
153 186
153 188
153 191
153 194
153 196
153 197
153 199
153 201
153 203
153 207
153 213
153 216
153 218
153 219
153 221
153 222
153 225
153 227
153 231
153 234
153 237
153 238
153 239
153 241
153 245
153 247
153 248
153 249
153 252
153 254
153 255
158 4
158 5
158 10
158 11
158 12
158 13
158 15
158 16
158 17
158 19
158 28
158 29
158 32
158 36
158 37
158 38
158 42
158 46
158 48
158 50
158 54
158 55
158 56
158 57
158 58
158 63
158 65
158 66
158 81
158 82
158 83
158 84
158 91
158 94
158 97
158 101
158 103
158 104
158 108
158 109
158 111
158 112
158 113
158 119
158 122
158 124
158 125
158 126
158 128
158 136
158 137
158 138
158 140
158 141
158 142
158 148
158 149
158 150
158 153
158 161
158 165
158 166
158 167
158 168
158 169
158 172
158 181
158 185
158 186
158 188
158 191
158 194
158 196
158 197
158 199
158 201
158 203
158 207
158 213
158 216
158 218
158 219
158 221
158 222
158 225
158 227
158 231
158 234
158 237
158 238
158 239
158 241
158 245
158 247
158 248
158 249
158 252
158 254
158 255
159 44
159 192
159 202
159 223
161 4
161 5
161 10
161 11
161 12
161 13
161 15
161 16
161 17
161 19
161 28
161 29
161 32
161 36
161 37
161 38
161 42
161 46
161 48
161 50
161 54
161 55
161 56
161 57
161 58
161 63
161 65
161 66
161 81
161 82
161 83
161 84
161 91
161 94
161 97
161 101
161 103
161 104
161 108
161 109
161 111
161 112
161 113
161 119
161 122
161 124
161 125
161 126
161 128
161 136
161 137
161 138
161 140
161 141
161 142
161 148
161 149
161 150
161 153
161 158
161 165
161 166
161 167
161 168
161 169
161 172
161 181
161 185
161 186
161 188
161 191
161 194
161 196
161 197
161 199
161 201
161 203
161 207
161 213
161 216
161 218
161 219
161 221
161 222
161 225
161 227
161 231
161 234
161 237
161 238
161 239
161 241
161 245
161 247
161 248
161 249
161 252
161 254
161 255
163 99
165 4
165 5
165 10
165 11
165 12
165 13
165 15
165 16
165 17
165 19
165 28
165 29
165 32
165 36
165 37
165 38
165 42
165 46
165 48
165 50
165 54
165 55
165 56
165 57
165 58
165 63
165 65
165 66
165 81
165 82
165 83
165 84
165 91
165 94
165 97
165 101
165 103
165 104
165 108
165 109
165 111
165 112
165 113
165 119
165 122
165 124
165 125
165 126
165 128
165 136
165 137
165 138
165 140
165 141
165 142
165 148
165 149
165 150
165 153
165 158
165 161
165 166
165 167
165 168
165 169
165 172
165 181
165 185
165 186
165 188
165 191
165 194
165 196
165 197
165 199
165 201
165 203
165 207
165 213
165 216
165 218
165 219
165 221
165 222
165 225
165 227
165 231
165 234
165 237
165 238
165 239
165 241
165 245
165 247
165 248
165 249
165 252
165 254
165 255
166 4
166 5
166 10
166 11
166 12
166 13
166 15
166 16
166 17
166 19
166 28
166 29
166 32
166 36
166 37
166 38
166 42
166 46
166 48
166 50
166 54
166 55
166 56
166 57
166 58
166 63
166 65
166 66
166 81
166 82
166 83
166 84
166 91
166 94
166 97
166 101
166 103
166 104
166 108
166 109
166 111
166 112
166 113
166 119
166 122
166 124
166 125
166 126
166 128
166 136
166 137
166 138
166 140
166 141
166 142
166 148
166 149
166 150
166 153
166 158
166 161
166 165
166 167
166 168
166 169
166 172
166 181
166 185
166 186
166 188
166 191
166 194
166 196
166 197
166 199
166 201
166 203
166 207
166 213
166 216
166 218
166 219
166 221
166 222
166 225
166 227
166 231
166 234
166 237
166 238
166 239
166 241
166 245
166 247
166 248
166 249
166 252
166 254
166 255
167 4
167 5
167 10
167 11
167 12
167 13
167 15
167 16
167 17
167 19
167 28
167 29
167 32
167 36
167 37
167 38
167 42
167 46
167 48
167 50
167 54
167 55
167 56
167 57
167 58
167 63
167 65
167 66
167 81
167 82
167 83
167 84
167 91
167 94
167 97
167 101
167 103
167 104
167 108
167 109
167 111
167 112
167 113
167 119
167 122
167 124
167 125
167 126
167 128
167 136
167 137
167 138
167 140
167 141
167 142
167 148
167 149
167 150
167 153
167 158
167 161
167 165
167 166
167 168
167 169
167 172
167 181
167 185
167 186
167 188
167 191
167 194
167 196
167 197
167 199
167 201
167 203
167 207
167 213
167 216
167 218
167 219
167 221
167 222
167 225
167 227
167 231
167 234
167 237
167 238
167 239
167 241
167 245
167 247
167 248
167 249
167 252
167 254
167 255
168 4
168 5
168 10
168 11
168 12
168 13
168 15
168 16
168 17
168 19
168 28
168 29
168 32
168 36
168 37
168 38
168 42
168 46
168 48
168 50
168 54
168 55
168 56
168 57
168 58
168 63
168 65
168 66
168 81
168 82
168 83
168 84
168 91
168 94
168 97
168 101
168 103
168 104
168 108
168 109
168 111
168 112
168 113
168 119
168 122
168 124
168 125
168 126
168 128
168 136
168 137
168 138
168 140
168 141
168 142
168 148
168 149
168 150
168 153
168 158
168 161
168 165
168 166
168 167
168 169
168 172
168 181
168 185
168 186
168 188
168 191
168 194
168 196
168 197
168 199
168 201
168 203
168 207
168 213
168 216
168 218
168 219
168 221
168 222
168 225
168 227
168 231
168 234
168 237
168 238
168 239
168 241
168 245
168 247
168 248
168 249
168 252
168 254
168 255
169 4
169 5
169 10
169 11
169 12
169 13
169 15
169 16
169 17
169 19
169 28
169 29
169 32
169 36
169 37
169 38
169 42
169 46
169 48
169 50
169 54
169 55
169 56
169 57
169 58
169 63
169 65
169 66
169 81
169 82
169 83
169 84
169 91
169 94
169 97
169 101
169 103
169 104
169 108
169 109
169 111
169 112
169 113
169 119
169 122
169 124
169 125
169 126
169 128
169 136
169 137
169 138
169 140
169 141
169 142
169 148
169 149
169 150
169 153
169 158
169 161
169 165
169 166
169 167
169 168
169 172
169 181
169 185
169 186
169 188
169 191
169 194
169 196
169 197
169 199
169 201
169 203
169 207
169 213
169 216
169 218
169 219
169 221
169 222
169 225
169 227
169 231
169 234
169 237
169 238
169 239
169 241
169 245
169 247
169 248
169 249
169 252
169 254
169 255
172 4
172 5
172 10
172 11
172 12
172 13
172 15
172 16
172 17
172 19
172 28
172 29
172 32
172 36
172 37
172 38
172 42
172 46
172 48
172 50
172 54
172 55
172 56
172 57
172 58
172 63
172 65
172 66
172 81
172 82
172 83
172 84
172 91
172 94
172 97
172 101
172 103
172 104
172 108
172 109
172 111
172 112
172 113
172 119
172 122
172 124
172 125
172 126
172 128
172 136
172 137
172 138
172 140
172 141
172 142
172 148
172 149
172 150
172 153
172 158
172 161
172 165
172 166
172 167
172 168
172 169
172 181
172 185
172 186
172 188
172 191
172 194
172 196
172 197
172 199
172 201
172 203
172 207
172 213
172 216
172 218
172 219
172 221
172 222
172 225
172 227
172 231
172 234
172 237
172 238
172 239
172 241
172 245
172 247
172 248
172 249
172 252
172 254
172 255
173 233
176 100
178 40
180 98
181 4
181 5
181 10
181 11
181 12
181 13
181 15
181 16
181 17
181 19
181 28
181 29
181 32
181 36
181 37
181 38
181 42
181 46
181 48
181 50
181 54
181 55
181 56
181 57
181 58
181 63
181 65
181 66
181 81
181 82
181 83
181 84
181 91
181 94
181 97
181 101
181 103
181 104
181 108
181 109
181 111
181 112
181 113
181 119
181 122
181 124
181 125
181 126
181 128
181 136
181 137
181 138
181 140
181 141
181 142
181 148
181 149
181 150
181 153
181 158
181 161
181 165
181 166
181 167
181 168
181 169
181 172
181 185
181 186
181 188
181 191
181 194
181 196
181 197
181 199
181 201
181 203
181 207
181 213
181 216
181 218
181 219
181 221
181 222
181 225
181 227
181 231
181 234
181 237
181 238
181 239
181 241
181 245
181 247
181 248
181 249
181 252
181 254
181 255
182 1
182 23
182 114
182 183
182 228
182 253
183 1
183 23
183 114
183 182
183 228
183 253
184 45
184 92
185 4
185 5
185 10
185 11
185 12
185 13
185 15
185 16
185 17
185 19
185 28
185 29
185 32
185 36
185 37
185 38
185 42
185 46
185 48
185 50
185 54
185 55
185 56
185 57
185 58
185 63
185 65
185 66
185 81
185 82
185 83
185 84
185 91
185 94
185 97
185 101
185 103
185 104
185 108
185 109
185 111
185 112
185 113
185 119
185 122
185 124
185 125
185 126
185 128
185 136
185 137
185 138
185 140
185 141
185 142
185 148
185 149
185 150
185 153
185 158
185 161
185 165
185 166
185 167
185 168
185 169
185 172
185 181
185 186
185 188
185 191
185 194
185 196
185 197
185 199
185 201
185 203
185 207
185 213
185 216
185 218
185 219
185 221
185 222
185 225
185 227
185 231
185 234
185 237
185 238
185 239
185 241
185 245
185 247
185 248
185 249
185 252
185 254
185 255
186 4
186 5
186 10
186 11
186 12
186 13
186 15
186 16
186 17
186 19
186 28
186 29
186 32
186 36
186 37
186 38
186 42
186 46
186 48
186 50
186 54
186 55
186 56
186 57
186 58
186 63
186 65
186 66
186 81
186 82
186 83
186 84
186 91
186 94
186 97
186 101
186 103
186 104
186 108
186 109
186 111
186 112
186 113
186 119
186 122
186 124
186 125
186 126
186 128
186 136
186 137
186 138
186 140
186 141
186 142
186 148
186 149
186 150
186 153
186 158
186 161
186 165
186 166
186 167
186 168
186 169
186 172
186 181
186 185
186 188
186 191
186 194
186 196
186 197
186 199
186 201
186 203
186 207
186 213
186 216
186 218
186 219
186 221
186 222
186 225
186 227
186 231
186 234
186 237
186 238
186 239
186 241
186 245
186 247
186 248
186 249
186 252
186 254
186 255
187 226
188 4
188 5
188 10
188 11
188 12
188 13
188 15
188 16
188 17
188 19
188 28
188 29
188 32
188 36
188 37
188 38
188 42
188 46
188 48
188 50
188 54
188 55
188 56
188 57
188 58
188 63
188 65
188 66
188 81
188 82
188 83
188 84
188 91
188 94
188 97
188 101
188 103
188 104
188 108
188 109
188 111
188 112
188 113
188 119
188 122
188 124
188 125
188 126
188 128
188 136
188 137
188 138
188 140
188 141
188 142
188 148
188 149
188 150
188 153
188 158
188 161
188 165
188 166
188 167
188 168
188 169
188 172
188 181
188 185
188 186
188 191
188 194
188 196
188 197
188 199
188 201
188 203
188 207
188 213
188 216
188 218
188 219
188 221
188 222
188 225
188 227
188 231
188 234
188 237
188 238
188 239
188 241
188 245
188 247
188 248
188 249
188 252
188 254
188 255
189 60
189 80
189 130
190 93
191 4
191 5
191 10
191 11
191 12
191 13
191 15
191 16
191 17
191 19
191 28
191 29
191 32
191 36
191 37
191 38
191 42
191 46
191 48
191 50
191 54
191 55
191 56
191 57
191 58
191 63
191 65
191 66
191 81
191 82
191 83
191 84
191 91
191 94
191 97
191 101
191 103
191 104
191 108
191 109
191 111
191 112
191 113
191 119
191 122
191 124
191 125
191 126
191 128
191 136
191 137
191 138
191 140
191 141
191 142
191 148
191 149
191 150
191 153
191 158
191 161
191 165
191 166
191 167
191 168
191 169
191 172
191 181
191 185
191 186
191 188
191 194
191 196
191 197
191 199
191 201
191 203
191 207
191 213
191 216
191 218
191 219
191 221
191 222
191 225
191 227
191 231
191 234
191 237
191 238
191 239
191 241
191 245
191 247
191 248
191 249
191 252
191 254
191 255
192 44
192 159
192 202
192 223
194 4
194 5
194 10
194 11
194 12
194 13
194 15
194 16
194 17
194 19
194 28
194 29
194 32
194 36
194 37
194 38
194 42
194 46
194 48
194 50
194 54
194 55
194 56
194 57
194 58
194 63
194 65
194 66
194 81
194 82
194 83
194 84
194 91
194 94
194 97
194 101
194 103
194 104
194 108
194 109
194 111
194 112
194 113
194 119
194 122
194 124
194 125
194 126
194 128
194 136
194 137
194 138
194 140
194 141
194 142
194 148
194 149
194 150
194 153
194 158
194 161
194 165
194 166
194 167
194 168
194 169
194 172
194 181
194 185
194 186
194 188
194 191
194 196
194 197
194 199
194 201
194 203
194 207
194 213
194 216
194 218
194 219
194 221
194 222
194 225
194 227
194 231
194 234
194 237
194 238
194 239
194 241
194 245
194 247
194 248
194 249
194 252
194 254
194 255
196 4
196 5
196 10
196 11
196 12
196 13
196 15
196 16
196 17
196 19
196 28
196 29
196 32
196 36
196 37
196 38
196 42
196 46
196 48
196 50
196 54
196 55
196 56
196 57
196 58
196 63
196 65
196 66
196 81
196 82
196 83
196 84
196 91
196 94
196 97
196 101
196 103
196 104
196 108
196 109
196 111
196 112
196 113
196 119
196 122
196 124
196 125
196 126
196 128
196 136
196 137
196 138
196 140
196 141
196 142
196 148
196 149
196 150
196 153
196 158
196 161
196 165
196 166
196 167
196 168
196 169
196 172
196 181
196 185
196 186
196 188
196 191
196 194
196 197
196 199
196 201
196 203
196 207
196 213
196 216
196 218
196 219
196 221
196 222
196 225
196 227
196 231
196 234
196 237
196 238
196 239
196 241
196 245
196 247
196 248
196 249
196 252
196 254
196 255
197 4
197 5
197 10
197 11
197 12
197 13
197 15
197 16
197 17
197 19
197 28
197 29
197 32
197 36
197 37
197 38
197 42
197 46
197 48
197 50
197 54
197 55
197 56
197 57
197 58
197 63
197 65
197 66
197 81
197 82
197 83
197 84
197 91
197 94
197 97
197 101
197 103
197 104
197 108
197 109
197 111
197 112
197 113
197 119
197 122
197 124
197 125
197 126
197 128
197 136
197 137
197 138
197 140
197 141
197 142
197 148
197 149
197 150
197 153
197 158
197 161
197 165
197 166
197 167
197 168
197 169
197 172
197 181
197 185
197 186
197 188
197 191
197 194
197 196
197 199
197 201
197 203
197 207
197 213
197 216
197 218
197 219
197 221
197 222
197 225
197 227
197 231
197 234
197 237
197 238
197 239
197 241
197 245
197 247
197 248
197 249
197 252
197 254
197 255
199 4
199 5
199 10
199 11
199 12
199 13
199 15
199 16
199 17
199 19
199 28
199 29
199 32
199 36
199 37
199 38
199 42
199 46
199 48
199 50
199 54
199 55
199 56
199 57
199 58
199 63
199 65
199 66
199 81
199 82
199 83
199 84
199 91
199 94
199 97
199 101
199 103
199 104
199 108
199 109
199 111
199 112
199 113
199 119
199 122
199 124
199 125
199 126
199 128
199 136
199 137
199 138
199 140
199 141
199 142
199 148
199 149
199 150
199 153
199 158
199 161
199 165
199 166
199 167
199 168
199 169
199 172
199 181
199 185
199 186
199 188
199 191
199 194
199 196
199 197
199 201
199 203
199 207
199 213
199 216
199 218
199 219
199 221
199 222
199 225
199 227
199 231
199 234
199 237
199 238
199 239
199 241
199 245
199 247
199 248
199 249
199 252
199 254
199 255
200 152
201 4
201 5
201 10
201 11
201 12
201 13
201 15
201 16
201 17
201 19
201 28
201 29
201 32
201 36
201 37
201 38
201 42
201 46
201 48
201 50
201 54
201 55
201 56
201 57
201 58
201 63
201 65
201 66
201 81
201 82
201 83
201 84
201 91
201 94
201 97
201 101
201 103
201 104
201 108
201 109
201 111
201 112
201 113
201 119
201 122
201 124
201 125
201 126
201 128
201 136
201 137
201 138
201 140
201 141
201 142
201 148
201 149
201 150
201 153
201 158
201 161
201 165
201 166
201 167
201 168
201 169
201 172
201 181
201 185
201 186
201 188
201 191
201 194
201 196
201 197
201 199
201 203
201 207
201 213
201 216
201 218
201 219
201 221
201 222
201 225
201 227
201 231
201 234
201 237
201 238
201 239
201 241
201 245
201 247
201 248
201 249
201 252
201 254
201 255
202 44
202 159
202 192
202 223
203 4
203 5
203 10
203 11
203 12
203 13
203 15
203 16
203 17
203 19
203 28
203 29
203 32
203 36
203 37
203 38
203 42
203 46
203 48
203 50
203 54
203 55
203 56
203 57
203 58
203 63
203 65
203 66
203 81
203 82
203 83
203 84
203 91
203 94
203 97
203 101
203 103
203 104
203 108
203 109
203 111
203 112
203 113
203 119
203 122
203 124
203 125
203 126
203 128
203 136
203 137
203 138
203 140
203 141
203 142
203 148
203 149
203 150
203 153
203 158
203 161
203 165
203 166
203 167
203 168
203 169
203 172
203 181
203 185
203 186
203 188
203 191
203 194
203 196
203 197
203 199
203 201
203 207
203 213
203 216
203 218
203 219
203 221
203 222
203 225
203 227
203 231
203 234
203 237
203 238
203 239
203 241
203 245
203 247
203 248
203 249
203 252
203 254
203 255
204 2
204 20
204 210
205 30
207 4
207 5
207 10
207 11
207 12
207 13
207 15
207 16
207 17
207 19
207 28
207 29
207 32
207 36
207 37
207 38
207 42
207 46
207 48
207 50
207 54
207 55
207 56
207 57
207 58
207 63
207 65
207 66
207 81
207 82
207 83
207 84
207 91
207 94
207 97
207 101
207 103
207 104
207 108
207 109
207 111
207 112
207 113
207 119
207 122
207 124
207 125
207 126
207 128
207 136
207 137
207 138
207 140
207 141
207 142
207 148
207 149
207 150
207 153
207 158
207 161
207 165
207 166
207 167
207 168
207 169
207 172
207 181
207 185
207 186
207 188
207 191
207 194
207 196
207 197
207 199
207 201
207 203
207 213
207 216
207 218
207 219
207 221
207 222
207 225
207 227
207 231
207 234
207 237
207 238
207 239
207 241
207 245
207 247
207 248
207 249
207 252
207 254
207 255
210 2
210 20
210 204
213 4
213 5
213 10
213 11
213 12
213 13
213 15
213 16
213 17
213 19
213 28
213 29
213 32
213 36
213 37
213 38
213 42
213 46
213 48
213 50
213 54
213 55
213 56
213 57
213 58
213 63
213 65
213 66
213 81
213 82
213 83
213 84
213 91
213 94
213 97
213 101
213 103
213 104
213 108
213 109
213 111
213 112
213 113
213 119
213 122
213 124
213 125
213 126
213 128
213 136
213 137
213 138
213 140
213 141
213 142
213 148
213 149
213 150
213 153
213 158
213 161
213 165
213 166
213 167
213 168
213 169
213 172
213 181
213 185
213 186
213 188
213 191
213 194
213 196
213 197
213 199
213 201
213 203
213 207
213 216
213 218
213 219
213 221
213 222
213 225
213 227
213 231
213 234
213 237
213 238
213 239
213 241
213 245
213 247
213 248
213 249
213 252
213 254
213 255
216 4
216 5
216 10
216 11
216 12
216 13
216 15
216 16
216 17
216 19
216 28
216 29
216 32
216 36
216 37
216 38
216 42
216 46
216 48
216 50
216 54
216 55
216 56
216 57
216 58
216 63
216 65
216 66
216 81
216 82
216 83
216 84
216 91
216 94
216 97
216 101
216 103
216 104
216 108
216 109
216 111
216 112
216 113
216 119
216 122
216 124
216 125
216 126
216 128
216 136
216 137
216 138
216 140
216 141
216 142
216 148
216 149
216 150
216 153
216 158
216 161
216 165
216 166
216 167
216 168
216 169
216 172
216 181
216 185
216 186
216 188
216 191
216 194
216 196
216 197
216 199
216 201
216 203
216 207
216 213
216 218
216 219
216 221
216 222
216 225
216 227
216 231
216 234
216 237
216 238
216 239
216 241
216 245
216 247
216 248
216 249
216 252
216 254
216 255
217 145
218 4
218 5
218 10
218 11
218 12
218 13
218 15
218 16
218 17
218 19
218 28
218 29
218 32
218 36
218 37
218 38
218 42
218 46
218 48
218 50
218 54
218 55
218 56
218 57
218 58
218 63
218 65
218 66
218 81
218 82
218 83
218 84
218 91
218 94
218 97
218 101
218 103
218 104
218 108
218 109
218 111
218 112
218 113
218 119
218 122
218 124
218 125
218 126
218 128
218 136
218 137
218 138
218 140
218 141
218 142
218 148
218 149
218 150
218 153
218 158
218 161
218 165
218 166
218 167
218 168
218 169
218 172
218 181
218 185
218 186
218 188
218 191
218 194
218 196
218 197
218 199
218 201
218 203
218 207
218 213
218 216
218 219
218 221
218 222
218 225
218 227
218 231
218 234
218 237
218 238
218 239
218 241
218 245
218 247
218 248
218 249
218 252
218 254
218 255
219 4
219 5
219 10
219 11
219 12
219 13
219 15
219 16
219 17
219 19
219 28
219 29
219 32
219 36
219 37
219 38
219 42
219 46
219 48
219 50
219 54
219 55
219 56
219 57
219 58
219 63
219 65
219 66
219 81
219 82
219 83
219 84
219 91
219 94
219 97
219 101
219 103
219 104
219 108
219 109
219 111
219 112
219 113
219 119
219 122
219 124
219 125
219 126
219 128
219 136
219 137
219 138
219 140
219 141
219 142
219 148
219 149
219 150
219 153
219 158
219 161
219 165
219 166
219 167
219 168
219 169
219 172
219 181
219 185
219 186
219 188
219 191
219 194
219 196
219 197
219 199
219 201
219 203
219 207
219 213
219 216
219 218
219 221
219 222
219 225
219 227
219 231
219 234
219 237
219 238
219 239
219 241
219 245
219 247
219 248
219 249
219 252
219 254
219 255
221 4
221 5
221 10
221 11
221 12
221 13
221 15
221 16
221 17
221 19
221 28
221 29
221 32
221 36
221 37
221 38
221 42
221 46
221 48
221 50
221 54
221 55
221 56
221 57
221 58
221 63
221 65
221 66
221 81
221 82
221 83
221 84
221 91
221 94
221 97
221 101
221 103
221 104
221 108
221 109
221 111
221 112
221 113
221 119
221 122
221 124
221 125
221 126
221 128
221 136
221 137
221 138
221 140
221 141
221 142
221 148
221 149
221 150
221 153
221 158
221 161
221 165
221 166
221 167
221 168
221 169
221 172
221 181
221 185
221 186
221 188
221 191
221 194
221 196
221 197
221 199
221 201
221 203
221 207
221 213
221 216
221 218
221 219
221 222
221 225
221 227
221 231
221 234
221 237
221 238
221 239
221 241
221 245
221 247
221 248
221 249
221 252
221 254
221 255
222 4
222 5
222 10
222 11
222 12
222 13
222 15
222 16
222 17
222 19
222 28
222 29
222 32
222 36
222 37
222 38
222 42
222 46
222 48
222 50
222 54
222 55
222 56
222 57
222 58
222 63
222 65
222 66
222 81
222 82
222 83
222 84
222 91
222 94
222 97
222 101
222 103
222 104
222 108
222 109
222 111
222 112
222 113
222 119
222 122
222 124
222 125
222 126
222 128
222 136
222 137
222 138
222 140
222 141
222 142
222 148
222 149
222 150
222 153
222 158
222 161
222 165
222 166
222 167
222 168
222 169
222 172
222 181
222 185
222 186
222 188
222 191
222 194
222 196
222 197
222 199
222 201
222 203
222 207
222 213
222 216
222 218
222 219
222 221
222 225
222 227
222 231
222 234
222 237
222 238
222 239
222 241
222 245
222 247
222 248
222 249
222 252
222 254
222 255
223 44
223 159
223 192
223 202
225 4
225 5
225 10
225 11
225 12
225 13
225 15
225 16
225 17
225 19
225 28
225 29
225 32
225 36
225 37
225 38
225 42
225 46
225 48
225 50
225 54
225 55
225 56
225 57
225 58
225 63
225 65
225 66
225 81
225 82
225 83
225 84
225 91
225 94
225 97
225 101
225 103
225 104
225 108
225 109
225 111
225 112
225 113
225 119
225 122
225 124
225 125
225 126
225 128
225 136
225 137
225 138
225 140
225 141
225 142
225 148
225 149
225 150
225 153
225 158
225 161
225 165
225 166
225 167
225 168
225 169
225 172
225 181
225 185
225 186
225 188
225 191
225 194
225 196
225 197
225 199
225 201
225 203
225 207
225 213
225 216
225 218
225 219
225 221
225 222
225 227
225 231
225 234
225 237
225 238
225 239
225 241
225 245
225 247
225 248
225 249
225 252
225 254
225 255
226 187
227 4
227 5
227 10
227 11
227 12
227 13
227 15
227 16
227 17
227 19
227 28
227 29
227 32
227 36
227 37
227 38
227 42
227 46
227 48
227 50
227 54
227 55
227 56
227 57
227 58
227 63
227 65
227 66
227 81
227 82
227 83
227 84
227 91
227 94
227 97
227 101
227 103
227 104
227 108
227 109
227 111
227 112
227 113
227 119
227 122
227 124
227 125
227 126
227 128
227 136
227 137
227 138
227 140
227 141
227 142
227 148
227 149
227 150
227 153
227 158
227 161
227 165
227 166
227 167
227 168
227 169
227 172
227 181
227 185
227 186
227 188
227 191
227 194
227 196
227 197
227 199
227 201
227 203
227 207
227 213
227 216
227 218
227 219
227 221
227 222
227 225
227 231
227 234
227 237
227 238
227 239
227 241
227 245
227 247
227 248
227 249
227 252
227 254
227 255
228 1
228 23
228 114
228 182
228 183
228 253
231 4
231 5
231 10
231 11
231 12
231 13
231 15
231 16
231 17
231 19
231 28
231 29
231 32
231 36
231 37
231 38
231 42
231 46
231 48
231 50
231 54
231 55
231 56
231 57
231 58
231 63
231 65
231 66
231 81
231 82
231 83
231 84
231 91
231 94
231 97
231 101
231 103
231 104
231 108
231 109
231 111
231 112
231 113
231 119
231 122
231 124
231 125
231 126
231 128
231 136
231 137
231 138
231 140
231 141
231 142
231 148
231 149
231 150
231 153
231 158
231 161
231 165
231 166
231 167
231 168
231 169
231 172
231 181
231 185
231 186
231 188
231 191
231 194
231 196
231 197
231 199
231 201
231 203
231 207
231 213
231 216
231 218
231 219
231 221
231 222
231 225
231 227
231 234
231 237
231 238
231 239
231 241
231 245
231 247
231 248
231 249
231 252
231 254
231 255
233 173
234 4
234 5
234 10
234 11
234 12
234 13
234 15
234 16
234 17
234 19
234 28
234 29
234 32
234 36
234 37
234 38
234 42
234 46
234 48
234 50
234 54
234 55
234 56
234 57
234 58
234 63
234 65
234 66
234 81
234 82
234 83
234 84
234 91
234 94
234 97
234 101
234 103
234 104
234 108
234 109
234 111
234 112
234 113
234 119
234 122
234 124
234 125
234 126
234 128
234 136
234 137
234 138
234 140
234 141
234 142
234 148
234 149
234 150
234 153
234 158
234 161
234 165
234 166
234 167
234 168
234 169
234 172
234 181
234 185
234 186
234 188
234 191
234 194
234 196
234 197
234 199
234 201
234 203
234 207
234 213
234 216
234 218
234 219
234 221
234 222
234 225
234 227
234 231
234 237
234 238
234 239
234 241
234 245
234 247
234 248
234 249
234 252
234 254
234 255
237 4
237 5
237 10
237 11
237 12
237 13
237 15
237 16
237 17
237 19
237 28
237 29
237 32
237 36
237 37
237 38
237 42
237 46
237 48
237 50
237 54
237 55
237 56
237 57
237 58
237 63
237 65
237 66
237 81
237 82
237 83
237 84
237 91
237 94
237 97
237 101
237 103
237 104
237 108
237 109
237 111
237 112
237 113
237 119
237 122
237 124
237 125
237 126
237 128
237 136
237 137
237 138
237 140
237 141
237 142
237 148
237 149
237 150
237 153
237 158
237 161
237 165
237 166
237 167
237 168
237 169
237 172
237 181
237 185
237 186
237 188
237 191
237 194
237 196
237 197
237 199
237 201
237 203
237 207
237 213
237 216
237 218
237 219
237 221
237 222
237 225
237 227
237 231
237 234
237 238
237 239
237 241
237 245
237 247
237 248
237 249
237 252
237 254
237 255
238 4
238 5
238 10
238 11
238 12
238 13
238 15
238 16
238 17
238 19
238 28
238 29
238 32
238 36
238 37
238 38
238 42
238 46
238 48
238 50
238 54
238 55
238 56
238 57
238 58
238 63
238 65
238 66
238 81
238 82
238 83
238 84
238 91
238 94
238 97
238 101
238 103
238 104
238 108
238 109
238 111
238 112
238 113
238 119
238 122
238 124
238 125
238 126
238 128
238 136
238 137
238 138
238 140
238 141
238 142
238 148
238 149
238 150
238 153
238 158
238 161
238 165
238 166
238 167
238 168
238 169
238 172
238 181
238 185
238 186
238 188
238 191
238 194
238 196
238 197
238 199
238 201
238 203
238 207
238 213
238 216
238 218
238 219
238 221
238 222
238 225
238 227
238 231
238 234
238 237
238 239
238 241
238 245
238 247
238 248
238 249
238 252
238 254
238 255
239 4
239 5
239 10
239 11
239 12
239 13
239 15
239 16
239 17
239 19
239 28
239 29
239 32
239 36
239 37
239 38
239 42
239 46
239 48
239 50
239 54
239 55
239 56
239 57
239 58
239 63
239 65
239 66
239 81
239 82
239 83
239 84
239 91
239 94
239 97
239 101
239 103
239 104
239 108
239 109
239 111
239 112
239 113
239 119
239 122
239 124
239 125
239 126
239 128
239 136
239 137
239 138
239 140
239 141
239 142
239 148
239 149
239 150
239 153
239 158
239 161
239 165
239 166
239 167
239 168
239 169
239 172
239 181
239 185
239 186
239 188
239 191
239 194
239 196
239 197
239 199
239 201
239 203
239 207
239 213
239 216
239 218
239 219
239 221
239 222
239 225
239 227
239 231
239 234
239 237
239 238
239 241
239 245
239 247
239 248
239 249
239 252
239 254
239 255
241 4
241 5
241 10
241 11
241 12
241 13
241 15
241 16
241 17
241 19
241 28
241 29
241 32
241 36
241 37
241 38
241 42
241 46
241 48
241 50
241 54
241 55
241 56
241 57
241 58
241 63
241 65
241 66
241 81
241 82
241 83
241 84
241 91
241 94
241 97
241 101
241 103
241 104
241 108
241 109
241 111
241 112
241 113
241 119
241 122
241 124
241 125
241 126
241 128
241 136
241 137
241 138
241 140
241 141
241 142
241 148
241 149
241 150
241 153
241 158
241 161
241 165
241 166
241 167
241 168
241 169
241 172
241 181
241 185
241 186
241 188
241 191
241 194
241 196
241 197
241 199
241 201
241 203
241 207
241 213
241 216
241 218
241 219
241 221
241 222
241 225
241 227
241 231
241 234
241 237
241 238
241 239
241 245
241 247
241 248
241 249
241 252
241 254
241 255
245 4
245 5
245 10
245 11
245 12
245 13
245 15
245 16
245 17
245 19
245 28
245 29
245 32
245 36
245 37
245 38
245 42
245 46
245 48
245 50
245 54
245 55
245 56
245 57
245 58
245 63
245 65
245 66
245 81
245 82
245 83
245 84
245 91
245 94
245 97
245 101
245 103
245 104
245 108
245 109
245 111
245 112
245 113
245 119
245 122
245 124
245 125
245 126
245 128
245 136
245 137
245 138
245 140
245 141
245 142
245 148
245 149
245 150
245 153
245 158
245 161
245 165
245 166
245 167
245 168
245 169
245 172
245 181
245 185
245 186
245 188
245 191
245 194
245 196
245 197
245 199
245 201
245 203
245 207
245 213
245 216
245 218
245 219
245 221
245 222
245 225
245 227
245 231
245 234
245 237
245 238
245 239
245 241
245 247
245 248
245 249
245 252
245 254
245 255
247 4
247 5
247 10
247 11
247 12
247 13
247 15
247 16
247 17
247 19
247 28
247 29
247 32
247 36
247 37
247 38
247 42
247 46
247 48
247 50
247 54
247 55
247 56
247 57
247 58
247 63
247 65
247 66
247 81
247 82
247 83
247 84
247 91
247 94
247 97
247 101
247 103
247 104
247 108
247 109
247 111
247 112
247 113
247 119
247 122
247 124
247 125
247 126
247 128
247 136
247 137
247 138
247 140
247 141
247 142
247 148
247 149
247 150
247 153
247 158
247 161
247 165
247 166
247 167
247 168
247 169
247 172
247 181
247 185
247 186
247 188
247 191
247 194
247 196
247 197
247 199
247 201
247 203
247 207
247 213
247 216
247 218
247 219
247 221
247 222
247 225
247 227
247 231
247 234
247 237
247 238
247 239
247 241
247 245
247 248
247 249
247 252
247 254
247 255
248 4
248 5
248 10
248 11
248 12
248 13
248 15
248 16
248 17
248 19
248 28
248 29
248 32
248 36
248 37
248 38
248 42
248 46
248 48
248 50
248 54
248 55
248 56
248 57
248 58
248 63
248 65
248 66
248 81
248 82
248 83
248 84
248 91
248 94
248 97
248 101
248 103
248 104
248 108
248 109
248 111
248 112
248 113
248 119
248 122
248 124
248 125
248 126
248 128
248 136
248 137
248 138
248 140
248 141
248 142
248 148
248 149
248 150
248 153
248 158
248 161
248 165
248 166
248 167
248 168
248 169
248 172
248 181
248 185
248 186
248 188
248 191
248 194
248 196
248 197
248 199
248 201
248 203
248 207
248 213
248 216
248 218
248 219
248 221
248 222
248 225
248 227
248 231
248 234
248 237
248 238
248 239
248 241
248 245
248 247
248 249
248 252
248 254
248 255
249 4
249 5
249 10
249 11
249 12
249 13
249 15
249 16
249 17
249 19
249 28
249 29
249 32
249 36
249 37
249 38
249 42
249 46
249 48
249 50
249 54
249 55
249 56
249 57
249 58
249 63
249 65
249 66
249 81
249 82
249 83
249 84
249 91
249 94
249 97
249 101
249 103
249 104
249 108
249 109
249 111
249 112
249 113
249 119
249 122
249 124
249 125
249 126
249 128
249 136
249 137
249 138
249 140
249 141
249 142
249 148
249 149
249 150
249 153
249 158
249 161
249 165
249 166
249 167
249 168
249 169
249 172
249 181
249 185
249 186
249 188
249 191
249 194
249 196
249 197
249 199
249 201
249 203
249 207
249 213
249 216
249 218
249 219
249 221
249 222
249 225
249 227
249 231
249 234
249 237
249 238
249 239
249 241
249 245
249 247
249 248
249 252
249 254
249 255
250 31
250 39
252 4
252 5
252 10
252 11
252 12
252 13
252 15
252 16
252 17
252 19
252 28
252 29
252 32
252 36
252 37
252 38
252 42
252 46
252 48
252 50
252 54
252 55
252 56
252 57
252 58
252 63
252 65
252 66
252 81
252 82
252 83
252 84
252 91
252 94
252 97
252 101
252 103
252 104
252 108
252 109
252 111
252 112
252 113
252 119
252 122
252 124
252 125
252 126
252 128
252 136
252 137
252 138
252 140
252 141
252 142
252 148
252 149
252 150
252 153
252 158
252 161
252 165
252 166
252 167
252 168
252 169
252 172
252 181
252 185
252 186
252 188
252 191
252 194
252 196
252 197
252 199
252 201
252 203
252 207
252 213
252 216
252 218
252 219
252 221
252 222
252 225
252 227
252 231
252 234
252 237
252 238
252 239
252 241
252 245
252 247
252 248
252 249
252 254
252 255
253 1
253 23
253 114
253 182
253 183
253 228
254 4
254 5
254 10
254 11
254 12
254 13
254 15
254 16
254 17
254 19
254 28
254 29
254 32
254 36
254 37
254 38
254 42
254 46
254 48
254 50
254 54
254 55
254 56
254 57
254 58
254 63
254 65
254 66
254 81
254 82
254 83
254 84
254 91
254 94
254 97
254 101
254 103
254 104
254 108
254 109
254 111
254 112
254 113
254 119
254 122
254 124
254 125
254 126
254 128
254 136
254 137
254 138
254 140
254 141
254 142
254 148
254 149
254 150
254 153
254 158
254 161
254 165
254 166
254 167
254 168
254 169
254 172
254 181
254 185
254 186
254 188
254 191
254 194
254 196
254 197
254 199
254 201
254 203
254 207
254 213
254 216
254 218
254 219
254 221
254 222
254 225
254 227
254 231
254 234
254 237
254 238
254 239
254 241
254 245
254 247
254 248
254 249
254 252
254 255
255 4
255 5
255 10
255 11
255 12
255 13
255 15
255 16
255 17
255 19
255 28
255 29
255 32
255 36
255 37
255 38
255 42
255 46
255 48
255 50
255 54
255 55
255 56
255 57
255 58
255 63
255 65
255 66
255 81
255 82
255 83
255 84
255 91
255 94
255 97
255 101
255 103
255 104
255 108
255 109
255 111
255 112
255 113
255 119
255 122
255 124
255 125
255 126
255 128
255 136
255 137
255 138
255 140
255 141
255 142
255 148
255 149
255 150
255 153
255 158
255 161
255 165
255 166
255 167
255 168
255 169
255 172
255 181
255 185
255 186
255 188
255 191
255 194
255 196
255 197
255 199
255 201
255 203
255 207
255 213
255 216
255 218
255 219
255 221
255 222
255 225
255 227
255 231
255 234
255 237
255 238
255 239
255 241
255 245
255 247
255 248
255 249
255 252
255 254
