256 12538
0 118
1 25
1 135
4 8
4 10
4 11
4 13
4 16
4 17
4 18
4 19
4 23
4 29
4 31
4 34
4 35
4 36
4 38
4 42
4 44
4 46
4 48
4 49
4 50
4 51
4 52
4 55
4 56
4 57
4 58
4 63
4 66
4 69
4 70
4 73
4 75
4 78
4 80
4 81
4 83
4 87
4 88
4 90
4 92
4 94
4 95
4 97
4 101
4 103
4 104
4 108
4 110
4 112
4 113
4 119
4 122
4 125
4 126
4 128
4 129
4 131
4 133
4 136
4 137
4 138
4 139
4 141
4 142
4 143
4 144
4 146
4 152
4 153
4 156
4 160
4 161
4 162
4 165
4 166
4 167
4 168
4 169
4 170
4 172
4 173
4 175
4 177
4 178
4 181
4 182
4 186
4 188
4 189
4 193
4 194
4 200
4 201
4 204
4 208
4 213
4 214
4 219
4 223
4 225
4 228
4 231
4 234
4 238
4 239
4 241
4 244
4 246
4 254
4 255
8 4
8 10
8 11
8 13
8 16
8 17
8 18
8 19
8 23
8 29
8 31
8 34
8 35
8 36
8 38
8 42
8 44
8 46
8 48
8 49
8 50
8 51
8 52
8 55
8 56
8 57
8 58
8 63
8 66
8 69
8 70
8 73
8 75
8 78
8 80
8 81
8 83
8 87
8 88
8 90
8 92
8 94
8 95
8 97
8 101
8 103
8 104
8 108
8 110
8 112
8 113
8 119
8 122
8 125
8 126
8 128
8 129
8 131
8 133
8 136
8 137
8 138
8 139
8 141
8 142
8 143
8 144
8 146
8 152
8 153
8 156
8 160
8 161
8 162
8 165
8 166
8 167
8 168
8 169
8 170
8 172
8 173
8 175
8 177
8 178
8 181
8 182
8 186
8 188
8 189
8 193
8 194
8 200
8 201
8 204
8 208
8 213
8 214
8 219
8 223
8 225
8 228
8 231
8 234
8 238
8 239
8 241
8 244
8 246
8 254
8 255
9 114
10 4
10 8
10 11
10 13
10 16
10 17
10 18
10 19
10 23
10 29
10 31
10 34
10 35
10 36
10 38
10 42
10 44
10 46
10 48
10 49
10 50
10 51
10 52
10 55
10 56
10 57
10 58
10 63
10 66
10 69
10 70
10 73
10 75
10 78
10 80
10 81
10 83
10 87
10 88
10 90
10 92
10 94
10 95
10 97
10 101
10 103
10 104
10 108
10 110
10 112
10 113
10 119
10 122
10 125
10 126
10 128
10 129
10 131
10 133
10 136
10 137
10 138
10 139
10 141
10 142
10 143
10 144
10 146
10 152
10 153
10 156
10 160
10 161
10 162
10 165
10 166
10 167
10 168
10 169
10 170
10 172
10 173
10 175
10 177
10 178
10 181
10 182
10 186
10 188
10 189
10 193
10 194
10 200
10 201
10 204
10 208
10 213
10 214
10 219
10 223
10 225
10 228
10 231
10 234
10 238
10 239
10 241
10 244
10 246
10 254
10 255
11 4
11 8
11 10
11 13
11 16
11 17
11 18
11 19
11 23
11 29
11 31
11 34
11 35
11 36
11 38
11 42
11 44
11 46
11 48
11 49
11 50
11 51
11 52
11 55
11 56
11 57
11 58
11 63
11 66
11 69
11 70
11 73
11 75
11 78
11 80
11 81
11 83
11 87
11 88
11 90
11 92
11 94
11 95
11 97
11 101
11 103
11 104
11 108
11 110
11 112
11 113
11 119
11 122
11 125
11 126
11 128
11 129
11 131
11 133
11 136
11 137
11 138
11 139
11 141
11 142
11 143
11 144
11 146
11 152
11 153
11 156
11 160
11 161
11 162
11 165
11 166
11 167
11 168
11 169
11 170
11 172
11 173
11 175
11 177
11 178
11 181
11 182
11 186
11 188
11 189
11 193
11 194
11 200
11 201
11 204
11 208
11 213
11 214
11 219
11 223
11 225
11 228
11 231
11 234
11 238
11 239
11 241
11 244
11 246
11 254
11 255
13 4
13 8
13 10
13 11
13 16
13 17
13 18
13 19
13 23
13 29
13 31
13 34
13 35
13 36
13 38
13 42
13 44
13 46
13 48
13 49
13 50
13 51
13 52
13 55
13 56
13 57
13 58
13 63
13 66
13 69
13 70
13 73
13 75
13 78
13 80
13 81
13 83
13 87
13 88
13 90
13 92
13 94
13 95
13 97
13 101
13 103
13 104
13 108
13 110
13 112
13 113
13 119
13 122
13 125
13 126
13 128
13 129
13 131
13 133
13 136
13 137
13 138
13 139
13 141
13 142
13 143
13 144
13 146
13 152
13 153
13 156
13 160
13 161
13 162
13 165
13 166
13 167
13 168
13 169
13 170
13 172
13 173
13 175
13 177
13 178
13 181
13 182
13 186
13 188
13 189
13 193
13 194
13 200
13 201
13 204
13 208
13 213
13 214
13 219
13 223
13 225
13 228
13 231
13 234
13 238
13 239
13 241
13 244
13 246
13 254
13 255
16 4
16 8
16 10
16 11
16 13
16 17
16 18
16 19
16 23
16 29
16 31
16 34
16 35
16 36
16 38
16 42
16 44
16 46
16 48
16 49
16 50
16 51
16 52
16 55
16 56
16 57
16 58
16 63
16 66
16 69
16 70
16 73
16 75
16 78
16 80
16 81
16 83
16 87
16 88
16 90
16 92
16 94
16 95
16 97
16 101
16 103
16 104
16 108
16 110
16 112
16 113
16 119
16 122
16 125
16 126
16 128
16 129
16 131
16 133
16 136
16 137
16 138
16 139
16 141
16 142
16 143
16 144
16 146
16 152
16 153
16 156
16 160
16 161
16 162
16 165
16 166
16 167
16 168
16 169
16 170
16 172
16 173
16 175
16 177
16 178
16 181
16 182
16 186
16 188
16 189
16 193
16 194
16 200
16 201
16 204
16 208
16 213
16 214
16 219
16 223
16 225
16 228
16 231
16 234
16 238
16 239
16 241
16 244
16 246
16 254
16 255
17 4
17 8
17 10
17 11
17 13
17 16
17 18
17 19
17 23
17 29
17 31
17 34
17 35
17 36
17 38
17 42
17 44
17 46
17 48
17 49
17 50
17 51
17 52
17 55
17 56
17 57
17 58
17 63
17 66
17 69
17 70
17 73
17 75
17 78
17 80
17 81
17 83
17 87
17 88
17 90
17 92
17 94
17 95
17 97
17 101
17 103
17 104
17 108
17 110
17 112
17 113
17 119
17 122
17 125
17 126
17 128
17 129
17 131
17 133
17 136
17 137
17 138
17 139
17 141
17 142
17 143
17 144
17 146
17 152
17 153
17 156
17 160
17 161
17 162
17 165
17 166
17 167
17 168
17 169
17 170
17 172
17 173
17 175
17 177
17 178
17 181
17 182
17 186
17 188
17 189
17 193
17 194
17 200
17 201
17 204
17 208
17 213
17 214
17 219
17 223
17 225
17 228
17 231
17 234
17 238
17 239
17 241
17 244
17 246
17 254
17 255
18 4
18 8
18 10
18 11
18 13
18 16
18 17
18 19
18 23
18 29
18 31
18 34
18 35
18 36
18 38
18 42
18 44
18 46
18 48
18 49
18 50
18 51
18 52
18 55
18 56
18 57
18 58
18 63
18 66
18 69
18 70
18 73
18 75
18 78
18 80
18 81
18 83
18 87
18 88
18 90
18 92
18 94
18 95
18 97
18 101
18 103
18 104
18 108
18 110
18 112
18 113
18 119
18 122
18 125
18 126
18 128
18 129
18 131
18 133
18 136
18 137
18 138
18 139
18 141
18 142
18 143
18 144
18 146
18 152
18 153
18 156
18 160
18 161
18 162
18 165
18 166
18 167
18 168
18 169
18 170
18 172
18 173
18 175
18 177
18 178
18 181
18 182
18 186
18 188
18 189
18 193
18 194
18 200
18 201
18 204
18 208
18 213
18 214
18 219
18 223
18 225
18 228
18 231
18 234
18 238
18 239
18 241
18 244
18 246
18 254
18 255
19 4
19 8
19 10
19 11
19 13
19 16
19 17
19 18
19 23
19 29
19 31
19 34
19 35
19 36
19 38
19 42
19 44
19 46
19 48
19 49
19 50
19 51
19 52
19 55
19 56
19 57
19 58
19 63
19 66
19 69
19 70
19 73
19 75
19 78
19 80
19 81
19 83
19 87
19 88
19 90
19 92
19 94
19 95
19 97
19 101
19 103
19 104
19 108
19 110
19 112
19 113
19 119
19 122
19 125
19 126
19 128
19 129
19 131
19 133
19 136
19 137
19 138
19 139
19 141
19 142
19 143
19 144
19 146
19 152
19 153
19 156
19 160
19 161
19 162
19 165
19 166
19 167
19 168
19 169
19 170
19 172
19 173
19 175
19 177
19 178
19 181
19 182
19 186
19 188
19 189
19 193
19 194
19 200
19 201
19 204
19 208
19 213
19 214
19 219
19 223
19 225
19 228
19 231
19 234
19 238
19 239
19 241
19 244
19 246
19 254
19 255
22 107
23 4
23 8
23 10
23 11
23 13
23 16
23 17
23 18
23 19
23 29
23 31
23 34
23 35
23 36
23 38
23 42
23 44
23 46
23 48
23 49
23 50
23 51
23 52
23 55
23 56
23 57
23 58
23 63
23 66
23 69
23 70
23 73
23 75
23 78
23 80
23 81
23 83
23 87
23 88
23 90
23 92
23 94
23 95
23 97
23 101
23 103
23 104
23 108
23 110
23 112
23 113
23 119
23 122
23 125
23 126
23 128
23 129
23 131
23 133
23 136
23 137
23 138
23 139
23 141
23 142
23 143
23 144
23 146
23 152
23 153
23 156
23 160
23 161
23 162
23 165
23 166
23 167
23 168
23 169
23 170
23 172
23 173
23 175
23 177
23 178
23 181
23 182
23 186
23 188
23 189
23 193
23 194
23 200
23 201
23 204
23 208
23 213
23 214
23 219
23 223
23 225
23 228
23 231
23 234
23 238
23 239
23 241
23 244
23 246
23 254
23 255
25 1
25 135
26 211
29 4
29 8
29 10
29 11
29 13
29 16
29 17
29 18
29 19
29 23
29 31
29 34
29 35
29 36
29 38
29 42
29 44
29 46
29 48
29 49
29 50
29 51
29 52
29 55
29 56
29 57
29 58
29 63
29 66
29 69
29 70
29 73
29 75
29 78
29 80
29 81
29 83
29 87
29 88
29 90
29 92
29 94
29 95
29 97
29 101
29 103
29 104
29 108
29 110
29 112
29 113
29 119
29 122
29 125
29 126
29 128
29 129
29 131
29 133
29 136
29 137
29 138
29 139
29 141
29 142
29 143
29 144
29 146
29 152
29 153
29 156
29 160
29 161
29 162
29 165
29 166
29 167
29 168
29 169
29 170
29 172
29 173
29 175
29 177
29 178
29 181
29 182
29 186
29 188
29 189
29 193
29 194
29 200
29 201
29 204
29 208
29 213
29 214
29 219
29 223
29 225
29 228
29 231
29 234
29 238
29 239
29 241
29 244
29 246
29 254
29 255
30 202
30 224
30 230
30 235
31 4
31 8
31 10
31 11
31 13
31 16
31 17
31 18
31 19
31 23
31 29
31 34
31 35
31 36
31 38
31 42
31 44
31 46
31 48
31 49
31 50
31 51
31 52
31 55
31 56
31 57
31 58
31 63
31 66
31 69
31 70
31 73
31 75
31 78
31 80
31 81
31 83
31 87
31 88
31 90
31 92
31 94
31 95
31 97
31 101
31 103
31 104
31 108
31 110
31 112
31 113
31 119
31 122
31 125
31 126
31 128
31 129
31 131
31 133
31 136
31 137
31 138
31 139
31 141
31 142
31 143
31 144
31 146
31 152
31 153
31 156
31 160
31 161
31 162
31 165
31 166
31 167
31 168
31 169
31 170
31 172
31 173
31 175
31 177
31 178
31 181
31 182
31 186
31 188
31 189
31 193
31 194
31 200
31 201
31 204
31 208
31 213
31 214
31 219
31 223
31 225
31 228
31 231
31 234
31 238
31 239
31 241
31 244
31 246
31 254
31 255
33 40
34 4
34 8
34 10
34 11
34 13
34 16
34 17
34 18
34 19
34 23
34 29
34 31
34 35
34 36
34 38
34 42
34 44
34 46
34 48
34 49
34 50
34 51
34 52
34 55
34 56
34 57
34 58
34 63
34 66
34 69
34 70
34 73
34 75
34 78
34 80
34 81
34 83
34 87
34 88
34 90
34 92
34 94
34 95
34 97
34 101
34 103
34 104
34 108
34 110
34 112
34 113
34 119
34 122
34 125
34 126
34 128
34 129
34 131
34 133
34 136
34 137
34 138
34 139
34 141
34 142
34 143
34 144
34 146
34 152
34 153
34 156
34 160
34 161
34 162
34 165
34 166
34 167
34 168
34 169
34 170
34 172
34 173
34 175
34 177
34 178
34 181
34 182
34 186
34 188
34 189
34 193
34 194
34 200
34 201
34 204
34 208
34 213
34 214
34 219
34 223
34 225
34 228
34 231
34 234
34 238
34 239
34 241
34 244
34 246
34 254
34 255
35 4
35 8
35 10
35 11
35 13
35 16
35 17
35 18
35 19
35 23
35 29
35 31
35 34
35 36
35 38
35 42
35 44
35 46
35 48
35 49
35 50
35 51
35 52
35 55
35 56
35 57
35 58
35 63
35 66
35 69
35 70
35 73
35 75
35 78
35 80
35 81
35 83
35 87
35 88
35 90
35 92
35 94
35 95
35 97
35 101
35 103
35 104
35 108
35 110
35 112
35 113
35 119
35 122
35 125
35 126
35 128
35 129
35 131
35 133
35 136
35 137
35 138
35 139
35 141
35 142
35 143
35 144
35 146
35 152
35 153
35 156
35 160
35 161
35 162
35 165
35 166
35 167
35 168
35 169
35 170
35 172
35 173
35 175
35 177
35 178
35 181
35 182
35 186
35 188
35 189
35 193
35 194
35 200
35 201
35 204
35 208
35 213
35 214
35 219
35 223
35 225
35 228
35 231
35 234
35 238
35 239
35 241
35 244
35 246
35 254
35 255
36 4
36 8
36 10
36 11
36 13
36 16
36 17
36 18
36 19
36 23
36 29
36 31
36 34
36 35
36 38
36 42
36 44
36 46
36 48
36 49
36 50
36 51
36 52
36 55
36 56
36 57
36 58
36 63
36 66
36 69
36 70
36 73
36 75
36 78
36 80
36 81
36 83
36 87
36 88
36 90
36 92
36 94
36 95
36 97
36 101
36 103
36 104
36 108
36 110
36 112
36 113
36 119
36 122
36 125
36 126
36 128
36 129
36 131
36 133
36 136
36 137
36 138
36 139
36 141
36 142
36 143
36 144
36 146
36 152
36 153
36 156
36 160
36 161
36 162
36 165
36 166
36 167
36 168
36 169
36 170
36 172
36 173
36 175
36 177
36 178
36 181
36 182
36 186
36 188
36 189
36 193
36 194
36 200
36 201
36 204
36 208
36 213
36 214
36 219
36 223
36 225
36 228
36 231
36 234
36 238
36 239
36 241
36 244
36 246
36 254
36 255
37 185
37 232
38 4
38 8
38 10
38 11
38 13
38 16
38 17
38 18
38 19
38 23
38 29
38 31
38 34
38 35
38 36
38 42
38 44
38 46
38 48
38 49
38 50
38 51
38 52
38 55
38 56
38 57
38 58
38 63
38 66
38 69
38 70
38 73
38 75
38 78
38 80
38 81
38 83
38 87
38 88
38 90
38 92
38 94
38 95
38 97
38 101
38 103
38 104
38 108
38 110
38 112
38 113
38 119
38 122
38 125
38 126
38 128
38 129
38 131
38 133
38 136
38 137
38 138
38 139
38 141
38 142
38 143
38 144
38 146
38 152
38 153
38 156
38 160
38 161
38 162
38 165
38 166
38 167
38 168
38 169
38 170
38 172
38 173
38 175
38 177
38 178
38 181
38 182
38 186
38 188
38 189
38 193
38 194
38 200
38 201
38 204
38 208
38 213
38 214
38 219
38 223
38 225
38 228
38 231
38 234
38 238
38 239
38 241
38 244
38 246
38 254
38 255
39 67
40 33
42 4
42 8
42 10
42 11
42 13
42 16
42 17
42 18
42 19
42 23
42 29
42 31
42 34
42 35
42 36
42 38
42 44
42 46
42 48
42 49
42 50
42 51
42 52
42 55
42 56
42 57
42 58
42 63
42 66
42 69
42 70
42 73
42 75
42 78
42 80
42 81
42 83
42 87
42 88
42 90
42 92
42 94
42 95
42 97
42 101
42 103
42 104
42 108
42 110
42 112
42 113
42 119
42 122
42 125
42 126
42 128
42 129
42 131
42 133
42 136
42 137
42 138
42 139
42 141
42 142
42 143
42 144
42 146
42 152
42 153
42 156
42 160
42 161
42 162
42 165
42 166
42 167
42 168
42 169
42 170
42 172
42 173
42 175
42 177
42 178
42 181
42 182
42 186
42 188
42 189
42 193
42 194
42 200
42 201
42 204
42 208
42 213
42 214
42 219
42 223
42 225
42 228
42 231
42 234
42 238
42 239
42 241
42 244
42 246
42 254
42 255
44 4
44 8
44 10
44 11
44 13
44 16
44 17
44 18
44 19
44 23
44 29
44 31
44 34
44 35
44 36
44 38
44 42
44 46
44 48
44 49
44 50
44 51
44 52
44 55
44 56
44 57
44 58
44 63
44 66
44 69
44 70
44 73
44 75
44 78
44 80
44 81
44 83
44 87
44 88
44 90
44 92
44 94
44 95
44 97
44 101
44 103
44 104
44 108
44 110
44 112
44 113
44 119
44 122
44 125
44 126
44 128
44 129
44 131
44 133
44 136
44 137
44 138
44 139
44 141
44 142
44 143
44 144
44 146
44 152
44 153
44 156
44 160
44 161
44 162
44 165
44 166
44 167
44 168
44 169
44 170
44 172
44 173
44 175
44 177
44 178
44 181
44 182
44 186
44 188
44 189
44 193
44 194
44 200
44 201
44 204
44 208
44 213
44 214
44 219
44 223
44 225
44 228
44 231
44 234
44 238
44 239
44 241
44 244
44 246
44 254
44 255
45 222
46 4
46 8
46 10
46 11
46 13
46 16
46 17
46 18
46 19
46 23
46 29
46 31
46 34
46 35
46 36
46 38
46 42
46 44
46 48
46 49
46 50
46 51
46 52
46 55
46 56
46 57
46 58
46 63
46 66
46 69
46 70
46 73
46 75
46 78
46 80
46 81
46 83
46 87
46 88
46 90
46 92
46 94
46 95
46 97
46 101
46 103
46 104
46 108
46 110
46 112
46 113
46 119
46 122
46 125
46 126
46 128
46 129
46 131
46 133
46 136
46 137
46 138
46 139
46 141
46 142
46 143
46 144
46 146
46 152
46 153
46 156
46 160
46 161
46 162
46 165
46 166
46 167
46 168
46 169
46 170
46 172
46 173
46 175
46 177
46 178
46 181
46 182
46 186
46 188
46 189
46 193
46 194
46 200
46 201
46 204
46 208
46 213
46 214
46 219
46 223
46 225
46 228
46 231
46 234
46 238
46 239
46 241
46 244
46 246
46 254
46 255
48 4
48 8
48 10
48 11
48 13
48 16
48 17
48 18
48 19
48 23
48 29
48 31
48 34
48 35
48 36
48 38
48 42
48 44
48 46
48 49
48 50
48 51
48 52
48 55
48 56
48 57
48 58
48 63
48 66
48 69
48 70
48 73
48 75
48 78
48 80
48 81
48 83
48 87
48 88
48 90
48 92
48 94
48 95
48 97
48 101
48 103
48 104
48 108
48 110
48 112
48 113
48 119
48 122
48 125
48 126
48 128
48 129
48 131
48 133
48 136
48 137
48 138
48 139
48 141
48 142
48 143
48 144
48 146
48 152
48 153
48 156
48 160
48 161
48 162
48 165
48 166
48 167
48 168
48 169
48 170
48 172
48 173
48 175
48 177
48 178
48 181
48 182
48 186
48 188
48 189
48 193
48 194
48 200
48 201
48 204
48 208
48 213
48 214
48 219
48 223
48 225
48 228
48 231
48 234
48 238
48 239
48 241
48 244
48 246
48 254
48 255
49 4
49 8
49 10
49 11
49 13
49 16
49 17
49 18
49 19
49 23
49 29
49 31
49 34
49 35
49 36
49 38
49 42
49 44
49 46
49 48
49 50
49 51
49 52
49 55
49 56
49 57
49 58
49 63
49 66
49 69
49 70
49 73
49 75
49 78
49 80
49 81
49 83
49 87
49 88
49 90
49 92
49 94
49 95
49 97
49 101
49 103
49 104
49 108
49 110
49 112
49 113
49 119
49 122
49 125
49 126
49 128
49 129
49 131
49 133
49 136
49 137
49 138
49 139
49 141
49 142
49 143
49 144
49 146
49 152
49 153
49 156
49 160
49 161
49 162
49 165
49 166
49 167
49 168
49 169
49 170
49 172
49 173
49 175
49 177
49 178
49 181
49 182
49 186
49 188
49 189
49 193
49 194
49 200
49 201
49 204
49 208
49 213
49 214
49 219
49 223
49 225
49 228
49 231
49 234
49 238
49 239
49 241
49 244
49 246
49 254
49 255
50 4
50 8
50 10
50 11
50 13
50 16
50 17
50 18
50 19
50 23
50 29
50 31
50 34
50 35
50 36
50 38
50 42
50 44
50 46
50 48
50 49
50 51
50 52
50 55
50 56
50 57
50 58
50 63
50 66
50 69
50 70
50 73
50 75
50 78
50 80
50 81
50 83
50 87
50 88
50 90
50 92
50 94
50 95
50 97
50 101
50 103
50 104
50 108
50 110
50 112
50 113
50 119
50 122
50 125
50 126
50 128
50 129
50 131
50 133
50 136
50 137
50 138
50 139
50 141
50 142
50 143
50 144
50 146
50 152
50 153
50 156
50 160
50 161
50 162
50 165
50 166
50 167
50 168
50 169
50 170
50 172
50 173
50 175
50 177
50 178
50 181
50 182
50 186
50 188
50 189
50 193
50 194
50 200
50 201
50 204
50 208
50 213
50 214
50 219
50 223
50 225
50 228
50 231
50 234
50 238
50 239
50 241
50 244
50 246
50 254
50 255
51 4
51 8
51 10
51 11
51 13
51 16
51 17
51 18
51 19
51 23
51 29
51 31
51 34
51 35
51 36
51 38
51 42
51 44
51 46
51 48
51 49
51 50
51 52
51 55
51 56
51 57
51 58
51 63
51 66
51 69
51 70
51 73
51 75
51 78
51 80
51 81
51 83
51 87
51 88
51 90
51 92
51 94
51 95
51 97
51 101
51 103
51 104
51 108
51 110
51 112
51 113
51 119
51 122
51 125
51 126
51 128
51 129
51 131
51 133
51 136
51 137
51 138
51 139
51 141
51 142
51 143
51 144
51 146
51 152
51 153
51 156
51 160
51 161
51 162
51 165
51 166
51 167
51 168
51 169
51 170
51 172
51 173
51 175
51 177
51 178
51 181
51 182
51 186
51 188
51 189
51 193
51 194
51 200
51 201
51 204
51 208
51 213
51 214
51 219
51 223
51 225
51 228
51 231
51 234
51 238
51 239
51 241
51 244
51 246
51 254
51 255
52 4
52 8
52 10
52 11
52 13
52 16
52 17
52 18
52 19
52 23
52 29
52 31
52 34
52 35
52 36
52 38
52 42
52 44
52 46
52 48
52 49
52 50
52 51
52 55
52 56
52 57
52 58
52 63
52 66
52 69
52 70
52 73
52 75
52 78
52 80
52 81
52 83
52 87
52 88
52 90
52 92
52 94
52 95
52 97
52 101
52 103
52 104
52 108
52 110
52 112
52 113
52 119
52 122
52 125
52 126
52 128
52 129
52 131
52 133
52 136
52 137
52 138
52 139
52 141
52 142
52 143
52 144
52 146
52 152
52 153
52 156
52 160
52 161
52 162
52 165
52 166
52 167
52 168
52 169
52 170
52 172
52 173
52 175
52 177
52 178
52 181
52 182
52 186
52 188
52 189
52 193
52 194
52 200
52 201
52 204
52 208
52 213
52 214
52 219
52 223
52 225
52 228
52 231
52 234
52 238
52 239
52 241
52 244
52 246
52 254
52 255
55 4
55 8
55 10
55 11
55 13
55 16
55 17
55 18
55 19
55 23
55 29
55 31
55 34
55 35
55 36
55 38
55 42
55 44
55 46
55 48
55 49
55 50
55 51
55 52
55 56
55 57
55 58
55 63
55 66
55 69
55 70
55 73
55 75
55 78
55 80
55 81
55 83
55 87
55 88
55 90
55 92
55 94
55 95
55 97
55 101
55 103
55 104
55 108
55 110
55 112
55 113
55 119
55 122
55 125
55 126
55 128
55 129
55 131
55 133
55 136
55 137
55 138
55 139
55 141
55 142
55 143
55 144
55 146
55 152
55 153
55 156
55 160
55 161
55 162
55 165
55 166
55 167
55 168
55 169
55 170
55 172
55 173
55 175
55 177
55 178
55 181
55 182
55 186
55 188
55 189
55 193
55 194
55 200
55 201
55 204
55 208
55 213
55 214
55 219
55 223
55 225
55 228
55 231
55 234
55 238
55 239
55 241
55 244
55 246
55 254
55 255
56 4
56 8
56 10
56 11
56 13
56 16
56 17
56 18
56 19
56 23
56 29
56 31
56 34
56 35
56 36
56 38
56 42
56 44
56 46
56 48
56 49
56 50
56 51
56 52
56 55
56 57
56 58
56 63
56 66
56 69
56 70
56 73
56 75
56 78
56 80
56 81
56 83
56 87
56 88
56 90
56 92
56 94
56 95
56 97
56 101
56 103
56 104
56 108
56 110
56 112
56 113
56 119
56 122
56 125
56 126
56 128
56 129
56 131
56 133
56 136
56 137
56 138
56 139
56 141
56 142
56 143
56 144
56 146
56 152
56 153
56 156
56 160
56 161
56 162
56 165
56 166
56 167
56 168
56 169
56 170
56 172
56 173
56 175
56 177
56 178
56 181
56 182
56 186
56 188
56 189
56 193
56 194
56 200
56 201
56 204
56 208
56 213
56 214
56 219
56 223
56 225
56 228
56 231
56 234
56 238
56 239
56 241
56 244
56 246
56 254
56 255
57 4
57 8
57 10
57 11
57 13
57 16
57 17
57 18
57 19
57 23
57 29
57 31
57 34
57 35
57 36
57 38
57 42
57 44
57 46
57 48
57 49
57 50
57 51
57 52
57 55
57 56
57 58
57 63
57 66
57 69
57 70
57 73
57 75
57 78
57 80
57 81
57 83
57 87
57 88
57 90
57 92
57 94
57 95
57 97
57 101
57 103
57 104
57 108
57 110
57 112
57 113
57 119
57 122
57 125
57 126
57 128
57 129
57 131
57 133
57 136
57 137
57 138
57 139
57 141
57 142
57 143
57 144
57 146
57 152
57 153
57 156
57 160
57 161
57 162
57 165
57 166
57 167
57 168
57 169
57 170
57 172
57 173
57 175
57 177
57 178
57 181
57 182
57 186
57 188
57 189
57 193
57 194
57 200
57 201
57 204
57 208
57 213
57 214
57 219
57 223
57 225
57 228
57 231
57 234
57 238
57 239
57 241
57 244
57 246
57 254
57 255
58 4
58 8
58 10
58 11
58 13
58 16
58 17
58 18
58 19
58 23
58 29
58 31
58 34
58 35
58 36
58 38
58 42
58 44
58 46
58 48
58 49
58 50
58 51
58 52
58 55
58 56
58 57
58 63
58 66
58 69
58 70
58 73
58 75
58 78
58 80
58 81
58 83
58 87
58 88
58 90
58 92
58 94
58 95
58 97
58 101
58 103
58 104
58 108
58 110
58 112
58 113
58 119
58 122
58 125
58 126
58 128
58 129
58 131
58 133
58 136
58 137
58 138
58 139
58 141
58 142
58 143
58 144
58 146
58 152
58 153
58 156
58 160
58 161
58 162
58 165
58 166
58 167
58 168
58 169
58 170
58 172
58 173
58 175
58 177
58 178
58 181
58 182
58 186
58 188
58 189
58 193
58 194
58 200
58 201
58 204
58 208
58 213
58 214
58 219
58 223
58 225
58 228
58 231
58 234
58 238
58 239
58 241
58 244
58 246
58 254
58 255
61 195
63 4
63 8
63 10
63 11
63 13
63 16
63 17
63 18
63 19
63 23
63 29
63 31
63 34
63 35
63 36
63 38
63 42
63 44
63 46
63 48
63 49
63 50
63 51
63 52
63 55
63 56
63 57
63 58
63 66
63 69
63 70
63 73
63 75
63 78
63 80
63 81
63 83
63 87
63 88
63 90
63 92
63 94
63 95
63 97
63 101
63 103
63 104
63 108
63 110
63 112
63 113
63 119
63 122
63 125
63 126
63 128
63 129
63 131
63 133
63 136
63 137
63 138
63 139
63 141
63 142
63 143
63 144
63 146
63 152
63 153
63 156
63 160
63 161
63 162
63 165
63 166
63 167
63 168
63 169
63 170
63 172
63 173
63 175
63 177
63 178
63 181
63 182
63 186
63 188
63 189
63 193
63 194
63 200
63 201
63 204
63 208
63 213
63 214
63 219
63 223
63 225
63 228
63 231
63 234
63 238
63 239
63 241
63 244
63 246
63 254
63 255
66 4
66 8
66 10
66 11
66 13
66 16
66 17
66 18
66 19
66 23
66 29
66 31
66 34
66 35
66 36
66 38
66 42
66 44
66 46
66 48
66 49
66 50
66 51
66 52
66 55
66 56
66 57
66 58
66 63
66 69
66 70
66 73
66 75
66 78
66 80
66 81
66 83
66 87
66 88
66 90
66 92
66 94
66 95
66 97
66 101
66 103
66 104
66 108
66 110
66 112
66 113
66 119
66 122
66 125
66 126
66 128
66 129
66 131
66 133
66 136
66 137
66 138
66 139
66 141
66 142
66 143
66 144
66 146
66 152
66 153
66 156
66 160
66 161
66 162
66 165
66 166
66 167
66 168
66 169
66 170
66 172
66 173
66 175
66 177
66 178
66 181
66 182
66 186
66 188
66 189
66 193
66 194
66 200
66 201
66 204
66 208
66 213
66 214
66 219
66 223
66 225
66 228
66 231
66 234
66 238
66 239
66 241
66 244
66 246
66 254
66 255
67 39
69 4
69 8
69 10
69 11
69 13
69 16
69 17
69 18
69 19
69 23
69 29
69 31
69 34
69 35
69 36
69 38
69 42
69 44
69 46
69 48
69 49
69 50
69 51
69 52
69 55
69 56
69 57
69 58
69 63
69 66
69 70
69 73
69 75
69 78
69 80
69 81
69 83
69 87
69 88
69 90
69 92
69 94
69 95
69 97
69 101
69 103
69 104
69 108
69 110
69 112
69 113
69 119
69 122
69 125
69 126
69 128
69 129
69 131
69 133
69 136
69 137
69 138
69 139
69 141
69 142
69 143
69 144
69 146
69 152
69 153
69 156
69 160
69 161
69 162
69 165
69 166
69 167
69 168
69 169
69 170
69 172
69 173
69 175
69 177
69 178
69 181
69 182
69 186
69 188
69 189
69 193
69 194
69 200
69 201
69 204
69 208
69 213
69 214
69 219
69 223
69 225
69 228
69 231
69 234
69 238
69 239
69 241
69 244
69 246
69 254
69 255
70 4
70 8
70 10
70 11
70 13
70 16
70 17
70 18
70 19
70 23
70 29
70 31
70 34
70 35
70 36
70 38
70 42
70 44
70 46
70 48
70 49
70 50
70 51
70 52
70 55
70 56
70 57
70 58
70 63
70 66
70 69
70 73
70 75
70 78
70 80
70 81
70 83
70 87
70 88
70 90
70 92
70 94
70 95
70 97
70 101
70 103
70 104
70 108
70 110
70 112
70 113
70 119
70 122
70 125
70 126
70 128
70 129
70 131
70 133
70 136
70 137
70 138
70 139
70 141
70 142
70 143
70 144
70 146
70 152
70 153
70 156
70 160
70 161
70 162
70 165
70 166
70 167
70 168
70 169
70 170
70 172
70 173
70 175
70 177
70 178
70 181
70 182
70 186
70 188
70 189
70 193
70 194
70 200
70 201
70 204
70 208
70 213
70 214
70 219
70 223
70 225
70 228
70 231
70 234
70 238
70 239
70 241
70 244
70 246
70 254
70 255
73 4
73 8
73 10
73 11
73 13
73 16
73 17
73 18
73 19
73 23
73 29
73 31
73 34
73 35
73 36
73 38
73 42
73 44
73 46
73 48
73 49
73 50
73 51
73 52
73 55
73 56
73 57
73 58
73 63
73 66
73 69
73 70
73 75
73 78
73 80
73 81
73 83
73 87
73 88
73 90
73 92
73 94
73 95
73 97
73 101
73 103
73 104
73 108
73 110
73 112
73 113
73 119
73 122
73 125
73 126
73 128
73 129
73 131
73 133
73 136
73 137
73 138
73 139
73 141
73 142
73 143
73 144
73 146
73 152
73 153
73 156
73 160
73 161
73 162
73 165
73 166
73 167
73 168
73 169
73 170
73 172
73 173
73 175
73 177
73 178
73 181
73 182
73 186
73 188
73 189
73 193
73 194
73 200
73 201
73 204
73 208
73 213
73 214
73 219
73 223
73 225
73 228
73 231
73 234
73 238
73 239
73 241
73 244
73 246
73 254
73 255
75 4
75 8
75 10
75 11
75 13
75 16
75 17
75 18
75 19
75 23
75 29
75 31
75 34
75 35
75 36
75 38
75 42
75 44
75 46
75 48
75 49
75 50
75 51
75 52
75 55
75 56
75 57
75 58
75 63
75 66
75 69
75 70
75 73
75 78
75 80
75 81
75 83
75 87
75 88
75 90
75 92
75 94
75 95
75 97
75 101
75 103
75 104
75 108
75 110
75 112
75 113
75 119
75 122
75 125
75 126
75 128
75 129
75 131
75 133
75 136
75 137
75 138
75 139
75 141
75 142
75 143
75 144
75 146
75 152
75 153
75 156
75 160
75 161
75 162
75 165
75 166
75 167
75 168
75 169
75 170
75 172
75 173
75 175
75 177
75 178
75 181
75 182
75 186
75 188
75 189
75 193
75 194
75 200
75 201
75 204
75 208
75 213
75 214
75 219
75 223
75 225
75 228
75 231
75 234
75 238
75 239
75 241
75 244
75 246
75 254
75 255
78 4
78 8
78 10
78 11
78 13
78 16
78 17
78 18
78 19
78 23
78 29
78 31
78 34
78 35
78 36
78 38
78 42
78 44
78 46
78 48
78 49
78 50
78 51
78 52
78 55
78 56
78 57
78 58
78 63
78 66
78 69
78 70
78 73
78 75
78 80
78 81
78 83
78 87
78 88
78 90
78 92
78 94
78 95
78 97
78 101
78 103
78 104
78 108
78 110
78 112
78 113
78 119
78 122
78 125
78 126
78 128
78 129
78 131
78 133
78 136
78 137
78 138
78 139
78 141
78 142
78 143
78 144
78 146
78 152
78 153
78 156
78 160
78 161
78 162
78 165
78 166
78 167
78 168
78 169
78 170
78 172
78 173
78 175
78 177
78 178
78 181
78 182
78 186
78 188
78 189
78 193
78 194
78 200
78 201
78 204
78 208
78 213
78 214
78 219
78 223
78 225
78 228
78 231
78 234
78 238
78 239
78 241
78 244
78 246
78 254
78 255
80 4
80 8
80 10
80 11
80 13
80 16
80 17
80 18
80 19
80 23
80 29
80 31
80 34
80 35
80 36
80 38
80 42
80 44
80 46
80 48
80 49
80 50
80 51
80 52
80 55
80 56
80 57
80 58
80 63
80 66
80 69
80 70
80 73
80 75
80 78
80 81
80 83
80 87
80 88
80 90
80 92
80 94
80 95
80 97
80 101
80 103
80 104
80 108
80 110
80 112
80 113
80 119
80 122
80 125
80 126
80 128
80 129
80 131
80 133
80 136
80 137
80 138
80 139
80 141
80 142
80 143
80 144
80 146
80 152
80 153
80 156
80 160
80 161
80 162
80 165
80 166
80 167
80 168
80 169
80 170
80 172
80 173
80 175
80 177
80 178
80 181
80 182
80 186
80 188
80 189
80 193
80 194
80 200
80 201
80 204
80 208
80 213
80 214
80 219
80 223
80 225
80 228
80 231
80 234
80 238
80 239
80 241
80 244
80 246
80 254
80 255
81 4
81 8
81 10
81 11
81 13
81 16
81 17
81 18
81 19
81 23
81 29
81 31
81 34
81 35
81 36
81 38
81 42
81 44
81 46
81 48
81 49
81 50
81 51
81 52
81 55
81 56
81 57
81 58
81 63
81 66
81 69
81 70
81 73
81 75
81 78
81 80
81 83
81 87
81 88
81 90
81 92
81 94
81 95
81 97
81 101
81 103
81 104
81 108
81 110
81 112
81 113
81 119
81 122
81 125
81 126
81 128
81 129
81 131
81 133
81 136
81 137
81 138
81 139
81 141
81 142
81 143
81 144
81 146
81 152
81 153
81 156
81 160
81 161
81 162
81 165
81 166
81 167
81 168
81 169
81 170
81 172
81 173
81 175
81 177
81 178
81 181
81 182
81 186
81 188
81 189
81 193
81 194
81 200
81 201
81 204
81 208
81 213
81 214
81 219
81 223
81 225
81 228
81 231
81 234
81 238
81 239
81 241
81 244
81 246
81 254
81 255
83 4
83 8
83 10
83 11
83 13
83 16
83 17
83 18
83 19
83 23
83 29
83 31
83 34
83 35
83 36
83 38
83 42
83 44
83 46
83 48
83 49
83 50
83 51
83 52
83 55
83 56
83 57
83 58
83 63
83 66
83 69
83 70
83 73
83 75
83 78
83 80
83 81
83 87
83 88
83 90
83 92
83 94
83 95
83 97
83 101
83 103
83 104
83 108
83 110
83 112
83 113
83 119
83 122
83 125
83 126
83 128
83 129
83 131
83 133
83 136
83 137
83 138
83 139
83 141
83 142
83 143
83 144
83 146
83 152
83 153
83 156
83 160
83 161
83 162
83 165
83 166
83 167
83 168
83 169
83 170
83 172
83 173
83 175
83 177
83 178
83 181
83 182
83 186
83 188
83 189
83 193
83 194
83 200
83 201
83 204
83 208
83 213
83 214
83 219
83 223
83 225
83 228
83 231
83 234
83 238
83 239
83 241
83 244
83 246
83 254
83 255
85 96
85 174
85 180
85 245
85 250
87 4
87 8
87 10
87 11
87 13
87 16
87 17
87 18
87 19
87 23
87 29
87 31
87 34
87 35
87 36
87 38
87 42
87 44
87 46
87 48
87 49
87 50
87 51
87 52
87 55
87 56
87 57
87 58
87 63
87 66
87 69
87 70
87 73
87 75
87 78
87 80
87 81
87 83
87 88
87 90
87 92
87 94
87 95
87 97
87 101
87 103
87 104
87 108
87 110
87 112
87 113
87 119
87 122
87 125
87 126
87 128
87 129
87 131
87 133
87 136
87 137
87 138
87 139
87 141
87 142
87 143
87 144
87 146
87 152
87 153
87 156
87 160
87 161
87 162
87 165
87 166
87 167
87 168
87 169
87 170
87 172
87 173
87 175
87 177
87 178
87 181
87 182
87 186
87 188
87 189
87 193
87 194
87 200
87 201
87 204
87 208
87 213
87 214
87 219
87 223
87 225
87 228
87 231
87 234
87 238
87 239
87 241
87 244
87 246
87 254
87 255
88 4
88 8
88 10
88 11
88 13
88 16
88 17
88 18
88 19
88 23
88 29
88 31
88 34
88 35
88 36
88 38
88 42
88 44
88 46
88 48
88 49
88 50
88 51
88 52
88 55
88 56
88 57
88 58
88 63
88 66
88 69
88 70
88 73
88 75
88 78
88 80
88 81
88 83
88 87
88 90
88 92
88 94
88 95
88 97
88 101
88 103
88 104
88 108
88 110
88 112
88 113
88 119
88 122
88 125
88 126
88 128
88 129
88 131
88 133
88 136
88 137
88 138
88 139
88 141
88 142
88 143
88 144
88 146
88 152
88 153
88 156
88 160
88 161
88 162
88 165
88 166
88 167
88 168
88 169
88 170
88 172
88 173
88 175
88 177
88 178
88 181
88 182
88 186
88 188
88 189
88 193
88 194
88 200
88 201
88 204
88 208
88 213
88 214
88 219
88 223
88 225
88 228
88 231
88 234
88 238
88 239
88 241
88 244
88 246
88 254
88 255
90 4
90 8
90 10
90 11
90 13
90 16
90 17
90 18
90 19
90 23
90 29
90 31
90 34
90 35
90 36
90 38
90 42
90 44
90 46
90 48
90 49
90 50
90 51
90 52
90 55
90 56
90 57
90 58
90 63
90 66
90 69
90 70
90 73
90 75
90 78
90 80
90 81
90 83
90 87
90 88
90 92
90 94
90 95
90 97
90 101
90 103
90 104
90 108
90 110
90 112
90 113
90 119
90 122
90 125
90 126
90 128
90 129
90 131
90 133
90 136
90 137
90 138
90 139
90 141
90 142
90 143
90 144
90 146
90 152
90 153
90 156
90 160
90 161
90 162
90 165
90 166
90 167
90 168
90 169
90 170
90 172
90 173
90 175
90 177
90 178
90 181
90 182
90 186
90 188
90 189
90 193
90 194
90 200
90 201
90 204
90 208
90 213
90 214
90 219
90 223
90 225
90 228
90 231
90 234
90 238
90 239
90 241
90 244
90 246
90 254
90 255
92 4
92 8
92 10
92 11
92 13
92 16
92 17
92 18
92 19
92 23
92 29
92 31
92 34
92 35
92 36
92 38
92 42
92 44
92 46
92 48
92 49
92 50
92 51
92 52
92 55
92 56
92 57
92 58
92 63
92 66
92 69
92 70
92 73
92 75
92 78
92 80
92 81
92 83
92 87
92 88
92 90
92 94
92 95
92 97
92 101
92 103
92 104
92 108
92 110
92 112
92 113
92 119
92 122
92 125
92 126
92 128
92 129
92 131
92 133
92 136
92 137
92 138
92 139
92 141
92 142
92 143
92 144
92 146
92 152
92 153
92 156
92 160
92 161
92 162
92 165
92 166
92 167
92 168
92 169
92 170
92 172
92 173
92 175
92 177
92 178
92 181
92 182
92 186
92 188
92 189
92 193
92 194
92 200
92 201
92 204
92 208
92 213
92 214
92 219
92 223
92 225
92 228
92 231
92 234
92 238
92 239
92 241
92 244
92 246
92 254
92 255
93 249
94 4
94 8
94 10
94 11
94 13
94 16
94 17
94 18
94 19
94 23
94 29
94 31
94 34
94 35
94 36
94 38
94 42
94 44
94 46
94 48
94 49
94 50
94 51
94 52
94 55
94 56
94 57
94 58
94 63
94 66
94 69
94 70
94 73
94 75
94 78
94 80
94 81
94 83
94 87
94 88
94 90
94 92
94 95
94 97
94 101
94 103
94 104
94 108
94 110
94 112
94 113
94 119
94 122
94 125
94 126
94 128
94 129
94 131
94 133
94 136
94 137
94 138
94 139
94 141
94 142
94 143
94 144
94 146
94 152
94 153
94 156
94 160
94 161
94 162
94 165
94 166
94 167
94 168
94 169
94 170
94 172
94 173
94 175
94 177
94 178
94 181
94 182
94 186
94 188
94 189
94 193
94 194
94 200
94 201
94 204
94 208
94 213
94 214
94 219
94 223
94 225
94 228
94 231
94 234
94 238
94 239
94 241
94 244
94 246
94 254
94 255
95 4
95 8
95 10
95 11
95 13
95 16
95 17
95 18
95 19
95 23
95 29
95 31
95 34
95 35
95 36
95 38
95 42
95 44
95 46
95 48
95 49
95 50
95 51
95 52
95 55
95 56
95 57
95 58
95 63
95 66
95 69
95 70
95 73
95 75
95 78
95 80
95 81
95 83
95 87
95 88
95 90
95 92
95 94
95 97
95 101
95 103
95 104
95 108
95 110
95 112
95 113
95 119
95 122
95 125
95 126
95 128
95 129
95 131
95 133
95 136
95 137
95 138
95 139
95 141
95 142
95 143
95 144
95 146
95 152
95 153
95 156
95 160
95 161
95 162
95 165
95 166
95 167
95 168
95 169
95 170
95 172
95 173
95 175
95 177
95 178
95 181
95 182
95 186
95 188
95 189
95 193
95 194
95 200
95 201
95 204
95 208
95 213
95 214
95 219
95 223
95 225
95 228
95 231
95 234
95 238
95 239
95 241
95 244
95 246
95 254
95 255
96 85
96 174
96 180
96 245
96 250
97 4
97 8
97 10
97 11
97 13
97 16
97 17
97 18
97 19
97 23
97 29
97 31
97 34
97 35
97 36
97 38
97 42
97 44
97 46
97 48
97 49
97 50
97 51
97 52
97 55
97 56
97 57
97 58
97 63
97 66
97 69
97 70
97 73
97 75
97 78
97 80
97 81
97 83
97 87
97 88
97 90
97 92
97 94
97 95
97 101
97 103
97 104
97 108
97 110
97 112
97 113
97 119
97 122
97 125
97 126
97 128
97 129
97 131
97 133
97 136
97 137
97 138
97 139
97 141
97 142
97 143
97 144
97 146
97 152
97 153
97 156
97 160
97 161
97 162
97 165
97 166
97 167
97 168
97 169
97 170
97 172
97 173
97 175
97 177
97 178
97 181
97 182
97 186
97 188
97 189
97 193
97 194
97 200
97 201
97 204
97 208
97 213
97 214
97 219
97 223
97 225
97 228
97 231
97 234
97 238
97 239
97 241
97 244
97 246
97 254
97 255
99 206
99 209
101 4
101 8
101 10
101 11
101 13
101 16
101 17
101 18
101 19
101 23
101 29
101 31
101 34
101 35
101 36
101 38
101 42
101 44
101 46
101 48
101 49
101 50
101 51
101 52
101 55
101 56
101 57
101 58
101 63
101 66
101 69
101 70
101 73
101 75
101 78
101 80
101 81
101 83
101 87
101 88
101 90
101 92
101 94
101 95
101 97
101 103
101 104
101 108
101 110
101 112
101 113
101 119
101 122
101 125
101 126
101 128
101 129
101 131
101 133
101 136
101 137
101 138
101 139
101 141
101 142
101 143
101 144
101 146
101 152
101 153
101 156
101 160
101 161
101 162
101 165
101 166
101 167
101 168
101 169
101 170
101 172
101 173
101 175
101 177
101 178
101 181
101 182
101 186
101 188
101 189
101 193
101 194
101 200
101 201
101 204
101 208
101 213
101 214
101 219
101 223
101 225
101 228
101 231
101 234
101 238
101 239
101 241
101 244
101 246
101 254
101 255
103 4
103 8
103 10
103 11
103 13
103 16
103 17
103 18
103 19
103 23
103 29
103 31
103 34
103 35
103 36
103 38
103 42
103 44
103 46
103 48
103 49
103 50
103 51
103 52
103 55
103 56
103 57
103 58
103 63
103 66
103 69
103 70
103 73
103 75
103 78
103 80
103 81
103 83
103 87
103 88
103 90
103 92
103 94
103 95
103 97
103 101
103 104
103 108
103 110
103 112
103 113
103 119
103 122
103 125
103 126
103 128
103 129
103 131
103 133
103 136
103 137
103 138
103 139
103 141
103 142
103 143
103 144
103 146
103 152
103 153
103 156
103 160
103 161
103 162
103 165
103 166
103 167
103 168
103 169
103 170
103 172
103 173
103 175
103 177
103 178
103 181
103 182
103 186
103 188
103 189
103 193
103 194
103 200
103 201
103 204
103 208
103 213
103 214
103 219
103 223
103 225
103 228
103 231
103 234
103 238
103 239
103 241
103 244
103 246
103 254
103 255
104 4
104 8
104 10
104 11
104 13
104 16
104 17
104 18
104 19
104 23
104 29
104 31
104 34
104 35
104 36
104 38
104 42
104 44
104 46
104 48
104 49
104 50
104 51
104 52
104 55
104 56
104 57
104 58
104 63
104 66
104 69
104 70
104 73
104 75
104 78
104 80
104 81
104 83
104 87
104 88
104 90
104 92
104 94
104 95
104 97
104 101
104 103
104 108
104 110
104 112
104 113
104 119
104 122
104 125
104 126
104 128
104 129
104 131
104 133
104 136
104 137
104 138
104 139
104 141
104 142
104 143
104 144
104 146
104 152
104 153
104 156
104 160
104 161
104 162
104 165
104 166
104 167
104 168
104 169
104 170
104 172
104 173
104 175
104 177
104 178
104 181
104 182
104 186
104 188
104 189
104 193
104 194
104 200
104 201
104 204
104 208
104 213
104 214
104 219
104 223
104 225
104 228
104 231
104 234
104 238
104 239
104 241
104 244
104 246
104 254
104 255
107 22
108 4
108 8
108 10
108 11
108 13
108 16
108 17
108 18
108 19
108 23
108 29
108 31
108 34
108 35
108 36
108 38
108 42
108 44
108 46
108 48
108 49
108 50
108 51
108 52
108 55
108 56
108 57
108 58
108 63
108 66
108 69
108 70
108 73
108 75
108 78
108 80
108 81
108 83
108 87
108 88
108 90
108 92
108 94
108 95
108 97
108 101
108 103
108 104
108 110
108 112
108 113
108 119
108 122
108 125
108 126
108 128
108 129
108 131
108 133
108 136
108 137
108 138
108 139
108 141
108 142
108 143
108 144
108 146
108 152
108 153
108 156
108 160
108 161
108 162
108 165
108 166
108 167
108 168
108 169
108 170
108 172
108 173
108 175
108 177
108 178
108 181
108 182
108 186
108 188
108 189
108 193
108 194
108 200
108 201
108 204
108 208
108 213
108 214
108 219
108 223
108 225
108 228
108 231
108 234
108 238
108 239
108 241
108 244
108 246
108 254
108 255
109 220
110 4
110 8
110 10
110 11
110 13
110 16
110 17
110 18
110 19
110 23
110 29
110 31
110 34
110 35
110 36
110 38
110 42
110 44
110 46
110 48
110 49
110 50
110 51
110 52
110 55
110 56
110 57
110 58
110 63
110 66
110 69
110 70
110 73
110 75
110 78
110 80
110 81
110 83
110 87
110 88
110 90
110 92
110 94
110 95
110 97
110 101
110 103
110 104
110 108
110 112
110 113
110 119
110 122
110 125
110 126
110 128
110 129
110 131
110 133
110 136
110 137
110 138
110 139
110 141
110 142
110 143
110 144
110 146
110 152
110 153
110 156
110 160
110 161
110 162
110 165
110 166
110 167
110 168
110 169
110 170
110 172
110 173
110 175
110 177
110 178
110 181
110 182
110 186
110 188
110 189
110 193
110 194
110 200
110 201
110 204
110 208
110 213
110 214
110 219
110 223
110 225
110 228
110 231
110 234
110 238
110 239
110 241
110 244
110 246
110 254
110 255
112 4
112 8
112 10
112 11
112 13
112 16
112 17
112 18
112 19
112 23
112 29
112 31
112 34
112 35
112 36
112 38
112 42
112 44
112 46
112 48
112 49
112 50
112 51
112 52
112 55
112 56
112 57
112 58
112 63
112 66
112 69
112 70
112 73
112 75
112 78
112 80
112 81
112 83
112 87
112 88
112 90
112 92
112 94
112 95
112 97
112 101
112 103
112 104
112 108
112 110
112 113
112 119
112 122
112 125
112 126
112 128
112 129
112 131
112 133
112 136
112 137
112 138
112 139
112 141
112 142
112 143
112 144
112 146
112 152
112 153
112 156
112 160
112 161
112 162
112 165
112 166
112 167
112 168
112 169
112 170
112 172
112 173
112 175
112 177
112 178
112 181
112 182
112 186
112 188
112 189
112 193
112 194
112 200
112 201
112 204
112 208
112 213
112 214
112 219
112 223
112 225
112 228
112 231
112 234
112 238
112 239
112 241
112 244
112 246
112 254
112 255
113 4
113 8
113 10
113 11
113 13
113 16
113 17
113 18
113 19
113 23
113 29
113 31
113 34
113 35
113 36
113 38
113 42
113 44
113 46
113 48
113 49
113 50
113 51
113 52
113 55
113 56
113 57
113 58
113 63
113 66
113 69
113 70
113 73
113 75
113 78
113 80
113 81
113 83
113 87
113 88
113 90
113 92
113 94
113 95
113 97
113 101
113 103
113 104
113 108
113 110
113 112
113 119
113 122
113 125
113 126
113 128
113 129
113 131
113 133
113 136
113 137
113 138
113 139
113 141
113 142
113 143
113 144
113 146
113 152
113 153
113 156
113 160
113 161
113 162
113 165
113 166
113 167
113 168
113 169
113 170
113 172
113 173
113 175
113 177
113 178
113 181
113 182
113 186
113 188
113 189
113 193
113 194
113 200
113 201
113 204
113 208
113 213
113 214
113 219
113 223
113 225
113 228
113 231
113 234
113 238
113 239
113 241
113 244
113 246
113 254
113 255
114 9
116 242
118 0
119 4
119 8
119 10
119 11
119 13
119 16
119 17
119 18
119 19
119 23
119 29
119 31
119 34
119 35
119 36
119 38
119 42
119 44
119 46
119 48
119 49
119 50
119 51
119 52
119 55
119 56
119 57
119 58
119 63
119 66
119 69
119 70
119 73
119 75
119 78
119 80
119 81
119 83
119 87
119 88
119 90
119 92
119 94
119 95
119 97
119 101
119 103
119 104
119 108
119 110
119 112
119 113
119 122
119 125
119 126
119 128
119 129
119 131
119 133
119 136
119 137
119 138
119 139
119 141
119 142
119 143
119 144
119 146
119 152
119 153
119 156
119 160
119 161
119 162
119 165
119 166
119 167
119 168
119 169
119 170
119 172
119 173
119 175
119 177
119 178
119 181
119 182
119 186
119 188
119 189
119 193
119 194
119 200
119 201
119 204
119 208
119 213
119 214
119 219
119 223
119 225
119 228
119 231
119 234
119 238
119 239
119 241
119 244
119 246
119 254
119 255
122 4
122 8
122 10
122 11
122 13
122 16
122 17
122 18
122 19
122 23
122 29
122 31
122 34
122 35
122 36
122 38
122 42
122 44
122 46
122 48
122 49
122 50
122 51
122 52
122 55
122 56
122 57
122 58
122 63
122 66
122 69
122 70
122 73
122 75
122 78
122 80
122 81
122 83
122 87
122 88
122 90
122 92
122 94
122 95
122 97
122 101
122 103
122 104
122 108
122 110
122 112
122 113
122 119
122 125
122 126
122 128
122 129
122 131
122 133
122 136
122 137
122 138
122 139
122 141
122 142
122 143
122 144
122 146
122 152
122 153
122 156
122 160
122 161
122 162
122 165
122 166
122 167
122 168
122 169
122 170
122 172
122 173
122 175
122 177
122 178
122 181
122 182
122 186
122 188
122 189
122 193
122 194
122 200
122 201
122 204
122 208
122 213
122 214
122 219
122 223
122 225
122 228
122 231
122 234
122 238
122 239
122 241
122 244
122 246
122 254
122 255
125 4
125 8
125 10
125 11
125 13
125 16
125 17
125 18
125 19
125 23
125 29
125 31
125 34
125 35
125 36
125 38
125 42
125 44
125 46
125 48
125 49
125 50
125 51
125 52
125 55
125 56
125 57
125 58
125 63
125 66
125 69
125 70
125 73
125 75
125 78
125 80
125 81
125 83
125 87
125 88
125 90
125 92
125 94
125 95
125 97
125 101
125 103
125 104
125 108
125 110
125 112
125 113
125 119
125 122
125 126
125 128
125 129
125 131
125 133
125 136
125 137
125 138
125 139
125 141
125 142
125 143
125 144
125 146
125 152
125 153
125 156
125 160
125 161
125 162
125 165
125 166
125 167
125 168
125 169
125 170
125 172
125 173
125 175
125 177
125 178
125 181
125 182
125 186
125 188
125 189
125 193
125 194
125 200
125 201
125 204
125 208
125 213
125 214
125 219
125 223
125 225
125 228
125 231
125 234
125 238
125 239
125 241
125 244
125 246
125 254
125 255
126 4
126 8
126 10
126 11
126 13
126 16
126 17
126 18
126 19
126 23
126 29
126 31
126 34
126 35
126 36
126 38
126 42
126 44
126 46
126 48
126 49
126 50
126 51
126 52
126 55
126 56
126 57
126 58
126 63
126 66
126 69
126 70
126 73
126 75
126 78
126 80
126 81
126 83
126 87
126 88
126 90
126 92
126 94
126 95
126 97
126 101
126 103
126 104
126 108
126 110
126 112
126 113
126 119
126 122
126 125
126 128
126 129
126 131
126 133
126 136
126 137
126 138
126 139
126 141
126 142
126 143
126 144
126 146
126 152
126 153
126 156
126 160
126 161
126 162
126 165
126 166
126 167
126 168
126 169
126 170
126 172
126 173
126 175
126 177
126 178
126 181
126 182
126 186
126 188
126 189
126 193
126 194
126 200
126 201
126 204
126 208
126 213
126 214
126 219
126 223
126 225
126 228
126 231
126 234
126 238
126 239
126 241
126 244
126 246
126 254
126 255
128 4
128 8
128 10
128 11
128 13
128 16
128 17
128 18
128 19
128 23
128 29
128 31
128 34
128 35
128 36
128 38
128 42
128 44
128 46
128 48
128 49
128 50
128 51
128 52
128 55
128 56
128 57
128 58
128 63
128 66
128 69
128 70
128 73
128 75
128 78
128 80
128 81
128 83
128 87
128 88
128 90
128 92
128 94
128 95
128 97
128 101
128 103
128 104
128 108
128 110
128 112
128 113
128 119
128 122
128 125
128 126
128 129
128 131
128 133
128 136
128 137
128 138
128 139
128 141
128 142
128 143
128 144
128 146
128 152
128 153
128 156
128 160
128 161
128 162
128 165
128 166
128 167
128 168
128 169
128 170
128 172
128 173
128 175
128 177
128 178
128 181
128 182
128 186
128 188
128 189
128 193
128 194
128 200
128 201
128 204
128 208
128 213
128 214
128 219
128 223
128 225
128 228
128 231
128 234
128 238
128 239
128 241
128 244
128 246
128 254
128 255
129 4
129 8
129 10
129 11
129 13
129 16
129 17
129 18
129 19
129 23
129 29
129 31
129 34
129 35
129 36
129 38
129 42
129 44
129 46
129 48
129 49
129 50
129 51
129 52
129 55
129 56
129 57
129 58
129 63
129 66
129 69
129 70
129 73
129 75
129 78
129 80
129 81
129 83
129 87
129 88
129 90
129 92
129 94
129 95
129 97
129 101
129 103
129 104
129 108
129 110
129 112
129 113
129 119
129 122
129 125
129 126
129 128
129 131
129 133
129 136
129 137
129 138
129 139
129 141
129 142
129 143
129 144
129 146
129 152
129 153
129 156
129 160
129 161
129 162
129 165
129 166
129 167
129 168
129 169
129 170
129 172
129 173
129 175
129 177
129 178
129 181
129 182
129 186
129 188
129 189
129 193
129 194
129 200
129 201
129 204
129 208
129 213
129 214
129 219
129 223
129 225
129 228
129 231
129 234
129 238
129 239
129 241
129 244
129 246
129 254
129 255
131 4
131 8
131 10
131 11
131 13
131 16
131 17
131 18
131 19
131 23
131 29
131 31
131 34
131 35
131 36
131 38
131 42
131 44
131 46
131 48
131 49
131 50
131 51
131 52
131 55
131 56
131 57
131 58
131 63
131 66
131 69
131 70
131 73
131 75
131 78
131 80
131 81
131 83
131 87
131 88
131 90
131 92
131 94
131 95
131 97
131 101
131 103
131 104
131 108
131 110
131 112
131 113
131 119
131 122
131 125
131 126
131 128
131 129
131 133
131 136
131 137
131 138
131 139
131 141
131 142
131 143
131 144
131 146
131 152
131 153
131 156
131 160
131 161
131 162
131 165
131 166
131 167
131 168
131 169
131 170
131 172
131 173
131 175
131 177
131 178
131 181
131 182
131 186
131 188
131 189
131 193
131 194
131 200
131 201
131 204
131 208
131 213
131 214
131 219
131 223
131 225
131 228
131 231
131 234
131 238
131 239
131 241
131 244
131 246
131 254
131 255
133 4
133 8
133 10
133 11
133 13
133 16
133 17
133 18
133 19
133 23
133 29
133 31
133 34
133 35
133 36
133 38
133 42
133 44
133 46
133 48
133 49
133 50
133 51
133 52
133 55
133 56
133 57
133 58
133 63
133 66
133 69
133 70
133 73
133 75
133 78
133 80
133 81
133 83
133 87
133 88
133 90
133 92
133 94
133 95
133 97
133 101
133 103
133 104
133 108
133 110
133 112
133 113
133 119
133 122
133 125
133 126
133 128
133 129
133 131
133 136
133 137
133 138
133 139
133 141
133 142
133 143
133 144
133 146
133 152
133 153
133 156
133 160
133 161
133 162
133 165
133 166
133 167
133 168
133 169
133 170
133 172
133 173
133 175
133 177
133 178
133 181
133 182
133 186
133 188
133 189
133 193
133 194
133 200
133 201
133 204
133 208
133 213
133 214
133 219
133 223
133 225
133 228
133 231
133 234
133 238
133 239
133 241
133 244
133 246
133 254
133 255
134 176
135 1
135 25
136 4
136 8
136 10
136 11
136 13
136 16
136 17
136 18
136 19
136 23
136 29
136 31
136 34
136 35
136 36
136 38
136 42
136 44
136 46
136 48
136 49
136 50
136 51
136 52
136 55
136 56
136 57
136 58
136 63
136 66
136 69
136 70
136 73
136 75
136 78
136 80
136 81
136 83
136 87
136 88
136 90
136 92
136 94
136 95
136 97
136 101
136 103
136 104
136 108
136 110
136 112
136 113
136 119
136 122
136 125
136 126
136 128
136 129
136 131
136 133
136 137
136 138
136 139
136 141
136 142
136 143
136 144
136 146
136 152
136 153
136 156
136 160
136 161
136 162
136 165
136 166
136 167
136 168
136 169
136 170
136 172
136 173
136 175
136 177
136 178
136 181
136 182
136 186
136 188
136 189
136 193
136 194
136 200
136 201
136 204
136 208
136 213
136 214
136 219
136 223
136 225
136 228
136 231
136 234
136 238
136 239
136 241
136 244
136 246
136 254
136 255
137 4
137 8
137 10
137 11
137 13
137 16
137 17
137 18
137 19
137 23
137 29
137 31
137 34
137 35
137 36
137 38
137 42
137 44
137 46
137 48
137 49
137 50
137 51
137 52
137 55
137 56
137 57
137 58
137 63
137 66
137 69
137 70
137 73
137 75
137 78
137 80
137 81
137 83
137 87
137 88
137 90
137 92
137 94
137 95
137 97
137 101
137 103
137 104
137 108
137 110
137 112
137 113
137 119
137 122
137 125
137 126
137 128
137 129
137 131
137 133
137 136
137 138
137 139
137 141
137 142
137 143
137 144
137 146
137 152
137 153
137 156
137 160
137 161
137 162
137 165
137 166
137 167
137 168
137 169
137 170
137 172
137 173
137 175
137 177
137 178
137 181
137 182
137 186
137 188
137 189
137 193
137 194
137 200
137 201
137 204
137 208
137 213
137 214
137 219
137 223
137 225
137 228
137 231
137 234
137 238
137 239
137 241
137 244
137 246
137 254
137 255
138 4
138 8
138 10
138 11
138 13
138 16
138 17
138 18
138 19
138 23
138 29
138 31
138 34
138 35
138 36
138 38
138 42
138 44
138 46
138 48
138 49
138 50
138 51
138 52
138 55
138 56
138 57
138 58
138 63
138 66
138 69
138 70
138 73
138 75
138 78
138 80
138 81
138 83
138 87
138 88
138 90
138 92
138 94
138 95
138 97
138 101
138 103
138 104
138 108
138 110
138 112
138 113
138 119
138 122
138 125
138 126
138 128
138 129
138 131
138 133
138 136
138 137
138 139
138 141
138 142
138 143
138 144
138 146
138 152
138 153
138 156
138 160
138 161
138 162
138 165
138 166
138 167
138 168
138 169
138 170
138 172
138 173
138 175
138 177
138 178
138 181
138 182
138 186
138 188
138 189
138 193
138 194
138 200
138 201
138 204
138 208
138 213
138 214
138 219
138 223
138 225
138 228
138 231
138 234
138 238
138 239
138 241
138 244
138 246
138 254
138 255
139 4
139 8
139 10
139 11
139 13
139 16
139 17
139 18
139 19
139 23
139 29
139 31
139 34
139 35
139 36
139 38
139 42
139 44
139 46
139 48
139 49
139 50
139 51
139 52
139 55
139 56
139 57
139 58
139 63
139 66
139 69
139 70
139 73
139 75
139 78
139 80
139 81
139 83
139 87
139 88
139 90
139 92
139 94
139 95
139 97
139 101
139 103
139 104
139 108
139 110
139 112
139 113
139 119
139 122
139 125
139 126
139 128
139 129
139 131
139 133
139 136
139 137
139 138
139 141
139 142
139 143
139 144
139 146
139 152
139 153
139 156
139 160
139 161
139 162
139 165
139 166
139 167
139 168
139 169
139 170
139 172
139 173
139 175
139 177
139 178
139 181
139 182
139 186
139 188
139 189
139 193
139 194
139 200
139 201
139 204
139 208
139 213
139 214
139 219
139 223
139 225
139 228
139 231
139 234
139 238
139 239
139 241
139 244
139 246
139 254
139 255
141 4
141 8
141 10
141 11
141 13
141 16
141 17
141 18
141 19
141 23
141 29
141 31
141 34
141 35
141 36
141 38
141 42
141 44
141 46
141 48
141 49
141 50
141 51
141 52
141 55
141 56
141 57
141 58
141 63
141 66
141 69
141 70
141 73
141 75
141 78
141 80
141 81
141 83
141 87
141 88
141 90
141 92
141 94
141 95
141 97
141 101
141 103
141 104
141 108
141 110
141 112
141 113
141 119
141 122
141 125
141 126
141 128
141 129
141 131
141 133
141 136
141 137
141 138
141 139
141 142
141 143
141 144
141 146
141 152
141 153
141 156
141 160
141 161
141 162
141 165
141 166
141 167
141 168
141 169
141 170
141 172
141 173
141 175
141 177
141 178
141 181
141 182
141 186
141 188
141 189
141 193
141 194
141 200
141 201
141 204
141 208
141 213
141 214
141 219
141 223
141 225
141 228
141 231
141 234
141 238
141 239
141 241
141 244
141 246
141 254
141 255
142 4
142 8
142 10
142 11
142 13
142 16
142 17
142 18
142 19
142 23
142 29
142 31
142 34
142 35
142 36
142 38
142 42
142 44
142 46
142 48
142 49
142 50
142 51
142 52
142 55
142 56
142 57
142 58
142 63
142 66
142 69
142 70
142 73
142 75
142 78
142 80
142 81
142 83
142 87
142 88
142 90
142 92
142 94
142 95
142 97
142 101
142 103
142 104
142 108
142 110
142 112
142 113
142 119
142 122
142 125
142 126
142 128
142 129
142 131
142 133
142 136
142 137
142 138
142 139
142 141
142 143
142 144
142 146
142 152
142 153
142 156
142 160
142 161
142 162
142 165
142 166
142 167
142 168
142 169
142 170
142 172
142 173
142 175
142 177
142 178
142 181
142 182
142 186
142 188
142 189
142 193
142 194
142 200
142 201
142 204
142 208
142 213
142 214
142 219
142 223
142 225
142 228
142 231
142 234
142 238
142 239
142 241
142 244
142 246
142 254
142 255
143 4
143 8
143 10
143 11
143 13
143 16
143 17
143 18
143 19
143 23
143 29
143 31
143 34
143 35
143 36
143 38
143 42
143 44
143 46
143 48
143 49
143 50
143 51
143 52
143 55
143 56
143 57
143 58
143 63
143 66
143 69
143 70
143 73
143 75
143 78
143 80
143 81
143 83
143 87
143 88
143 90
143 92
143 94
143 95
143 97
143 101
143 103
143 104
143 108
143 110
143 112
143 113
143 119
143 122
143 125
143 126
143 128
143 129
143 131
143 133
143 136
143 137
143 138
143 139
143 141
143 142
143 144
143 146
143 152
143 153
143 156
143 160
143 161
143 162
143 165
143 166
143 167
143 168
143 169
143 170
143 172
143 173
143 175
143 177
143 178
143 181
143 182
143 186
143 188
143 189
143 193
143 194
143 200
143 201
143 204
143 208
143 213
143 214
143 219
143 223
143 225
143 228
143 231
143 234
143 238
143 239
143 241
143 244
143 246
143 254
143 255
144 4
144 8
144 10
144 11
144 13
144 16
144 17
144 18
144 19
144 23
144 29
144 31
144 34
144 35
144 36
144 38
144 42
144 44
144 46
144 48
144 49
144 50
144 51
144 52
144 55
144 56
144 57
144 58
144 63
144 66
144 69
144 70
144 73
144 75
144 78
144 80
144 81
144 83
144 87
144 88
144 90
144 92
144 94
144 95
144 97
144 101
144 103
144 104
144 108
144 110
144 112
144 113
144 119
144 122
144 125
144 126
144 128
144 129
144 131
144 133
144 136
144 137
144 138
144 139
144 141
144 142
144 143
144 146
144 152
144 153
144 156
144 160
144 161
144 162
144 165
144 166
144 167
144 168
144 169
144 170
144 172
144 173
144 175
144 177
144 178
144 181
144 182
144 186
144 188
144 189
144 193
144 194
144 200
144 201
144 204
144 208
144 213
144 214
144 219
144 223
144 225
144 228
144 231
144 234
144 238
144 239
144 241
144 244
144 246
144 254
144 255
146 4
146 8
146 10
146 11
146 13
146 16
146 17
146 18
146 19
146 23
146 29
146 31
146 34
146 35
146 36
146 38
146 42
146 44
146 46
146 48
146 49
146 50
146 51
146 52
146 55
146 56
146 57
146 58
146 63
146 66
146 69
146 70
146 73
146 75
146 78
146 80
146 81
146 83
146 87
146 88
146 90
146 92
146 94
146 95
146 97
146 101
146 103
146 104
146 108
146 110
146 112
146 113
146 119
146 122
146 125
146 126
146 128
146 129
146 131
146 133
146 136
146 137
146 138
146 139
146 141
146 142
146 143
146 144
146 152
146 153
146 156
146 160
146 161
146 162
146 165
146 166
146 167
146 168
146 169
146 170
146 172
146 173
146 175
146 177
146 178
146 181
146 182
146 186
146 188
146 189
146 193
146 194
146 200
146 201
146 204
146 208
146 213
146 214
146 219
146 223
146 225
146 228
146 231
146 234
146 238
146 239
146 241
146 244
146 246
146 254
146 255
149 221
150 233
152 4
152 8
152 10
152 11
152 13
152 16
152 17
152 18
152 19
152 23
152 29
152 31
152 34
152 35
152 36
152 38
152 42
152 44
152 46
152 48
152 49
152 50
152 51
152 52
152 55
152 56
152 57
152 58
152 63
152 66
152 69
152 70
152 73
152 75
152 78
152 80
152 81
152 83
152 87
152 88
152 90
152 92
152 94
152 95
152 97
152 101
152 103
152 104
152 108
152 110
152 112
152 113
152 119
152 122
152 125
152 126
152 128
152 129
152 131
152 133
152 136
152 137
152 138
152 139
152 141
152 142
152 143
152 144
152 146
152 153
152 156
152 160
152 161
152 162
152 165
152 166
152 167
152 168
152 169
152 170
152 172
152 173
152 175
152 177
152 178
152 181
152 182
152 186
152 188
152 189
152 193
152 194
152 200
152 201
152 204
152 208
152 213
152 214
152 219
152 223
152 225
152 228
152 231
152 234
152 238
152 239
152 241
152 244
152 246
152 254
152 255
153 4
153 8
153 10
153 11
153 13
153 16
153 17
153 18
153 19
153 23
153 29
153 31
153 34
153 35
153 36
153 38
153 42
153 44
153 46
153 48
153 49
153 50
153 51
153 52
153 55
153 56
153 57
153 58
153 63
153 66
153 69
153 70
153 73
153 75
153 78
153 80
153 81
153 83
153 87
153 88
153 90
153 92
153 94
153 95
153 97
153 101
153 103
153 104
153 108
153 110
153 112
153 113
153 119
153 122
153 125
153 126
153 128
153 129
153 131
153 133
153 136
153 137
153 138
153 139
153 141
153 142
153 143
153 144
153 146
153 152
153 156
153 160
153 161
153 162
153 165
153 166
153 167
153 168
153 169
153 170
153 172
153 173
153 175
153 177
153 178
153 181
153 182
153 186
153 188
153 189
153 193
153 194
153 200
153 201
153 204
153 208
153 213
153 214
153 219
153 223
153 225
153 228
153 231
153 234
153 238
153 239
153 241
153 244
153 246
153 254
153 255
156 4
156 8
156 10
156 11
156 13
156 16
156 17
156 18
156 19
156 23
156 29
156 31
156 34
156 35
156 36
156 38
156 42
156 44
156 46
156 48
156 49
156 50
156 51
156 52
156 55
156 56
156 57
156 58
156 63
156 66
156 69
156 70
156 73
156 75
156 78
156 80
156 81
156 83
156 87
156 88
156 90
156 92
156 94
156 95
156 97
156 101
156 103
156 104
156 108
156 110
156 112
156 113
156 119
156 122
156 125
156 126
156 128
156 129
156 131
156 133
156 136
156 137
156 138
156 139
156 141
156 142
156 143
156 144
156 146
156 152
156 153
156 160
156 161
156 162
156 165
156 166
156 167
156 168
156 169
156 170
156 172
156 173
156 175
156 177
156 178
156 181
156 182
156 186
156 188
156 189
156 193
156 194
156 200
156 201
156 204
156 208
156 213
156 214
156 219
156 223
156 225
156 228
156 231
156 234
156 238
156 239
156 241
156 244
156 246
156 254
156 255
157 207
160 4
160 8
160 10
160 11
160 13
160 16
160 17
160 18
160 19
160 23
160 29
160 31
160 34
160 35
160 36
160 38
160 42
160 44
160 46
160 48
160 49
160 50
160 51
160 52
160 55
160 56
160 57
160 58
160 63
160 66
160 69
160 70
160 73
160 75
160 78
160 80
160 81
160 83
160 87
160 88
160 90
160 92
160 94
160 95
160 97
160 101
160 103
160 104
160 108
160 110
160 112
160 113
160 119
160 122
160 125
160 126
160 128
160 129
160 131
160 133
160 136
160 137
160 138
160 139
160 141
160 142
160 143
160 144
160 146
160 152
160 153
160 156
160 161
160 162
160 165
160 166
160 167
160 168
160 169
160 170
160 172
160 173
160 175
160 177
160 178
160 181
160 182
160 186
160 188
160 189
160 193
160 194
160 200
160 201
160 204
160 208
160 213
160 214
160 219
160 223
160 225
160 228
160 231
160 234
160 238
160 239
160 241
160 244
160 246
160 254
160 255
161 4
161 8
161 10
161 11
161 13
161 16
161 17
161 18
161 19
161 23
161 29
161 31
161 34
161 35
161 36
161 38
161 42
161 44
161 46
161 48
161 49
161 50
161 51
161 52
161 55
161 56
161 57
161 58
161 63
161 66
161 69
161 70
161 73
161 75
161 78
161 80
161 81
161 83
161 87
161 88
161 90
161 92
161 94
161 95
161 97
161 101
161 103
161 104
161 108
161 110
161 112
161 113
161 119
161 122
161 125
161 126
161 128
161 129
161 131
161 133
161 136
161 137
161 138
161 139
161 141
161 142
161 143
161 144
161 146
161 152
161 153
161 156
161 160
161 162
161 165
161 166
161 167
161 168
161 169
161 170
161 172
161 173
161 175
161 177
161 178
161 181
161 182
161 186
161 188
161 189
161 193
161 194
161 200
161 201
161 204
161 208
161 213
161 214
161 219
161 223
161 225
161 228
161 231
161 234
161 238
161 239
161 241
161 244
161 246
161 254
161 255
162 4
162 8
162 10
162 11
162 13
162 16
162 17
162 18
162 19
162 23
162 29
162 31
162 34
162 35
162 36
162 38
162 42
162 44
162 46
162 48
162 49
162 50
162 51
162 52
162 55
162 56
162 57
162 58
162 63
162 66
162 69
162 70
162 73
162 75
162 78
162 80
162 81
162 83
162 87
162 88
162 90
162 92
162 94
162 95
162 97
162 101
162 103
162 104
162 108
162 110
162 112
162 113
162 119
162 122
162 125
162 126
162 128
162 129
162 131
162 133
162 136
162 137
162 138
162 139
162 141
162 142
162 143
162 144
162 146
162 152
162 153
162 156
162 160
162 161
162 165
162 166
162 167
162 168
162 169
162 170
162 172
162 173
162 175
162 177
162 178
162 181
162 182
162 186
162 188
162 189
162 193
162 194
162 200
162 201
162 204
162 208
162 213
162 214
162 219
162 223
162 225
162 228
162 231
162 234
162 238
162 239
162 241
162 244
162 246
162 254
162 255
165 4
165 8
165 10
165 11
165 13
165 16
165 17
165 18
165 19
165 23
165 29
165 31
165 34
165 35
165 36
165 38
165 42
165 44
165 46
165 48
165 49
165 50
165 51
165 52
165 55
165 56
165 57
165 58
165 63
165 66
165 69
165 70
165 73
165 75
165 78
165 80
165 81
165 83
165 87
165 88
165 90
165 92
165 94
165 95
165 97
165 101
165 103
165 104
165 108
165 110
165 112
165 113
165 119
165 122
165 125
165 126
165 128
165 129
165 131
165 133
165 136
165 137
165 138
165 139
165 141
165 142
165 143
165 144
165 146
165 152
165 153
165 156
165 160
165 161
165 162
165 166
165 167
165 168
165 169
165 170
165 172
165 173
165 175
165 177
165 178
165 181
165 182
165 186
165 188
165 189
165 193
165 194
165 200
165 201
165 204
165 208
165 213
165 214
165 219
165 223
165 225
165 228
165 231
165 234
165 238
165 239
165 241
165 244
165 246
165 254
165 255
166 4
166 8
166 10
166 11
166 13
166 16
166 17
166 18
166 19
166 23
166 29
166 31
166 34
166 35
166 36
166 38
166 42
166 44
166 46
166 48
166 49
166 50
166 51
166 52
166 55
166 56
166 57
166 58
166 63
166 66
166 69
166 70
166 73
166 75
166 78
166 80
166 81
166 83
166 87
166 88
166 90
166 92
166 94
166 95
166 97
166 101
166 103
166 104
166 108
166 110
166 112
166 113
166 119
166 122
166 125
166 126
166 128
166 129
166 131
166 133
166 136
166 137
166 138
166 139
166 141
166 142
166 143
166 144
166 146
166 152
166 153
166 156
166 160
166 161
166 162
166 165
166 167
166 168
166 169
166 170
166 172
166 173
166 175
166 177
166 178
166 181
166 182
166 186
166 188
166 189
166 193
166 194
166 200
166 201
166 204
166 208
166 213
166 214
166 219
166 223
166 225
166 228
166 231
166 234
166 238
166 239
166 241
166 244
166 246
166 254
166 255
167 4
167 8
167 10
167 11
167 13
167 16
167 17
167 18
167 19
167 23
167 29
167 31
167 34
167 35
167 36
167 38
167 42
167 44
167 46
167 48
167 49
167 50
167 51
167 52
167 55
167 56
167 57
167 58
167 63
167 66
167 69
167 70
167 73
167 75
167 78
167 80
167 81
167 83
167 87
167 88
167 90
167 92
167 94
167 95
167 97
167 101
167 103
167 104
167 108
167 110
167 112
167 113
167 119
167 122
167 125
167 126
167 128
167 129
167 131
167 133
167 136
167 137
167 138
167 139
167 141
167 142
167 143
167 144
167 146
167 152
167 153
167 156
167 160
167 161
167 162
167 165
167 166
167 168
167 169
167 170
167 172
167 173
167 175
167 177
167 178
167 181
167 182
167 186
167 188
167 189
167 193
167 194
167 200
167 201
167 204
167 208
167 213
167 214
167 219
167 223
167 225
167 228
167 231
167 234
167 238
167 239
167 241
167 244
167 246
167 254
167 255
168 4
168 8
168 10
168 11
168 13
168 16
168 17
168 18
168 19
168 23
168 29
168 31
168 34
168 35
168 36
168 38
168 42
168 44
168 46
168 48
168 49
168 50
168 51
168 52
168 55
168 56
168 57
168 58
168 63
168 66
168 69
168 70
168 73
168 75
168 78
168 80
168 81
168 83
168 87
168 88
168 90
168 92
168 94
168 95
168 97
168 101
168 103
168 104
168 108
168 110
168 112
168 113
168 119
168 122
168 125
168 126
168 128
168 129
168 131
168 133
168 136
168 137
168 138
168 139
168 141
168 142
168 143
168 144
168 146
168 152
168 153
168 156
168 160
168 161
168 162
168 165
168 166
168 167
168 169
168 170
168 172
168 173
168 175
168 177
168 178
168 181
168 182
168 186
168 188
168 189
168 193
168 194
168 200
168 201
168 204
168 208
168 213
168 214
168 219
168 223
168 225
168 228
168 231
168 234
168 238
168 239
168 241
168 244
168 246
168 254
168 255
169 4
169 8
169 10
169 11
169 13
169 16
169 17
169 18
169 19
169 23
169 29
169 31
169 34
169 35
169 36
169 38
169 42
169 44
169 46
169 48
169 49
169 50
169 51
169 52
169 55
169 56
169 57
169 58
169 63
169 66
169 69
169 70
169 73
169 75
169 78
169 80
169 81
169 83
169 87
169 88
169 90
169 92
169 94
169 95
169 97
169 101
169 103
169 104
169 108
169 110
169 112
169 113
169 119
169 122
169 125
169 126
169 128
169 129
169 131
169 133
169 136
169 137
169 138
169 139
169 141
169 142
169 143
169 144
169 146
169 152
169 153
169 156
169 160
169 161
169 162
169 165
169 166
169 167
169 168
169 170
169 172
169 173
169 175
169 177
169 178
169 181
169 182
169 186
169 188
169 189
169 193
169 194
169 200
169 201
169 204
169 208
169 213
169 214
169 219
169 223
169 225
169 228
169 231
169 234
169 238
169 239
169 241
169 244
169 246
169 254
169 255
170 4
170 8
170 10
170 11
170 13
170 16
170 17
170 18
170 19
170 23
170 29
170 31
170 34
170 35
170 36
170 38
170 42
170 44
170 46
170 48
170 49
170 50
170 51
170 52
170 55
170 56
170 57
170 58
170 63
170 66
170 69
170 70
170 73
170 75
170 78
170 80
170 81
170 83
170 87
170 88
170 90
170 92
170 94
170 95
170 97
170 101
170 103
170 104
170 108
170 110
170 112
170 113
170 119
170 122
170 125
170 126
170 128
170 129
170 131
170 133
170 136
170 137
170 138
170 139
170 141
170 142
170 143
170 144
170 146
170 152
170 153
170 156
170 160
170 161
170 162
170 165
170 166
170 167
170 168
170 169
170 172
170 173
170 175
170 177
170 178
170 181
170 182
170 186
170 188
170 189
170 193
170 194
170 200
170 201
170 204
170 208
170 213
170 214
170 219
170 223
170 225
170 228
170 231
170 234
170 238
170 239
170 241
170 244
170 246
170 254
170 255
172 4
172 8
172 10
172 11
172 13
172 16
172 17
172 18
172 19
172 23
172 29
172 31
172 34
172 35
172 36
172 38
172 42
172 44
172 46
172 48
172 49
172 50
172 51
172 52
172 55
172 56
172 57
172 58
172 63
172 66
172 69
172 70
172 73
172 75
172 78
172 80
172 81
172 83
172 87
172 88
172 90
172 92
172 94
172 95
172 97
172 101
172 103
172 104
172 108
172 110
172 112
172 113
172 119
172 122
172 125
172 126
172 128
172 129
172 131
172 133
172 136
172 137
172 138
172 139
172 141
172 142
172 143
172 144
172 146
172 152
172 153
172 156
172 160
172 161
172 162
172 165
172 166
172 167
172 168
172 169
172 170
172 173
172 175
172 177
172 178
172 181
172 182
172 186
172 188
172 189
172 193
172 194
172 200
172 201
172 204
172 208
172 213
172 214
172 219
172 223
172 225
172 228
172 231
172 234
172 238
172 239
172 241
172 244
172 246
172 254
172 255
173 4
173 8
173 10
173 11
173 13
173 16
173 17
173 18
173 19
173 23
173 29
173 31
173 34
173 35
173 36
173 38
173 42
173 44
173 46
173 48
173 49
173 50
173 51
173 52
173 55
173 56
173 57
173 58
173 63
173 66
173 69
173 70
173 73
173 75
173 78
173 80
173 81
173 83
173 87
173 88
173 90
173 92
173 94
173 95
173 97
173 101
173 103
173 104
173 108
173 110
173 112
173 113
173 119
173 122
173 125
173 126
173 128
173 129
173 131
173 133
173 136
173 137
173 138
173 139
173 141
173 142
173 143
173 144
173 146
173 152
173 153
173 156
173 160
173 161
173 162
173 165
173 166
173 167
173 168
173 169
173 170
173 172
173 175
173 177
173 178
173 181
173 182
173 186
173 188
173 189
173 193
173 194
173 200
173 201
173 204
173 208
173 213
173 214
173 219
173 223
173 225
173 228
173 231
173 234
173 238
173 239
173 241
173 244
173 246
173 254
173 255
174 85
174 96
174 180
174 245
174 250
175 4
175 8
175 10
175 11
175 13
175 16
175 17
175 18
175 19
175 23
175 29
175 31
175 34
175 35
175 36
175 38
175 42
175 44
175 46
175 48
175 49
175 50
175 51
175 52
175 55
175 56
175 57
175 58
175 63
175 66
175 69
175 70
175 73
175 75
175 78
175 80
175 81
175 83
175 87
175 88
175 90
175 92
175 94
175 95
175 97
175 101
175 103
175 104
175 108
175 110
175 112
175 113
175 119
175 122
175 125
175 126
175 128
175 129
175 131
175 133
175 136
175 137
175 138
175 139
175 141
175 142
175 143
175 144
175 146
175 152
175 153
175 156
175 160
175 161
175 162
175 165
175 166
175 167
175 168
175 169
175 170
175 172
175 173
175 177
175 178
175 181
175 182
175 186
175 188
175 189
175 193
175 194
175 200
175 201
175 204
175 208
175 213
175 214
175 219
175 223
175 225
175 228
175 231
175 234
175 238
175 239
175 241
175 244
175 246
175 254
175 255
176 134
177 4
177 8
177 10
177 11
177 13
177 16
177 17
177 18
177 19
177 23
177 29
177 31
177 34
177 35
177 36
177 38
177 42
177 44
177 46
177 48
177 49
177 50
177 51
177 52
177 55
177 56
177 57
177 58
177 63
177 66
177 69
177 70
177 73
177 75
177 78
177 80
177 81
177 83
177 87
177 88
177 90
177 92
177 94
177 95
177 97
177 101
177 103
177 104
177 108
177 110
177 112
177 113
177 119
177 122
177 125
177 126
177 128
177 129
177 131
177 133
177 136
177 137
177 138
177 139
177 141
177 142
177 143
177 144
177 146
177 152
177 153
177 156
177 160
177 161
177 162
177 165
177 166
177 167
177 168
177 169
177 170
177 172
177 173
177 175
177 178
177 181
177 182
177 186
177 188
177 189
177 193
177 194
177 200
177 201
177 204
177 208
177 213
177 214
177 219
177 223
177 225
177 228
177 231
177 234
177 238
177 239
177 241
177 244
177 246
177 254
177 255
178 4
178 8
178 10
178 11
178 13
178 16
178 17
178 18
178 19
178 23
178 29
178 31
178 34
178 35
178 36
178 38
178 42
178 44
178 46
178 48
178 49
178 50
178 51
178 52
178 55
178 56
178 57
178 58
178 63
178 66
178 69
178 70
178 73
178 75
178 78
178 80
178 81
178 83
178 87
178 88
178 90
178 92
178 94
178 95
178 97
178 101
178 103
178 104
178 108
178 110
178 112
178 113
178 119
178 122
178 125
178 126
178 128
178 129
178 131
178 133
178 136
178 137
178 138
178 139
178 141
178 142
178 143
178 144
178 146
178 152
178 153
178 156
178 160
178 161
178 162
178 165
178 166
178 167
178 168
178 169
178 170
178 172
178 173
178 175
178 177
178 181
178 182
178 186
178 188
178 189
178 193
178 194
178 200
178 201
178 204
178 208
178 213
178 214
178 219
178 223
178 225
178 228
178 231
178 234
178 238
178 239
178 241
178 244
178 246
178 254
178 255
180 85
180 96
180 174
180 245
180 250
181 4
181 8
181 10
181 11
181 13
181 16
181 17
181 18
181 19
181 23
181 29
181 31
181 34
181 35
181 36
181 38
181 42
181 44
181 46
181 48
181 49
181 50
181 51
181 52
181 55
181 56
181 57
181 58
181 63
181 66
181 69
181 70
181 73
181 75
181 78
181 80
181 81
181 83
181 87
181 88
181 90
181 92
181 94
181 95
181 97
181 101
181 103
181 104
181 108
181 110
181 112
181 113
181 119
181 122
181 125
181 126
181 128
181 129
181 131
181 133
181 136
181 137
181 138
181 139
181 141
181 142
181 143
181 144
181 146
181 152
181 153
181 156
181 160
181 161
181 162
181 165
181 166
181 167
181 168
181 169
181 170
181 172
181 173
181 175
181 177
181 178
181 182
181 186
181 188
181 189
181 193
181 194
181 200
181 201
181 204
181 208
181 213
181 214
181 219
181 223
181 225
181 228
181 231
181 234
181 238
181 239
181 241
181 244
181 246
181 254
181 255
182 4
182 8
182 10
182 11
182 13
182 16
182 17
182 18
182 19
182 23
182 29
182 31
182 34
182 35
182 36
182 38
182 42
182 44
182 46
182 48
182 49
182 50
182 51
182 52
182 55
182 56
182 57
182 58
182 63
182 66
182 69
182 70
182 73
182 75
182 78
182 80
182 81
182 83
182 87
182 88
182 90
182 92
182 94
182 95
182 97
182 101
182 103
182 104
182 108
182 110
182 112
182 113
182 119
182 122
182 125
182 126
182 128
182 129
182 131
182 133
182 136
182 137
182 138
182 139
182 141
182 142
182 143
182 144
182 146
182 152
182 153
182 156
182 160
182 161
182 162
182 165
182 166
182 167
182 168
182 169
182 170
182 172
182 173
182 175
182 177
182 178
182 181
182 186
182 188
182 189
182 193
182 194
182 200
182 201
182 204
182 208
182 213
182 214
182 219
182 223
182 225
182 228
182 231
182 234
182 238
182 239
182 241
182 244
182 246
182 254
182 255
183 247
185 37
185 232
186 4
186 8
186 10
186 11
186 13
186 16
186 17
186 18
186 19
186 23
186 29
186 31
186 34
186 35
186 36
186 38
186 42
186 44
186 46
186 48
186 49
186 50
186 51
186 52
186 55
186 56
186 57
186 58
186 63
186 66
186 69
186 70
186 73
186 75
186 78
186 80
186 81
186 83
186 87
186 88
186 90
186 92
186 94
186 95
186 97
186 101
186 103
186 104
186 108
186 110
186 112
186 113
186 119
186 122
186 125
186 126
186 128
186 129
186 131
186 133
186 136
186 137
186 138
186 139
186 141
186 142
186 143
186 144
186 146
186 152
186 153
186 156
186 160
186 161
186 162
186 165
186 166
186 167
186 168
186 169
186 170
186 172
186 173
186 175
186 177
186 178
186 181
186 182
186 188
186 189
186 193
186 194
186 200
186 201
186 204
186 208
186 213
186 214
186 219
186 223
186 225
186 228
186 231
186 234
186 238
186 239
186 241
186 244
186 246
186 254
186 255
187 210
187 237
188 4
188 8
188 10
188 11
188 13
188 16
188 17
188 18
188 19
188 23
188 29
188 31
188 34
188 35
188 36
188 38
188 42
188 44
188 46
188 48
188 49
188 50
188 51
188 52
188 55
188 56
188 57
188 58
188 63
188 66
188 69
188 70
188 73
188 75
188 78
188 80
188 81
188 83
188 87
188 88
188 90
188 92
188 94
188 95
188 97
188 101
188 103
188 104
188 108
188 110
188 112
188 113
188 119
188 122
188 125
188 126
188 128
188 129
188 131
188 133
188 136
188 137
188 138
188 139
188 141
188 142
188 143
188 144
188 146
188 152
188 153
188 156
188 160
188 161
188 162
188 165
188 166
188 167
188 168
188 169
188 170
188 172
188 173
188 175
188 177
188 178
188 181
188 182
188 186
188 189
188 193
188 194
188 200
188 201
188 204
188 208
188 213
188 214
188 219
188 223
188 225
188 228
188 231
188 234
188 238
188 239
188 241
188 244
188 246
188 254
188 255
189 4
189 8
189 10
189 11
189 13
189 16
189 17
189 18
189 19
189 23
189 29
189 31
189 34
189 35
189 36
189 38
189 42
189 44
189 46
189 48
189 49
189 50
189 51
189 52
189 55
189 56
189 57
189 58
189 63
189 66
189 69
189 70
189 73
189 75
189 78
189 80
189 81
189 83
189 87
189 88
189 90
189 92
189 94
189 95
189 97
189 101
189 103
189 104
189 108
189 110
189 112
189 113
189 119
189 122
189 125
189 126
189 128
189 129
189 131
189 133
189 136
189 137
189 138
189 139
189 141
189 142
189 143
189 144
189 146
189 152
189 153
189 156
189 160
189 161
189 162
189 165
189 166
189 167
189 168
189 169
189 170
189 172
189 173
189 175
189 177
189 178
189 181
189 182
189 186
189 188
189 193
189 194
189 200
189 201
189 204
189 208
189 213
189 214
189 219
189 223
189 225
189 228
189 231
189 234
189 238
189 239
189 241
189 244
189 246
189 254
189 255
193 4
193 8
193 10
193 11
193 13
193 16
193 17
193 18
193 19
193 23
193 29
193 31
193 34
193 35
193 36
193 38
193 42
193 44
193 46
193 48
193 49
193 50
193 51
193 52
193 55
193 56
193 57
193 58
193 63
193 66
193 69
193 70
193 73
193 75
193 78
193 80
193 81
193 83
193 87
193 88
193 90
193 92
193 94
193 95
193 97
193 101
193 103
193 104
193 108
193 110
193 112
193 113
193 119
193 122
193 125
193 126
193 128
193 129
193 131
193 133
193 136
193 137
193 138
193 139
193 141
193 142
193 143
193 144
193 146
193 152
193 153
193 156
193 160
193 161
193 162
193 165
193 166
193 167
193 168
193 169
193 170
193 172
193 173
193 175
193 177
193 178
193 181
193 182
193 186
193 188
193 189
193 194
193 200
193 201
193 204
193 208
193 213
193 214
193 219
193 223
193 225
193 228
193 231
193 234
193 238
193 239
193 241
193 244
193 246
193 254
193 255
194 4
194 8
194 10
194 11
194 13
194 16
194 17
194 18
194 19
194 23
194 29
194 31
194 34
194 35
194 36
194 38
194 42
194 44
194 46
194 48
194 49
194 50
194 51
194 52
194 55
194 56
194 57
194 58
194 63
194 66
194 69
194 70
194 73
194 75
194 78
194 80
194 81
194 83
194 87
194 88
194 90
194 92
194 94
194 95
194 97
194 101
194 103
194 104
194 108
194 110
194 112
194 113
194 119
194 122
194 125
194 126
194 128
194 129
194 131
194 133
194 136
194 137
194 138
194 139
194 141
194 142
194 143
194 144
194 146
194 152
194 153
194 156
194 160
194 161
194 162
194 165
194 166
194 167
194 168
194 169
194 170
194 172
194 173
194 175
194 177
194 178
194 181
194 182
194 186
194 188
194 189
194 193
194 200
194 201
194 204
194 208
194 213
194 214
194 219
194 223
194 225
194 228
194 231
194 234
194 238
194 239
194 241
194 244
194 246
194 254
194 255
195 61
200 4
200 8
200 10
200 11
200 13
200 16
200 17
200 18
200 19
200 23
200 29
200 31
200 34
200 35
200 36
200 38
200 42
200 44
200 46
200 48
200 49
200 50
200 51
200 52
200 55
200 56
200 57
200 58
200 63
200 66
200 69
200 70
200 73
200 75
200 78
200 80
200 81
200 83
200 87
200 88
200 90
200 92
200 94
200 95
200 97
200 101
200 103
200 104
200 108
200 110
200 112
200 113
200 119
200 122
200 125
200 126
200 128
200 129
200 131
200 133
200 136
200 137
200 138
200 139
200 141
200 142
200 143
200 144
200 146
200 152
200 153
200 156
200 160
200 161
200 162
200 165
200 166
200 167
200 168
200 169
200 170
200 172
200 173
200 175
200 177
200 178
200 181
200 182
200 186
200 188
200 189
200 193
200 194
200 201
200 204
200 208
200 213
200 214
200 219
200 223
200 225
200 228
200 231
200 234
200 238
200 239
200 241
200 244
200 246
200 254
200 255
201 4
201 8
201 10
201 11
201 13
201 16
201 17
201 18
201 19
201 23
201 29
201 31
201 34
201 35
201 36
201 38
201 42
201 44
201 46
201 48
201 49
201 50
201 51
201 52
201 55
201 56
201 57
201 58
201 63
201 66
201 69
201 70
201 73
201 75
201 78
201 80
201 81
201 83
201 87
201 88
201 90
201 92
201 94
201 95
201 97
201 101
201 103
201 104
201 108
201 110
201 112
201 113
201 119
201 122
201 125
201 126
201 128
201 129
201 131
201 133
201 136
201 137
201 138
201 139
201 141
201 142
201 143
201 144
201 146
201 152
201 153
201 156
201 160
201 161
201 162
201 165
201 166
201 167
201 168
201 169
201 170
201 172
201 173
201 175
201 177
201 178
201 181
201 182
201 186
201 188
201 189
201 193
201 194
201 200
201 204
201 208
201 213
201 214
201 219
201 223
201 225
201 228
201 231
201 234
201 238
201 239
201 241
201 244
201 246
201 254
201 255
202 30
202 224
202 230
202 235
204 4
204 8
204 10
204 11
204 13
204 16
204 17
204 18
204 19
204 23
204 29
204 31
204 34
204 35
204 36
204 38
204 42
204 44
204 46
204 48
204 49
204 50
204 51
204 52
204 55
204 56
204 57
204 58
204 63
204 66
204 69
204 70
204 73
204 75
204 78
204 80
204 81
204 83
204 87
204 88
204 90
204 92
204 94
204 95
204 97
204 101
204 103
204 104
204 108
204 110
204 112
204 113
204 119
204 122
204 125
204 126
204 128
204 129
204 131
204 133
204 136
204 137
204 138
204 139
204 141
204 142
204 143
204 144
204 146
204 152
204 153
204 156
204 160
204 161
204 162
204 165
204 166
204 167
204 168
204 169
204 170
204 172
204 173
204 175
204 177
204 178
204 181
204 182
204 186
204 188
204 189
204 193
204 194
204 200
204 201
204 208
204 213
204 214
204 219
204 223
204 225
204 228
204 231
204 234
204 238
204 239
204 241
204 244
204 246
204 254
204 255
206 99
206 209
207 157
208 4
208 8
208 10
208 11
208 13
208 16
208 17
208 18
208 19
208 23
208 29
208 31
208 34
208 35
208 36
208 38
208 42
208 44
208 46
208 48
208 49
208 50
208 51
208 52
208 55
208 56
208 57
208 58
208 63
208 66
208 69
208 70
208 73
208 75
208 78
208 80
208 81
208 83
208 87
208 88
208 90
208 92
208 94
208 95
208 97
208 101
208 103
208 104
208 108
208 110
208 112
208 113
208 119
208 122
208 125
208 126
208 128
208 129
208 131
208 133
208 136
208 137
208 138
208 139
208 141
208 142
208 143
208 144
208 146
208 152
208 153
208 156
208 160
208 161
208 162
208 165
208 166
208 167
208 168
208 169
208 170
208 172
208 173
208 175
208 177
208 178
208 181
208 182
208 186
208 188
208 189
208 193
208 194
208 200
208 201
208 204
208 213
208 214
208 219
208 223
208 225
208 228
208 231
208 234
208 238
208 239
208 241
208 244
208 246
208 254
208 255
209 99
209 206
210 187
210 237
211 26
213 4
213 8
213 10
213 11
213 13
213 16
213 17
213 18
213 19
213 23
213 29
213 31
213 34
213 35
213 36
213 38
213 42
213 44
213 46
213 48
213 49
213 50
213 51
213 52
213 55
213 56
213 57
213 58
213 63
213 66
213 69
213 70
213 73
213 75
213 78
213 80
213 81
213 83
213 87
213 88
213 90
213 92
213 94
213 95
213 97
213 101
213 103
213 104
213 108
213 110
213 112
213 113
213 119
213 122
213 125
213 126
213 128
213 129
213 131
213 133
213 136
213 137
213 138
213 139
213 141
213 142
213 143
213 144
213 146
213 152
213 153
213 156
213 160
213 161
213 162
213 165
213 166
213 167
213 168
213 169
213 170
213 172
213 173
213 175
213 177
213 178
213 181
213 182
213 186
213 188
213 189
213 193
213 194
213 200
213 201
213 204
213 208
213 214
213 219
213 223
213 225
213 228
213 231
213 234
213 238
213 239
213 241
213 244
213 246
213 254
213 255
214 4
214 8
214 10
214 11
214 13
214 16
214 17
214 18
214 19
214 23
214 29
214 31
214 34
214 35
214 36
214 38
214 42
214 44
214 46
214 48
214 49
214 50
214 51
214 52
214 55
214 56
214 57
214 58
214 63
214 66
214 69
214 70
214 73
214 75
214 78
214 80
214 81
214 83
214 87
214 88
214 90
214 92
214 94
214 95
214 97
214 101
214 103
214 104
214 108
214 110
214 112
214 113
214 119
214 122
214 125
214 126
214 128
214 129
214 131
214 133
214 136
214 137
214 138
214 139
214 141
214 142
214 143
214 144
214 146
214 152
214 153
214 156
214 160
214 161
214 162
214 165
214 166
214 167
214 168
214 169
214 170
214 172
214 173
214 175
214 177
214 178
214 181
214 182
214 186
214 188
214 189
214 193
214 194
214 200
214 201
214 204
214 208
214 213
214 219
214 223
214 225
214 228
214 231
214 234
214 238
214 239
214 241
214 244
214 246
214 254
214 255
219 4
219 8
219 10
219 11
219 13
219 16
219 17
219 18
219 19
219 23
219 29
219 31
219 34
219 35
219 36
219 38
219 42
219 44
219 46
219 48
219 49
219 50
219 51
219 52
219 55
219 56
219 57
219 58
219 63
219 66
219 69
219 70
219 73
219 75
219 78
219 80
219 81
219 83
219 87
219 88
219 90
219 92
219 94
219 95
219 97
219 101
219 103
219 104
219 108
219 110
219 112
219 113
219 119
219 122
219 125
219 126
219 128
219 129
219 131
219 133
219 136
219 137
219 138
219 139
219 141
219 142
219 143
219 144
219 146
219 152
219 153
219 156
219 160
219 161
219 162
219 165
219 166
219 167
219 168
219 169
219 170
219 172
219 173
219 175
219 177
219 178
219 181
219 182
219 186
219 188
219 189
219 193
219 194
219 200
219 201
219 204
219 208
219 213
219 214
219 223
219 225
219 228
219 231
219 234
219 238
219 239
219 241
219 244
219 246
219 254
219 255
220 109
221 149
222 45
223 4
223 8
223 10
223 11
223 13
223 16
223 17
223 18
223 19
223 23
223 29
223 31
223 34
223 35
223 36
223 38
223 42
223 44
223 46
223 48
223 49
223 50
223 51
223 52
223 55
223 56
223 57
223 58
223 63
223 66
223 69
223 70
223 73
223 75
223 78
223 80
223 81
223 83
223 87
223 88
223 90
223 92
223 94
223 95
223 97
223 101
223 103
223 104
223 108
223 110
223 112
223 113
223 119
223 122
223 125
223 126
223 128
223 129
223 131
223 133
223 136
223 137
223 138
223 139
223 141
223 142
223 143
223 144
223 146
223 152
223 153
223 156
223 160
223 161
223 162
223 165
223 166
223 167
223 168
223 169
223 170
223 172
223 173
223 175
223 177
223 178
223 181
223 182
223 186
223 188
223 189
223 193
223 194
223 200
223 201
223 204
223 208
223 213
223 214
223 219
223 225
223 228
223 231
223 234
223 238
223 239
223 241
223 244
223 246
223 254
223 255
224 30
224 202
224 230
224 235
225 4
225 8
225 10
225 11
225 13
225 16
225 17
225 18
225 19
225 23
225 29
225 31
225 34
225 35
225 36
225 38
225 42
225 44
225 46
225 48
225 49
225 50
225 51
225 52
225 55
225 56
225 57
225 58
225 63
225 66
225 69
225 70
225 73
225 75
225 78
225 80
225 81
225 83
225 87
225 88
225 90
225 92
225 94
225 95
225 97
225 101
225 103
225 104
225 108
225 110
225 112
225 113
225 119
225 122
225 125
225 126
225 128
225 129
225 131
225 133
225 136
225 137
225 138
225 139
225 141
225 142
225 143
225 144
225 146
225 152
225 153
225 156
225 160
225 161
225 162
225 165
225 166
225 167
225 168
225 169
225 170
225 172
225 173
225 175
225 177
225 178
225 181
225 182
225 186
225 188
225 189
225 193
225 194
225 200
225 201
225 204
225 208
225 213
225 214
225 219
225 223
225 228
225 231
225 234
225 238
225 239
225 241
225 244
225 246
225 254
225 255
228 4
228 8
228 10
228 11
228 13
228 16
228 17
228 18
228 19
228 23
228 29
228 31
228 34
228 35
228 36
228 38
228 42
228 44
228 46
228 48
228 49
228 50
228 51
228 52
228 55
228 56
228 57
228 58
228 63
228 66
228 69
228 70
228 73
228 75
228 78
228 80
228 81
228 83
228 87
228 88
228 90
228 92
228 94
228 95
228 97
228 101
228 103
228 104
228 108
228 110
228 112
228 113
228 119
228 122
228 125
228 126
228 128
228 129
228 131
228 133
228 136
228 137
228 138
228 139
228 141
228 142
228 143
228 144
228 146
228 152
228 153
228 156
228 160
228 161
228 162
228 165
228 166
228 167
228 168
228 169
228 170
228 172
228 173
228 175
228 177
228 178
228 181
228 182
228 186
228 188
228 189
228 193
228 194
228 200
228 201
228 204
228 208
228 213
228 214
228 219
228 223
228 225
228 231
228 234
228 238
228 239
228 241
228 244
228 246
228 254
228 255
230 30
230 202
230 224
230 235
231 4
231 8
231 10
231 11
231 13
231 16
231 17
231 18
231 19
231 23
231 29
231 31
231 34
231 35
231 36
231 38
231 42
231 44
231 46
231 48
231 49
231 50
231 51
231 52
231 55
231 56
231 57
231 58
231 63
231 66
231 69
231 70
231 73
231 75
231 78
231 80
231 81
231 83
231 87
231 88
231 90
231 92
231 94
231 95
231 97
231 101
231 103
231 104
231 108
231 110
231 112
231 113
231 119
231 122
231 125
231 126
231 128
231 129
231 131
231 133
231 136
231 137
231 138
231 139
231 141
231 142
231 143
231 144
231 146
231 152
231 153
231 156
231 160
231 161
231 162
231 165
231 166
231 167
231 168
231 169
231 170
231 172
231 173
231 175
231 177
231 178
231 181
231 182
231 186
231 188
231 189
231 193
231 194
231 200
231 201
231 204
231 208
231 213
231 214
231 219
231 223
231 225
231 228
231 234
231 238
231 239
231 241
231 244
231 246
231 254
231 255
232 37
232 185
233 150
234 4
234 8
234 10
234 11
234 13
234 16
234 17
234 18
234 19
234 23
234 29
234 31
234 34
234 35
234 36
234 38
234 42
234 44
234 46
234 48
234 49
234 50
234 51
234 52
234 55
234 56
234 57
234 58
234 63
234 66
234 69
234 70
234 73
234 75
234 78
234 80
234 81
234 83
234 87
234 88
234 90
234 92
234 94
234 95
234 97
234 101
234 103
234 104
234 108
234 110
234 112
234 113
234 119
234 122
234 125
234 126
234 128
234 129
234 131
234 133
234 136
234 137
234 138
234 139
234 141
234 142
234 143
234 144
234 146
234 152
234 153
234 156
234 160
234 161
234 162
234 165
234 166
234 167
234 168
234 169
234 170
234 172
234 173
234 175
234 177
234 178
234 181
234 182
234 186
234 188
234 189
234 193
234 194
234 200
234 201
234 204
234 208
234 213
234 214
234 219
234 223
234 225
234 228
234 231
234 238
234 239
234 241
234 244
234 246
234 254
234 255
235 30
235 202
235 224
235 230
237 187
237 210
238 4
238 8
238 10
238 11
238 13
238 16
238 17
238 18
238 19
238 23
238 29
238 31
238 34
238 35
238 36
238 38
238 42
238 44
238 46
238 48
238 49
238 50
238 51
238 52
238 55
238 56
238 57
238 58
238 63
238 66
238 69
238 70
238 73
238 75
238 78
238 80
238 81
238 83
238 87
238 88
238 90
238 92
238 94
238 95
238 97
238 101
238 103
238 104
238 108
238 110
238 112
238 113
238 119
238 122
238 125
238 126
238 128
238 129
238 131
238 133
238 136
238 137
238 138
238 139
238 141
238 142
238 143
238 144
238 146
238 152
238 153
238 156
238 160
238 161
238 162
238 165
238 166
238 167
238 168
238 169
238 170
238 172
238 173
238 175
238 177
238 178
238 181
238 182
238 186
238 188
238 189
238 193
238 194
238 200
238 201
238 204
238 208
238 213
238 214
238 219
238 223
238 225
238 228
238 231
238 234
238 239
238 241
238 244
238 246
238 254
238 255
239 4
239 8
239 10
239 11
239 13
239 16
239 17
239 18
239 19
239 23
239 29
239 31
239 34
239 35
239 36
239 38
239 42
239 44
239 46
239 48
239 49
239 50
239 51
239 52
239 55
239 56
239 57
239 58
239 63
239 66
239 69
239 70
239 73
239 75
239 78
239 80
239 81
239 83
239 87
239 88
239 90
239 92
239 94
239 95
239 97
239 101
239 103
239 104
239 108
239 110
239 112
239 113
239 119
239 122
239 125
239 126
239 128
239 129
239 131
239 133
239 136
239 137
239 138
239 139
239 141
239 142
239 143
239 144
239 146
239 152
239 153
239 156
239 160
239 161
239 162
239 165
239 166
239 167
239 168
239 169
239 170
239 172
239 173
239 175
239 177
239 178
239 181
239 182
239 186
239 188
239 189
239 193
239 194
239 200
239 201
239 204
239 208
239 213
239 214
239 219
239 223
239 225
239 228
239 231
239 234
239 238
239 241
239 244
239 246
239 254
239 255
241 4
241 8
241 10
241 11
241 13
241 16
241 17
241 18
241 19
241 23
241 29
241 31
241 34
241 35
241 36
241 38
241 42
241 44
241 46
241 48
241 49
241 50
241 51
241 52
241 55
241 56
241 57
241 58
241 63
241 66
241 69
241 70
241 73
241 75
241 78
241 80
241 81
241 83
241 87
241 88
241 90
241 92
241 94
241 95
241 97
241 101
241 103
241 104
241 108
241 110
241 112
241 113
241 119
241 122
241 125
241 126
241 128
241 129
241 131
241 133
241 136
241 137
241 138
241 139
241 141
241 142
241 143
241 144
241 146
241 152
241 153
241 156
241 160
241 161
241 162
241 165
241 166
241 167
241 168
241 169
241 170
241 172
241 173
241 175
241 177
241 178
241 181
241 182
241 186
241 188
241 189
241 193
241 194
241 200
241 201
241 204
241 208
241 213
241 214
241 219
241 223
241 225
241 228
241 231
241 234
241 238
241 239
241 244
241 246
241 254
241 255
242 116
244 4
244 8
244 10
244 11
244 13
244 16
244 17
244 18
244 19
244 23
244 29
244 31
244 34
244 35
244 36
244 38
244 42
244 44
244 46
244 48
244 49
244 50
244 51
244 52
244 55
244 56
244 57
244 58
244 63
244 66
244 69
244 70
244 73
244 75
244 78
244 80
244 81
244 83
244 87
244 88
244 90
244 92
244 94
244 95
244 97
244 101
244 103
244 104
244 108
244 110
244 112
244 113
244 119
244 122
244 125
244 126
244 128
244 129
244 131
244 133
244 136
244 137
244 138
244 139
244 141
244 142
244 143
244 144
244 146
244 152
244 153
244 156
244 160
244 161
244 162
244 165
244 166
244 167
244 168
244 169
244 170
244 172
244 173
244 175
244 177
244 178
244 181
244 182
244 186
244 188
244 189
244 193
244 194
244 200
244 201
244 204
244 208
244 213
244 214
244 219
244 223
244 225
244 228
244 231
244 234
244 238
244 239
244 241
244 246
244 254
244 255
245 85
245 96
245 174
245 180
245 250
246 4
246 8
246 10
246 11
246 13
246 16
246 17
246 18
246 19
246 23
246 29
246 31
246 34
246 35
246 36
246 38
246 42
246 44
246 46
246 48
246 49
246 50
246 51
246 52
246 55
246 56
246 57
246 58
246 63
246 66
246 69
246 70
246 73
246 75
246 78
246 80
246 81
246 83
246 87
246 88
246 90
246 92
246 94
246 95
246 97
246 101
246 103
246 104
246 108
246 110
246 112
246 113
246 119
246 122
246 125
246 126
246 128
246 129
246 131
246 133
246 136
246 137
246 138
246 139
246 141
246 142
246 143
246 144
246 146
246 152
246 153
246 156
246 160
246 161
246 162
246 165
246 166
246 167
246 168
246 169
246 170
246 172
246 173
246 175
246 177
246 178
246 181
246 182
246 186
246 188
246 189
246 193
246 194
246 200
246 201
246 204
246 208
246 213
246 214
246 219
246 223
246 225
246 228
246 231
246 234
246 238
246 239
246 241
246 244
246 254
246 255
247 183
249 93
250 85
250 96
250 174
250 180
250 245
254 4
254 8
254 10
254 11
254 13
254 16
254 17
254 18
254 19
254 23
254 29
254 31
254 34
254 35
254 36
254 38
254 42
254 44
254 46
254 48
254 49
254 50
254 51
254 52
254 55
254 56
254 57
254 58
254 63
254 66
254 69
254 70
254 73
254 75
254 78
254 80
254 81
254 83
254 87
254 88
254 90
254 92
254 94
254 95
254 97
254 101
254 103
254 104
254 108
254 110
254 112
254 113
254 119
254 122
254 125
254 126
254 128
254 129
254 131
254 133
254 136
254 137
254 138
254 139
254 141
254 142
254 143
254 144
254 146
254 152
254 153
254 156
254 160
254 161
254 162
254 165
254 166
254 167
254 168
254 169
254 170
254 172
254 173
254 175
254 177
254 178
254 181
254 182
254 186
254 188
254 189
254 193
254 194
254 200
254 201
254 204
254 208
254 213
254 214
254 219
254 223
254 225
254 228
254 231
254 234
254 238
254 239
254 241
254 244
254 246
254 255
255 4
255 8
255 10
255 11
255 13
255 16
255 17
255 18
255 19
255 23
255 29
255 31
255 34
255 35
255 36
255 38
255 42
255 44
255 46
255 48
255 49
255 50
255 51
255 52
255 55
255 56
255 57
255 58
255 63
255 66
255 69
255 70
255 73
255 75
255 78
255 80
255 81
255 83
255 87
255 88
255 90
255 92
255 94
255 95
255 97
255 101
255 103
255 104
255 108
255 110
255 112
255 113
255 119
255 122
255 125
255 126
255 128
255 129
255 131
255 133
255 136
255 137
255 138
255 139
255 141
255 142
255 143
255 144
255 146
255 152
255 153
255 156
255 160
255 161
255 162
255 165
255 166
255 167
255 168
255 169
255 170
255 172
255 173
255 175
255 177
255 178
255 181
255 182
255 186
255 188
255 189
255 193
255 194
255 200
255 201
255 204
255 208
255 213
255 214
255 219
255 223
255 225
255 228
255 231
255 234
255 238
255 239
255 241
255 244
255 246
255 254
