128 634
2 75
9 64
10 12
10 13
10 15
10 16
10 17
10 28
10 32
10 36
10 37
10 38
10 54
10 57
10 65
10 82
10 84
10 91
10 108
10 109
10 111
10 115
10 119
10 124
10 125
10 126
11 27
12 10
12 13
12 15
12 16
12 17
12 28
12 32
12 36
12 37
12 38
12 54
12 57
12 65
12 82
12 84
12 91
12 108
12 109
12 111
12 115
12 119
12 124
12 125
12 126
13 10
13 12
13 15
13 16
13 17
13 28
13 32
13 36
13 37
13 38
13 54
13 57
13 65
13 82
13 84
13 91
13 108
13 109
13 111
13 115
13 119
13 124
13 125
13 126
15 10
15 12
15 13
15 16
15 17
15 28
15 32
15 36
15 37
15 38
15 54
15 57
15 65
15 82
15 84
15 91
15 108
15 109
15 111
15 115
15 119
15 124
15 125
15 126
16 10
16 12
16 13
16 15
16 17
16 28
16 32
16 36
16 37
16 38
16 54
16 57
16 65
16 82
16 84
16 91
16 108
16 109
16 111
16 115
16 119
16 124
16 125
16 126
17 10
17 12
17 13
17 15
17 16
17 28
17 32
17 36
17 37
17 38
17 54
17 57
17 65
17 82
17 84
17 91
17 108
17 109
17 111
17 115
17 119
17 124
17 125
17 126
24 35
27 11
28 10
28 12
28 13
28 15
28 16
28 17
28 32
28 36
28 37
28 38
28 54
28 57
28 65
28 82
28 84
28 91
28 108
28 109
28 111
28 115
28 119
28 124
28 125
28 126
32 10
32 12
32 13
32 15
32 16
32 17
32 28
32 36
32 37
32 38
32 54
32 57
32 65
32 82
32 84
32 91
32 108
32 109
32 111
32 115
32 119
32 124
32 125
32 126
35 24
36 10
36 12
36 13
36 15
36 16
36 17
36 28
36 32
36 37
36 38
36 54
36 57
36 65
36 82
36 84
36 91
36 108
36 109
36 111
36 115
36 119
36 124
36 125
36 126
37 10
37 12
37 13
37 15
37 16
37 17
37 28
37 32
37 36
37 38
37 54
37 57
37 65
37 82
37 84
37 91
37 108
37 109
37 111
37 115
37 119
37 124
37 125
37 126
38 10
38 12
38 13
38 15
38 16
38 17
38 28
38 32
38 36
38 37
38 54
38 57
38 65
38 82
38 84
38 91
38 108
38 109
38 111
38 115
38 119
38 124
38 125
38 126
40 93
41 55
54 10
54 12
54 13
54 15
54 16
54 17
54 28
54 32
54 36
54 37
54 38
54 57
54 65
54 82
54 84
54 91
54 108
54 109
54 111
54 115
54 119
54 124
54 125
54 126
55 41
57 10
57 12
57 13
57 15
57 16
57 17
57 28
57 32
57 36
57 37
57 38
57 54
57 65
57 82
57 84
57 91
57 108
57 109
57 111
57 115
57 119
57 124
57 125
57 126
64 9
65 10
65 12
65 13
65 15
65 16
65 17
65 28
65 32
65 36
65 37
65 38
65 54
65 57
65 82
65 84
65 91
65 108
65 109
65 111
65 115
65 119
65 124
65 125
65 126
67 81
75 2
77 80
77 103
77 112
77 123
80 77
80 103
80 112
80 123
81 67
82 10
82 12
82 13
82 15
82 16
82 17
82 28
82 32
82 36
82 37
82 38
82 54
82 57
82 65
82 84
82 91
82 108
82 109
82 111
82 115
82 119
82 124
82 125
82 126
84 10
84 12
84 13
84 15
84 16
84 17
84 28
84 32
84 36
84 37
84 38
84 54
84 57
84 65
84 82
84 91
84 108
84 109
84 111
84 115
84 119
84 124
84 125
84 126
91 10
91 12
91 13
91 15
91 16
91 17
91 28
91 32
91 36
91 37
91 38
91 54
91 57
91 65
91 82
91 84
91 108
91 109
91 111
91 115
91 119
91 124
91 125
91 126
93 40
103 77
103 80
103 112
103 123
108 10
108 12
108 13
108 15
108 16
108 17
108 28
108 32
108 36
108 37
108 38
108 54
108 57
108 65
108 82
108 84
108 91
108 109
108 111
108 115
108 119
108 124
108 125
108 126
109 10
109 12
109 13
109 15
109 16
109 17
109 28
109 32
109 36
109 37
109 38
109 54
109 57
109 65
109 82
109 84
109 91
109 108
109 111
109 115
109 119
109 124
109 125
109 126
111 10
111 12
111 13
111 15
111 16
111 17
111 28
111 32
111 36
111 37
111 38
111 54
111 57
111 65
111 82
111 84
111 91
111 108
111 109
111 115
111 119
111 124
111 125
111 126
112 77
112 80
112 103
112 123
115 10
115 12
115 13
115 15
115 16
115 17
115 28
115 32
115 36
115 37
115 38
115 54
115 57
115 65
115 82
115 84
115 91
115 108
115 109
115 111
115 119
115 124
115 125
115 126
119 10
119 12
119 13
119 15
119 16
119 17
119 28
119 32
119 36
119 37
119 38
119 54
119 57
119 65
119 82
119 84
119 91
119 108
119 109
119 111
119 115
119 124
119 125
119 126
123 77
123 80
123 103
123 112
124 10
124 12
124 13
124 15
124 16
124 17
124 28
124 32
124 36
124 37
124 38
124 54
124 57
124 65
124 82
124 84
124 91
124 108
124 109
124 111
124 115
124 119
124 125
124 126
125 10
125 12
125 13
125 15
125 16
125 17
125 28
125 32
125 36
125 37
125 38
125 54
125 57
125 65
125 82
125 84
125 91
125 108
125 109
125 111
125 115
125 119
125 124
125 126
126 10
126 12
126 13
126 15
126 16
126 17
126 28
126 32
126 36
126 37
126 38
126 54
126 57
126 65
126 82
126 84
126 91
126 108
126 109
126 111
126 115
126 119
126 124
126 125
