49 98
40 0
25 19
10 25
14 23
47 19
3 12
29 14
12 32
30 10
38 17
9 41
2 46
5 2
32 25
27 46
24 35
13 43
22 26
26 20
31 1
45 29
9 40
36 38
17 31
25 44
20 32
7 9
5 27
41 5
0 8
26 12
8 28
43 7
37 48
1 11
48 6
15 28
46 23
24 45
12 16
23 20
7 16
45 11
6 24
40 5
35 2
22 3
11 22
23 30
38 39
39 24
44 15
15 4
28 21
11 13
6 41
33 36
43 18
31 44
47 0
34 45
28 37
46 36
2 14
35 29
19 15
30 17
34 1
20 10
37 18
44 42
3 7
13 3
41 35
48 39
10 31
33 21
16 40
8 33
19 8
18 9
39 34
18 6
42 13
36 30
32 47
16 47
1 42
4 43
14 26
27 33
17 34
0 27
4 37
42 4
29 22
21 38
21 48
