64 128
42 32
48 8
60 53
40 62
61 44
42 13
40 10
62 36
20 46
55 53
45 47
7 27
33 49
53 39
26 34
4 33
31 49
30 52
63 14
14 29
36 60
24 29
30 63
5 4
3 56
23 5
55 58
46 63
58 6
14 62
45 12
21 5
44 1
20 30
8 20
13 4
38 45
22 44
18 19
37 25
47 23
22 28
3 45
48 33
49 43
15 16
41 60
19 58
25 7
19 50
9 38
60 37
10 34
57 31
2 50
16 22
28 1
28 40
59 18
38 0
43 28
13 57
32 57
27 11
21 13
9 7
44 17
1 10
52 40
35 2
23 35
53 9
43 52
41 55
37 9
1 26
31 16
35 48
39 38
25 61
39 3
26 18
46 56
8 51
12 21
59 35
16 61
6 3
0 11
18 2
33 51
51 30
56 12
34 55
11 59
5 48
58 39
54 15
50 20
17 59
0 47
63 24
52 14
7 0
2 8
49 22
56 24
36 54
27 17
34 19
47 21
6 46
57 15
10 41
29 32
29 36
61 27
12 42
24 42
54 37
51 43
4 31
50 6
15 25
11 23
17 26
32 54
62 41
