4096 8192
235 3152
4026 3643
3581 726
3008 3547
2929 2400
2957 3441
3952 945
1778 382
3360 3701
1408 2775
970 134
2285 3387
556 38
3151 353
1726 3605
2930 968
3098 2292
3105 19
3665 1448
2820 1323
3194 614
3270 1266
928 1412
568 2549
1862 1798
1296 912
2944 3342
1934 876
1445 3132
645 4065
2951 3108
2942 2280
3391 831
4095 2423
9 3496
2594 1223
3069 1780
3088 1260
1801 2991
1562 2950
2900 2668
3656 3048
2811 1262
3129 2938
2795 3858
1229 1060
1144 846
91 2614
1836 718
3079 980
2055 717
2228 1220
219 2236
3859 2917
1109 335
2432 157
1980 1821
3618 1341
95 111
312 3317
3498 1945
631 3143
1253 2157
2052 2420
1045 1757
2561 1208
1545 1685
1545 2107
3404 3058
149 680
258 1502
2364 1128
3212 2454
3854 1503
3856 3619
1200 2705
340 1221
3285 2795
2333 4042
625 1550
3245 4061
2322 3346
2769 2407
3013 1841
3786 2639
2124 3855
3587 2676
1446 2434
840 1588
1130 243
3047 546
3886 2788
373 586
144 1496
734 2699
2601 1988
1809 1387
20 2874
1777 1176
344 3759
2824 1293
4088 1872
1520 816
2937 2435
4092 488
205 3676
1288 316
2089 53
3689 3539
1411 402
3527 73
3018 3946
100 3065
3814 4065
2023 2312
2633 3182
16 1522
1076 3305
1222 335
1972 1405
1006 370
2813 1449
1482 4005
3404 1295
1042 3809
3353 945
220 2088
1552 162
3789 85
3006 1124
1922 3971
3413 2980
2233 657
792 3940
1705 2893
3331 91
2325 2590
586 1603
811 3883
3799 3911
764 271
1487 1699
3103 2836
583 2205
3324 3905
2728 1541
2837 1954
1425 703
2112 3113
2781 2505
3412 1830
1689 3346
2240 1392
3569 1557
2763 663
2639 527
51 2739
3152 3060
1773 2092
1538 3743
626 1964
2874 1014
2690 254
2355 2816
3354 1026
2536 264
2087 632
3315 3947
2485 2752
3437 1749
3489 3147
4072 3561
418 753
2002 277
3595 2284
2212 685
298 1106
1155 1458
3059 126
975 1203
2524 2625
3407 3109
2745 2965
1451 1308
977 2286
1845 269
78 354
1393 1068
1884 3768
1133 2432
3726 2989
3056 3070
2822 1155
1578 590
1544 3791
3162 3575
1607 2464
2208 3028
842 2149
533 1903
798 530
474 2795
828 1340
3046 3352
948 2547
2674 1927
4016 2279
474 929
961 666
1138 2849
384 2920
1901 3719
2204 2820
3730 3778
1790 766
452 2079
2888 3519
763 3754
941 3008
1248 2299
4053 186
2503 4037
4013 2297
63 3560
3033 1911
669 4077
138 2798
887 1599
1397 3825
3773 602
3525 3768
1354 1087
2765 3593
143 1255
3437 3429
597 3477
361 1031
2691 3807
1594 3529
4067 1111
886 304
3480 464
1112 3577
3620 465
4036 963
357 3854
2922 1214
2132 311
3359 290
2930 2097
2306 208
2780 423
2188 1905
1373 3293
3702 2857
1821 466
1833 909
2106 3016
2491 2412
3623 2563
202 3322
1973 2502
3351 1234
1493 2388
465 3820
2696 2046
3384 2771
3653 2826
3634 755
2156 3833
4064 418
573 1995
4030 2807
176 3421
3081 315
1697 2253
1256 3185
3211 3197
180 3340
3833 2721
2096 2136
3865 2875
2985 273
2451 1922
3367 2946
1217 3915
1024 2871
4012 1105
3604 3430
2250 2517
1749 3635
3451 1349
245 3217
3390 1432
1180 2811
1048 3758
1619 2781
3893 1408
957 3095
416 1384
1546 1282
6 487
3796 3801
2686 1936
885 818
1757 2404
219 2545
2053 857
4078 910
1085 3159
827 455
978 1574
3679 2800
2865 1704
2887 306
782 2222
4025 1290
2747 3813
2238 2966
1613 273
277 3102
2883 920
1791 2573
1261 3924
687 3516
2770 1570
3380 3628
2301 1375
2828 1190
3379 3029
887 1394
170 1015
182 3205
15 1298
1831 2124
1270 3545
94 1024
3524 3172
445 117
473 1683
1751 3612
1687 2827
1073 2277
1909 1815
602 1050
1775 896
3301 3415
959 2662
3244 1963
800 3571
640 3880
882 1986
1295 550
1366 3413
453 3982
762 2969
389 2523
3428 3036
581 1647
2290 811
3518 1627
3528 2905
177 2778
2972 2291
3839 3333
3791 2173
3798 1816
192 472
3061 921
216 3185
1674 833
2025 2308
3878 2601
2093 3250
1442 3714
2426 3944
40 351
2169 3889
2193 3808
1189 2432
3086 1987
834 1290
2985 1287
2300 2494
1691 3030
3174 3099
3288 1823
2605 2918
2521 2946
2630 751
1871 1393
3598 2229
2638 2516
1196 894
882 2864
1331 2278
1227 1265
2302 3781
3031 100
3809 2588
3033 702
3436 2801
3582 4067
2074 3156
1435 583
2769 2191
3944 621
3341 223
976 1351
1554 1247
49 2025
1685 2001
1681 2846
3441 3290
1765 2582
504 2105
2165 4055
3512 924
2683 3829
2069 2287
2290 1236
1282 3138
3216 2526
242 2945
712 168
2318 452
2086 1653
183 2005
131 1304
163 4071
1363 1034
50 735
2126 283
1395 660
1748 2090
3651 2076
4056 3851
843 3489
3572 2963
3014 3379
944 1035
2278 15
4035 1335
3573 2792
3424 225
1875 319
3179 2178
1714 1306
173 2998
1091 1270
729 3504
2095 2058
1434 7
549 1812
3517 861
151 1087
3206 1591
3073 3559
3639 4026
892 877
2182 1582
1245 4047
3858 318
2164 956
3564 2561
1937 3857
922 714
1430 2501
1789 3258
838 1667
927 280
3579 2492
2396 418
233 3537
2056 3427
2464 1749
194 3094
825 2406
4025 1819
1311 2886
3332 926
3597 3867
1739 3963
546 4049
82 2
395 1320
960 588
3464 1277
372 712
46 3588
1065 1781
1722 287
3300 379
406 2860
2278 3547
3821 3708
138 3166
2260 2766
888 2435
3092 2919
3679 2885
1099 69
3886 2151
2590 3952
3430 2138
4077 515
3840 227
2649 417
2725 2022
2920 2474
1060 3286
3077 3106
215 3337
785 3930
3584 3405
1509 3897
2001 1887
1988 2563
247 2268
101 3372
2750 2911
3358 131
211 284
97 3044
227 1915
259 2866
3336 3389
1467 2863
2757 3212
3099 4012
2962 2657
2221 1215
2581 411
1844 1209
1991 1063
3660 3022
3146 1252
1439 1357
2861 3052
2810 2533
2676 1088
881 2024
3675 2206
576 127
4068 1026
747 408
486 3917
2519 224
3422 1460
123 1061
407 554
3308 678
2057 231
347 3805
3089 327
1669 1146
2527 2642
6 1386
3017 2988
2378 506
1744 2756
805 3121
2458 1248
3828 21
3421 2852
3816 561
3850 3970
2291 562
2840 3360
3901 3177
656 4078
2206 772
2724 3122
394 774
1733 262
1328 1513
1810 295
2330 540
985 3251
4012 3899
1500 1407
965 1285
432 3713
2220 972
2773 814
3389 1016
267 2347
910 2000
3652 1314
83 3874
1690 3089
3885 3332
3698 401
0 1223
554 1977
540 2588
4061 3847
3275 1027
482 1903
3220 2000
3450 2652
3510 2173
2547 3209
4021 908
2255 3235
3871 104
2555 3621
1727 1141
2524 2400
3374 1274
3683 2067
717 1238
90 1373
3910 1062
2222 474
3757 344
332 2340
3670 1918
1334 2729
569 1
2935 1469
1002 2498
2127 2414
1817 3348
3453 934
3440 3785
3593 3108
1285 2478
1477 360
3446 190
35 3154
1260 1557
1780 71
702 302
296 2302
3399 2175
33 1332
2394 2721
3674 1597
54 600
724 4031
638 501
2570 1469
1261 193
1020 139
1290 176
3186 511
3572 3527
2987 3019
4031 226
2655 693
2371 829
1483 868
1942 1696
1637 2424
3917 2632
503 435
412 1400
2799 3086
1536 2982
3631 1597
2520 1941
1097 2116
3728 2049
1268 783
953 988
1409 1185
1358 2672
1276 2722
1956 3290
3697 2040
1238 2048
3012 3794
591 395
3121 3917
147 348
2275 2207
461 3778
3196 1123
161 3890
823 2689
3725 2548
827 255
4042 2396
2593 1041
2867 1033
3301 601
3031 3909
266 3287
3820 3055
2616 1114
902 75
3481 2585
1310 2928
574 2127
2226 471
2168 1798
3766 3001
2375 1360
2891 1605
2478 528
3879 2182
2095 131
2071 1518
990 274
2254 1718
1485 50
818 3827
426 3825
800 1236
1570 1054
2291 4063
555 3857
651 3082
1999 2419
2443 1195
3646 778
340 1600
3583 3753
1237 1464
2256 638
3561 1844
2751 2581
617 278
211 509
3571 3214
1271 932
2499 2180
1732 3638
3450 3032
3243 3816
2251 4006
904 300
4018 3852
386 459
3041 1662
43 1900
2066 216
2334 2955
2786 2688
1088 1381
3415 1791
4087 1924
1044 4
3045 4048
1958 3993
1931 3079
1219 3026
2506 3817
3386 3410
2715 1968
1802 3503
1930 503
1071 1439
1424 2953
218 2038
942 758
165 275
3236 3320
1599 3903
3418 738
774 3799
3435 2557
844 2050
3620 1367
3830 3433
4019 3394
729 2531
1233 1938
26 3628
162 2417
1070 3546
275 3788
645 1966
2359 2481
2127 634
1587 2669
612 225
603 2282
1474 859
2821 1659
1542 359
2347 3012
2975 2972
2489 2907
2542 2713
2200 2678
1575 1812
3727 2373
2597 3443
3010 3139
73 678
2523 2251
3293 191
1331 3008
3520 845
926 1051
812 881
3470 2215
2513 2961
2123 341
1929 3594
3391 3484
3422 304
3607 2192
2493 2100
126 3394
3742 1122
1886 1676
3379 3198
2136 3520
1357 2572
537 2655
1684 3270
3193 3114
3939 2310
2939 1701
3061 324
1905 321
3426 3911
334 512
3015 3323
695 3591
362 1404
3227 3138
3287 1623
1589 1685
2926 476
1568 3297
2327 3373
1851 249
243 2454
395 2124
220 4085
2799 1975
3873 1081
3969 2282
1419 2556
2301 832
92 2193
1315 3688
1107 2292
2515 3143
894 885
1572 2871
1278 910
1867 2536
1210 1567
2686 365
1387 3339
4094 2970
385 2176
545 1971
2644 1370
3005 1609
198 809
2087 2108
2558 2925
1803 3689
2702 1462
1180 4064
3066 2967
3971 86
3445 1659
2940 1595
1396 64
225 1424
3113 3237
151 2868
774 3426
2502 1056
4054 1767
410 1151
755 1543
380 2774
2000 864
906 3551
3549 237
152 3377
1646 3678
2081 2216
3570 2775
3111 2404
2614 459
2198 1160
1828 3460
2011 470
1001 1309
2722 3863
1934 3846
822 1440
49 720
611 1086
1694 894
1329 2751
3416 2514
333 2082
3763 2363
871 3631
2122 2433
735 2354
2842 1120
2864 2831
2999 3440
1601 2
2226 801
2335 3895
2863 3521
3448 1273
525 1005
2459 1264
316 3560
1391 223
1047 1391
3535 3837
655 3252
2707 257
3609 2086
2091 583
892 605
588 1074
2539 856
1041 3467
2898 1298
2212 1327
1515 3285
24 4029
2767 2338
1189 463
847 3117
2343 1845
1741 1055
2071 35
1480 2569
2566 1585
1107 2782
3557 2621
1159 63
4000 2663
522 2845
2211 3674
1743 2558
2551 3084
1400 347
1957 3116
117 86
1584 3059
934 2238
1548 3378
3593 1089
2523 2265
2870 1808
3372 198
2131 3677
3142 3724
30 502
1663 4004
4041 544
2372 4007
2045 3366
3600 3913
2950 898
1011 3740
1657 2822
3364 1682
2471 3881
624 2865
2105 1006
2644 1253
2990 4027
369 2953
3980 2511
2714 1405
864 998
236 415
1625 2701
3734 3912
550 1784
1235 3670
1353 844
3406 2127
3991 330
1094 956
3842 3688
2535 2437
2636 3634
2462 1844
2056 2223
1412 572
2129 1947
1880 3280
252 715
1581 3916
307 2084
3150 4056
3507 2323
2881 2309
1052 2121
1063 1108
3381 1869
2038 949
2974 3517
2435 3927
472 3885
833 664
1147 2015
2284 2392
423 432
2161 2724
2856 2978
3849 1349
3282 1184
935 3532
1070 1794
2490 3876
1804 802
264 336
2577 3570
891 682
3320 3345
3402 2056
3551 3299
470 911
2422 269
3668 1890
2695 3234
3115 3524
1464 1953
2383 2696
3397 441
1638 868
2452 2564
139 3256
2116 3913
3766 1207
3214 2153
515 1657
1019 1822
2181 1884
2276 3507
2718 600
60 4023
1573 1859
3636 1654
2078 377
203 1620
3753 3578
3985 2187
1997 990
2603 3893
851 3695
3003 1386
2983 2619
1222 3864
380 52
1998 1418
228 2482
1269 3766
861 127
4010 3343
2805 2373
260 3576
674 285
652 57
3190 1984
3199 954
2085 423
1585 2032
563 498
3776 3755
3154 1662
3457 3276
160 949
2227 1796
1871 3984
1119 2202
1809 23
1818 1653
559 1783
1671 563
763 3957
3627 227
732 1827
2086 351
4045 1706
3533 2519
256 1882
1220 3057
971 2123
1970 1644
1516 2262
1407 743
1023 1098
2872 3732
1139 1319
2293 3654
3935 1846
2646 1474
1027 3719
105 457
606 2730
314 3686
2684 2672
2403 2009
3124 2298
1736 1788
1394 3903
491 2900
1092 3683
2541 725
2615 3991
96 1750
419 141
2231 1595
1386 729
2405 2587
1449 2747
2288 244
2051 334
275 2959
2283 2317
790 1900
1135 3711
3340 1281
2897 3296
919 1183
2534 880
3506 2133
2473 3699
708 4044
3372 2147
4023 1765
2652 343
1184 2841
1039 2482
471 3757
2179 877
1418 1292
992 2558
3410 2317
1916 2089
1349 1091
576 3881
1672 3157
2152 1198
3617 1157
1126 4028
1058 2172
3736 3399
2111 3754
1540 3229
1564 1650
1823 237
2100 1942
1022 2497
3803 2918
1602 869
1339 1838
2192 455
1330 2600
1093 3908
1764 2043
3896 2159
849 3404
1518 3041
1301 1371
147 1020
2657 1804
3939 905
826 229
302 1805
2693 1577
3908 1772
1292 3281
591 1831
3118 834
478 3020
2049 1538
760 3592
2931 1382
1969 3392
3310 3769
284 1763
2369 1877
2234 784
4014 1361
3614 1809
1599 553
3864 1136
502 285
1106 1947
1514 1678
1132 516
2436 687
4021 988
947 1116
3503 3942
1245 1852
3495 3295
494 3697
1608 438
2160 465
3260 2941
1339 3129
2525 177
2350 2924
2738 408
701 2587
3595 3298
493 3766
2552 3114
1602 2730
3054 2394
1049 2178
13 1720
1355 517
2520 2990
1921 1736
3680 2666
903 1186
2389 2142
808 1743
3979 4055
3083 1420
3443 1999
660 2596
3704 3615
1409 2313
1087 3720
1756 79
3933 735
3708 3850
2706 3737
1687 317
608 3599
2155 1064
1299 1227
1428 1966
3940 916
63 1307
870 2733
2048 175
1458 2379
3625 3487
3164 1505
903 1205
2006 1926
3359 3883
1785 3135
178 1233
2073 3490
2730 2403
1735 357
3415 2470
538 2216
10 2247
2075 3714
3626 1483
3327 3403
3748 2534
2363 3522
3427 1144
542 2271
1154 3610
1596 2682
62 487
932 896
3472 2532
584 2862
1347 2896
2151 1159
2781 2035
2393 691
2241 1788
2414 950
2496 1921
3214 2224
1234 3839
1884 2960
615 3731
1022 3976
2726 3164
1763 3402
416 2025
2795 45
1990 2440
1114 3328
2438 734
409 3307
1157 2261
3760 2331
786 4009
3519 567
2697 602
3896 30
2196 3226
1652 3467
2838 4081
603 617
1240 1494
2345 2017
980 140
1639 2884
3115 518
3516 1587
2384 66
2422 1507
1109 3086
813 2909
13 2259
3686 1022
1301 1261
1450 1554
2768 3703
1353 251
1368 1690
325 914
789 2678
3207 1462
45 318
2274 853
3505 474
4046 2063
499 2989
1706 3249
1644 3770
3934 3562
3694 3228
811 2378
3955 420
1114 2068
609 3094
1152 2044
1348 488
1130 3469
4033 442
1211 4008
1129 2609
142 3171
3700 2401
3464 1970
257 53
1979 3128
4029 1694
3989 3038
3289 250
962 1828
1696 1504
1089 42
1796 676
323 3429
1221 1173
2352 1136
1744 1113
3839 922
2035 1839
3954 158
3713 3615
3178 2844
3725 1580
3265 2597
2748 2699
2859 2713
584 259
1537 185
2171 2208
2652 3213
2003 1996
23 1296
2933 330
3020 549
1983 605
629 1946
2344 3357
2888 3499
305 2833
1610 3349
2978 1455
1472 1983
3847 3100
1859 46
1918 2254
2798 4040
1587 2102
1343 1366
2518 1489
2746 2927
3444 1795
1555 239
908 2319
1274 2739
364 1205
3795 2136
272 2189
2420 3942
2247 2949
2711 3445
2134 3197
4068 620
1784 1233
1013 1172
2511 2425
347 876
1730 2475
3418 793
1646 1559
3652 3031
3920 884
1466 3910
1686 854
193 3706
2270 2910
3307 1077
2253 2895
964 1835
3711 4013
749 974
3172 12
462 3406
187 872
1149 970
1527 2334
3762 3926
2266 2446
431 769
3984 1068
3601 2817
2170 711
1332 3456
1508 2131
2494 3580
2209 667
3642 142
2180 837
2680 1948
3072 1005
1173 2369
1789 3649
1655 3257
2262 338
2989 1990
3965 1679
799 1908
3638 288
3240 3681
1042 540
853 1729
2055 541
2256 313
802 3807
621 3515
865 1802
111 3254
1674 4050
2927 2998
2862 978
2442 2499
2402 3495
1720 3361
4057 1378
3523 911
1791 1082
2544 2756
1461 2894
293 1081
1111 3947
4008 2283
551 3136
2663 1235
375 2327
2705 3313
2366 3352
338 6
2826 4010
976 2450
2489 1170
987 3607
4069 1820
243 3761
1262 753
1140 3762
2101 3943
248 3841
1003 629
1490 863
2731 1248
1557 3157
1852 3434
457 3860
2941 3841
1652 2284
3465 452
171 1665
470 1581
115 2384
3237 2523
2942 2771
2040 565
3097 1517
3493 2143
2700 3369
321 548
194 1406
4046 3271
1438 15
3173 785
1898 1728
3419 1320
2328 552
806 2285
724 2036
2947 691
2936 2838
1631 4028
2845 1572
3042 299
3311 2201
1037 3359
3463 3981
949 923
2327 1279
2505 3513
3870 2742
2831 495
2084 2662
1012 1877
2771 665
56 3839
3262 587
3134 522
705 993
694 90
150 560
469 3750
2092 1526
786 2909
2532 2154
2090 2448
3142 2899
213 2347
350 3061
401 2629
3817 3127
3538 1759
2321 2427
3238 3790
1212 2333
848 2243
884 625
1954 3973
3651 3502
1668 2324
1193 3184
1534 543
3527 197
619 1993
3195 272
715 1540
1951 3951
3215 3624
1061 2943
30 1785
1035 1569
512 234
3052 41
3288 3549
2959 3604
3349 748
653 606
1168 2935
1926 715
981 3050
3343 1257
1971 2128
1333 1640
2131 726
532 1334
837 2619
1861 3413
2368 4046
2596 895
731 3486
2835 3366
2216 3216
3788 2977
2061 3351
2394 601
2475 1004
3151 2515
495 3677
421 3380
3670 2166
1858 3412
648 3195
2477 1565
2232 1960
869 1243
3543 1956
1827 947
1704 348
579 3096
3334 3553
110 2174
2388 2560
99 1453
1182 1451
3458 3281
1739 2416
201 3843
2565 2706
2150 578
1138 3097
1079 2592
2654 467
1851 749
777 3605
1534 1732
2024 3632
205 483
2105 2199
479 1148
1160 1950
2309 3291
3782 2114
3547 3494
2255 2526
819 3998
518 4070
1941 4027
1197 3123
41 1269
2744 3756
2752 3601
450 1895
445 3971
1660 3237
3506 3882
3639 3859
2670 3533
2333 1180
3832 1777
1523 3767
1981 4018
1662 3408
3266 1235
274 44
1711 3730
1711 461
1658 2817
3726 1038
517 105
3779 1797
3479 2493
236 2806
779 784
1560 1118
1876 1532
1689 2441
135 539
1455 781
2896 3225
3411 1030
709 1155
2768 2398
418 2888
1556 3933
2791 399
2649 1113
3313 1448
293 1562
1863 4073
3039 3493
1631 422
560 2555
942 1148
313 3728
3653 701
845 826
287 1179
1492 3508
1753 3738
189 197
635 3133
4029 241
2383 3230
2645 339
314 3230
1560 2355
405 2511
4049 3256
677 3798
810 2924
428 1356
507 3435
3972 2660
1129 1436
1783 1275
3615 1748
3060 2599
2533 37
915 2971
516 1512
3207 983
476 143
2516 327
2254 414
1641 233
3755 1700
402 1430
639 2659
313 501
357 36
476 43
1799 4070
4002 1545
2034 3962
3941 1918
3624 1942
3666 3848
4055 297
1255 1769
2625 3151
1436 1992
4061 2310
1737 673
319 3363
900 485
2467 3855
519 371
1253 792
3482 936
1585 3535
230 3611
3426 615
1334 3485
969 1723
642 1331
1354 797
2808 3558
2802 3416
1170 2072
3247 1995
2250 1740
112 1717
2666 1239
2221 2932
512 1452
2556 3409
1113 623
286 3140
2058 1304
1378 3338
3350 1856
3931 3618
1966 106
807 1962
96 907
3863 3051
3656 1774
2908 121
700 695
2812 1535
746 2579
304 2987
1882 3945
2030 211
839 1215
3021 3637
2713 1536
131 1409
1335 1506
1491 363
2011 1307
587 2413
3343 2836
1250 3842
3053 1069
1457 1782
2104 1634
2021 806
3824 2801
9 854
1116 1588
1632 2356
975 2812
163 307
2694 4042
1988 1920
3601 469
159 168
2026 1859
3522 1042
1990 1964
3333 4093
2000 3696
116 3873
2876 836
396 3804
1078 3037
497 1592
4087 2367
2602 3103
3279 2603
2357 3705
2157 3940
2844 2434
1164 2527
2133 2617
1805 2088
3213 1379
3720 2191
1644 1867
433 3962
2561 2667
4038 3722
1319 3480
119 2369
2433 1123
3265 3204
3166 3726
666 2231
853 2753
3130 692
2648 719
2903 674
3916 1488
1948 3803
345 900
1953 1453
993 1709
635 447
868 1884
1 693
2656 820
2390 2963
2568 1958
3144 1253
1770 2908
250 145
646 3861
4088 1670
3712 3979
2680 25
706 2094
679 2249
1196 394
2910 203
1675 535
1623 356
2406 1289
3390 1803
1096 2551
1975 3080
2272 1048
1968 462
1517 3584
719 2266
330 532
3356 89
3657 1187
2247 732
3885 3789
1577 3083
610 3475
2818 1305
25 3991
3852 1775
3640 2653
2480 4016
1848 1792
2848 356
911 2395
1653 2066
1614 1322
1731 2053
1044 4026
2336 1470
3478 824
3093 4003
3157 2772
1781 2258
270 569
1820 165
209 2033
2786 1789
2500 478
1642 1103
1023 311
132 2322
3568 3597
127 1646
1933 1897
2305 3636
2425 1523
115 2954
1041 2498
3320 3039
668 1671
1074 3324
2928 728
1853 20
2166 2236
1703 263
3634 1663
3808 1157
2140 2365
1590 733
1077 928
1892 3614
1252 189
776 1787
1124 4001
389 199
1519 3151
1581 81
1495 3162
3342 58
324 595
899 3064
1924 60
1504 3323
482 3067
2635 1444
3889 3938
3127 2063
971 1161
3325 2467
1307 1581
3644 68
2889 3315
3909 3853
2920 4087
929 719
1987 2671
393 1277
203 1993
3402 1288
1972 2972
1516 2423
3975 2934
2743 2833
3278 128
3848 582
3034 142
1025 3691
1712 368
3224 1139
1650 3587
3521 2091
1746 52
113 360
76 2195
408 3675
534 1655
2741 2835
3931 3399
1077 3868
2865 147
799 260
2709 576
3983 1886
2595 2746
1069 1199
3087 3060
1047 3341
2244 1991
2469 3949
1472 3525
48 215
1773 3784
711 634
743 2599
3119 2126
1150 2937
2594 2502
3189 1917
726 3543
654 180
909 574
122 957
3741 4086
1994 3272
1656 3783
2450 705
2945 3089
2938 1400
3382 1318
4072 2462
2617 3326
3536 3136
1104 1550
3226 2484
796 448
3252 3734
1615 827
1779 1531
2161 1761
1315 2372
2820 592
856 3509
3466 2200
2349 2877
1507 235
2474 610
108 1547
2398 2255
3331 283
923 2976
2610 1088
2873 242
1302 1650
2328 209
1202 1821
1232 4050
1838 3446
3373 2847
561 962
685 4030
646 571
2765 771
3431 247
3383 2957
1642 750
2130 1707
559 3671
258 1447
2969 3370
1554 1149
3942 195
299 786
120 1608
4085 2164
1092 579
3522 720
3728 3068
2991 3052
2214 2211
3611 1610
47 1095
1318 1351
4035 586
1382 549
3170 919
2513 4002
3747 3305
2944 1187
3414 2555
3980 1558
34 525
3695 3274
3113 445
3715 11
402 1478
2885 326
148 3728
1787 1358
1136 2547
1164 1912
3923 1465
3310 1523
2010 1656
168 2799
2590 3353
3474 3077
2604 1260
1950 554
2811 1621
1246 1411
1728 909
1661 3633
3740 1312
3738 3249
3845 2006
1171 3040
1962 521
587 3168
554 1018
727 3326
2241 392
3277 1722
3584 1906
3156 3801
2868 2769
2286 3923
190 1934
1570 1756
3983 3287
1057 1534
3367 2703
1715 814
1750 2651
3904 339
1190 3777
3057 2055
1921 2241
1562 3471
2931 2838
582 184
2294 1823
2642 456
3663 2426
1187 2383
1362 3763
3050 3316
3662 2789
1 752
1505 3098
2901 59
263 1475
2264 1806
2997 3210
1158 1046
3685 140
2688 1566
1747 3229
2804 3233
3697 268
876 1725
1985 1479
1829 11
1995 594
916 606
1230 747
1615 859
3327 314
2814 3675
1713 41
3162 883
383 3465
3676 4013
4054 1549
2147 3620
3090 1861
1622 779
2063 3055
1932 2819
3811 3875
468 3563
4019 2955
1733 1397
2349 3267
1883 3609
2013 767
1274 2187
224 2182
2968 2101
2270 1986
400 1585
3834 2794
540 2017
3519 2832
2816 115
835 2895
3160 2078
1444 292
1977 618
329 3027
824 3800
695 967
1543 3492
2047 3432
257 165
3220 3242
3225 1195
2407 1675
1456 1433
2756 623
1525 2487
543 734
185 3152
2387 3828
1021 1055
2342 1311
3514 2475
2521 3854
1218 941
3476 3153
2882 2947
556 2322
3255 3405
716 882
877 994
1780 2140
1832 1973
1291 2116
370 366
4059 1539
3919 1438
514 2638
1001 2765
3871 3304
3286 906
2779 3956
3990 2341
1463 3400
2399 1928
3198 3687
354 1820
2685 537
3130 2796
3057 3578
2010 2169
3208 3426
2715 3117
3388 2768
114 935
1928 3013
3202 1201
2280 3423
3045 466
2303 1070
1559 2510
568 2090
3926 133
216 2961
656 1278
184 700
1943 3821
2779 2185
1072 493
2237 3027
85 2205
2805 2256
3285 3906
3386 845
2887 1135
2449 3442
3614 613
1592 2688
3709 3564
2412 1724
3127 3820
2579 1474
686 2962
1521 2073
3254 3693
916 1602
3210 2414
836 1636
3305 633
1493 1032
930 1062
331 630
1769 3371
3607 827
1201 1250
1665 581
471 3078
604 1319
3053 683
2049 647
1591 1142
1243 3548
3602 179
613 23
118 2351
962 1497
1191 2372
2858 1169
283 1212
3879 2103
272 2752
1264 1573
3835 1760
3793 2736
875 4078
4080 1758
295 350
3917 2444
3900 1940
3933 3735
1369 847
534 2556
1048 1330
2519 505
3475 609
2215 2010
3847 1429
344 2538
2775 136
1741 83
1548 3468
1123 3304
1151 1600
1626 2550
3815 533
2386 1070
270 3842
1285 116
1583 2559
2482 3902
22 1613
3374 3985
2259 2887
3830 2912
2851 874
1384 1795
3761 3321
772 1487
4015 3558
1609 3653
2588 2386
3232 1769
2479 1427
3300 325
1158 132
2529 1832
2181 3436
301 3667
1716 2348
2441 361
183 504
2899 2981
3373 450
1679 434
946 447
2014 1442
1312 18
1755 2569
1385 2732
1914 3
631 380
146 2684
300 1890
3423 518
523 542
2066 1256
3082 3243
2242 1197
662 2714
3911 3627
2886 1267
248 1450
104 1076
3758 704
497 2315
1799 3758
492 2418
891 3935
1166 3660
2723 3130
3038 1299
713 2228
454 118
351 2066
1115 2389
3171 3729
3633 61
3612 1904
3108 2527
2973 138
2483 1840
1678 333
734 3390
1268 3979
1544 3510
2276 2211
2672 2944
1885 258
4093 3793
3106 764
2733 2907
3836 3673
2972 2294
2850 3921
553 284
3037 1029
2490 2341
1366 3241
3023 2635
345 4084
1237 2920
2951 1164
2059 2572
1179 3951
156 3818
3048 3824
3371 2141
1614 3741
2324 2591
2622 2815
3801 1027
1586 58
3573 2217
1606 3168
2589 2537
1859 1839
909 2170
3502 3648
254 295
3544 1107
3440 3453
1358 260
3661 655
926 1403
622 1152
2314 2939
2631 3863
371 406
3383 3543
643 1315
3469 3761
1325 1657
2701 746
1319 166
3671 3936
2230 2890
3717 313
373 407
2194 217
590 2731
2798 1721
2953 867
166 464
3899 72
253 2193
332 1119
2870 2252
32 626
3355 2529
3007 2503
1993 1754
738 2409
349 3950
906 872
3987 3805
3397 1121
3924 3273
438 987
623 1239
1917 575
737 724
1286 3215
1427 2765
2016 551
1294 2439
725 451
2640 3589
2036 226
1181 2611
3334 3125
121 232
1372 2628
1924 3475
2267 960
4067 2583
1176 2557
3409 3949
110 2540
249 2095
607 880
2866 548
2536 2849
1478 2501
2107 310
3806 1697
3037 809
2551 2595
1766 3180
3965 1193
862 3277
2240 214
2141 410
1016 267
2762 3178
3764 3259
18 1810
982 1443
1719 731
391 536
3560 3698
417 2923
1314 100
524 172
480 3498
2725 265
1881 3173
3004 1375
1469 810
2362 2586
3319 3009
3780 1620
3589 2259
3649 1153
1152 2863
3617 1396
696 3796
1740 2274
1038 1990
1748 1564
2343 2422
91 386
796 2099
1163 1362
207 74
3937 3125
1830 492
1131 1548
3176 3928
17 849
98 2057
738 887
3665 1974
3290 1952
379 1283
3485 393
1762 1348
2119 1031
632 4053
1865 2864
300 1003
2732 1090
3408 1596
1496 2728
614 433
1081 3471
2028 632
451 4085
3114 2522
1161 2633
2677 3480
3030 2892
1017 1341
1982 367
915 516
2793 3795
2243 822
113 3264
2949 3579
717 1044
2800 113
1960 1065
1793 1637
854 3642
3777 2260
1062 2717
2448 3126
3140 1622
1030 25
3490 3227
4040 2727
3575 3217
197 3381
2470 3115
933 2723
2980 1196
3537 2770
2397 525
3377 1952
2778 3107
1727 808
3622 2275
3682 791
2339 1836
1443 340
2257 534
2295 1481
2080 3590
3790 780
3898 3763
3042 89
1518 3918
1873 3969
48 2827
2402 2789
792 3877
3051 2728
1357 432
1846 481
404 170
68 2200
2338 175
1949 733
1305 1228
390 2240
2900 3005
2342 2271
3022 551
817 2829
3205 305
2488 3088
886 281
1721 2974
1618 3314
1383 74
2971 2328
2990 795
3152 743
1819 933
3483 3682
65 1738
3996 3193
1422 1092
3323 2916
1531 1054
1146 1965
1403 1698
1043 2212
1857 2936
1348 118
2917 2034
1280 3207
1165 3384
3297 3397
4004 1080
710 861
1862 3391
2216 2281
1468 2329
1876 2840
3481 1019
1458 3554
1718 3937
3943 2930
164 992
2612 1969
3307 1842
2758 2283
1808 3331
3068 666
860 2808
875 2530
1252 1085
3958 1477
3185 2968
3319 635
338 62
1645 2330
1076 1494
3 745
2015 3020
2971 3189
2924 2766
2269 1485
226 3581
698 1316
105 741
3650 2847
988 2319
405 984
1903 3994
252 2486
553 3826
2023 248
3304 1076
2206 866
3375 2781
2277 2975
2410 2221
1055 3874
318 974
2469 3888
3295 1404
650 1175
2952 1968
229 3800
2480 1326
352 1410
2621 2903
523 2342
3959 2098
2929 3568
3134 2641
3852 4012
1079 1742
210 3952
601 240
2683 1708
505 4035
2470 2573
1464 2474
2167 3737
1812 917
966 1490
2848 2620
1067 3512
2148 4080
1897 3699
2367 1132
3733 2668
787 3685
3944 2958
758 1416
101 2029
411 1303
3047 1020
1426 1330
2282 1321
3887 1818
2681 2232
1973 2938
2543 1598
3375 1573
3578 3872
768 1879
3333 651
408 2009
361 3330
3659 298
2631 3645
3588 3779
755 4004
12 4032
696 2023
1178 2380
1470 2856
801 3757
3937 3955
1612 1265
1520 3689
2032 3355
638 1374
2608 2082
2340 3170
838 2019
172 384
1026 1786
1104 2643
2458 997
1226 385
2199 2447
466 2158
3268 3267
3901 1604
3928 1544
1359 3567
2189 3601
1441 2715
3169 2518
1899 79
831 3585
2153 1385
3420 2045
1273 458
1459 1268
620 3745
1948 3806
1824 1498
3984 2745
3122 34
3388 2477
511 1051
2332 1907
1377 2980
3133 245
943 3725
4079 1284
1241 3398
2228 3583
2187 3967
1772 1757
3952 2575
2953 2882
1823 3989
2934 3188
1277 3771
2354 3303
430 2585
1813 218
1210 713
3011 1479
790 1759
3774 3704
2912 77
3313 2761
3366 208
1302 1853
3905 2536
2016 627
804 2478
3785 3966
460 1234
443 1060
303 2880
2747 2295
3321 1156
3716 1870
2190 1430
308 2899
2763 1387
2457 1893
3721 3465
1574 2702
2945 1105
3696 998
2457 3155
852 2003
413 931
912 3393
2428 346
1784 1310
3780 137
440 3043
641 3527
281 1188
1392 643
1580 3422
1426 807
778 616
1535 3901
3496 325
1832 3129
447 245
2984 2861
1010 2005
399 3024
3745 429
1931 843
4043 1154
2224 1385
449 2970
4016 4091
1785 3120
3228 1019
2455 363
647 2171
396 282
2462 2675
3681 263
3568 3461
3264 279
1499 1485
18 3891
177 1200
1414 234
779 3856
66 2525
2107 2001
3316 2589
3771 3770
2922 2325
2502 3792
1463 3822
3357 2318
2948 961
3040 2028
196 1934
1670 1666
2178 2504
3753 2428
2682 4038
1600 119
578 2835
1373 1529
1764 1032
3993 1002
1186 3283
3510 2792
3145 3631
1032 2560
3201 1737
3486 537
1890 2169
1128 3206
2421 3666
3097 3163
2165 1514
510 1294
3221 405
3746 2362
2429 3373
2607 1333
3262 1606
2535 2399
1195 508
2913 594
1287 1686
2090 3006
2231 2208
58 2675
1935 182
3807 599
1663 3001
3361 306
2160 3127
1118 2816
3144 1314
2518 3200
500 1388
1265 300
3167 1232
592 1943
739 1380
3559 1549
877 1741
649 3656
1021 4037
664 2073
624 3438
1267 3208
1798 831
1608 2880
2546 2687
1679 1484
2330 2345
1174 2109
1467 472
1200 3355
550 2042
1945 1008
36 3266
3205 2743
1611 3710
1000 365
1630 2254
848 1016
2738 2814
247 3968
2575 3870
3813 1709
2494 1428
3330 2509
1193 434
2379 4045
2185 2957
3862 930
3786 3529
2479 4041
1911 302
1742 2876
3102 267
1992 2262
2368 271
640 3823
1075 1478
694 3335
778 108
1108 742
2572 3713
2387 3431
1551 102
326 3264
22 2985
3400 2999
745 9
2529 2761
2452 2336
2004 2179
1632 1979
1549 2797
3405 650
16 2293
2277 1972
309 3049
1827 3032
2439 228
1971 1168
2420 655
4065 1885
2113 3570
3303 180
3624 3623
485 3451
3945 3266
3686 2442
3934 440
3204 3196
200 3523
3363 3460
3107 3665
2407 3085
2100 1028
1747 1213
4027 3574
413 194
2099 3573
907 2651
2296 2868
1111 1491
1707 1127
4076 3091
1843 1325
3230 2046
612 3063
3957 1434
2272 1426
261 251
3241 1311
1919 2137
2325 1376
2043 2757
1699 2645
1852 3288
222 2791
4074 1980
1142 3150
1849 656
1465 2964
931 1406
3958 113
3875 1473
1289 1976
1729 2083
2806 3071
1213 1860
1185 2576
2355 3200
2850 851
3356 1328
3181 1409
1495 448
3461 3867
2867 1106
2729 1454
2205 3884
1840 308
1870 3984
1197 186
1985 3321
1145 3042
605 1021
3704 1398
427 3667
3698 3773
310 2930
1325 3036
2201 443
3712 2165
1271 1775
3027 1959
659 3929
3376 2220
2854 2832
927 2779
3251 542
1379 1232
3253 3048
423 3563
327 721
202 3600
3338 2314
974 29
302 220
2587 3812
844 1489
2310 3100
3967 3297
280 3956
2522 2426
3818 126
1466 2979
3369 3233
3631 2639
1506 3980
1507 864
1847 2214
2710 149
2742 199
481 2218
595 3483
2266 598
1976 1347
552 1866
319 287
2839 2749
952 1883
789 828
2615 2933
3566 3589
1589 2798
1147 478
2967 1266
269 235
883 775
3089 1399
946 639
1684 3222
3455 1695
897 3449
2158 892
2365 559
1249 2461
3756 270
2855 628
303 1714
1536 3298
2159 674
902 3509
616 1133
77 1864
870 3965
2492 840
2261 1510
3396 1784
658 649
2273 776
1604 3161
349 2622
710 576
3184 2301
3869 3819
2809 2024
1005 3075
3169 2355
1712 1196
2350 2260
1074 2203
999 2018
489 1342
3132 2108
3909 591
873 3904
1040 2664
3495 362
3116 1625
192 288
1643 2860
1255 70
301 2534
3677 387
2274 517
2512 1649
1807 3047
455 3472
3466 789
93 838
858 1733
2597 3196
3637 101
1539 3752
2351 2780
3316 2047
1352 2060
315 373
240 1082
1982 3498
3096 3920
3348 403
196 2281
2563 2842
174 1533
426 2719
831 723
3609 40
2040 3124
3654 2321
913 2758
3719 2240
1621 3751
3724 91
1807 1011
855 1961
1241 3646
2839 2589
3911 3840
851 256
2460 275
74 2391
1955 307
2404 2290
3915 942
2688 3258
3742 3663
4064 1262
1206 13
2764 802
1927 3641
1878 3393
1345 702
2801 3354
3580 821
3789 1677
599 3963
3699 2086
2423 2613
1762 4092
2620 1211
3822 2429
3232 2020
3821 3733
2959 2977
1718 3334
4089 1699
83 2006
2784 684
2963 73
3412 2100
3918 2139
1955 2686
1055 1681
2460 1673
2268 3112
3484 2307
74 985
951 2804
2125 3808
1995 3432
378 3739
765 3832
2461 159
2369 1560
1191 3541
3109 1286
3831 376
3231 1631
627 2857
2130 150
3943 494
1027 19
1563 1302
3241 1712
2031 3073
1999 1181
2776 1994
3370 3463
2548 2834
1269 1663
23 4069
3457 958
575 3395
1726 157
70 1758
3814 1037
1697 835
2237 3802
139 539
3762 1515
154 1443
2547 875
1151 3972
3669 281
3759 1499
117 2265
968 2471
2994 918
3696 2428
153 1274
88 1850
3442 2444
1889 3717
2356 2617
507 500
2080 2473
2992 4062
708 1767
2068 2940
3436 2960
112 3336
3640 3243
3296 3722
3683 907
2500 942
2459 55
1018 1167
1080 960
1552 3176
2673 1145
986 1396
1489 3586
3095 3565
232 1889
2760 1142
397 1944
3551 2430
722 3236
709 867
544 2951
2063 2054
419 1727
1653 1170
1457 2150
2917 433
3736 2436
3729 3159
2918 835
1813 3476
2595 1768
1766 1910
2163 2734
2514 1854
2654 739
1816 2891
1309 771
2960 3354
1052 1888
501 3999
4056 3348
996 1632
2320 1668
3002 3017
2065 3507
607 1722
3139 1840
1824 1293
2510 3238
103 817
3995 3417
1239 3705
3719 3202
3992 2091
1317 430
2265 903
186 1716
3914 1979
649 3365
2117 818
2794 2016
116 293
2106 2353
39 2003
2754 3340
1800 588
3277 319
2275 1101
3133 3575
1305 3376
2078 598
4017 3865
1640 4024
2735 4032
1082 3190
4059 690
2952 3765
214 134
3096 1876
475 1220
2157 3065
2858 78
2146 35
666 2171
3555 1426
2785 416
2716 2415
549 1425
1962 3931
337 320
172 1237
548 1941
1953 610
2758 3410
2534 14
3156 3275
2461 924
1597 3764
1806 489
4044 1059
3477 3794
254 2897
3063 1424
1073 3844
1940 444
2248 1490
2777 1044
2807 2912
681 2932
689 3598
3494 1655
1216 1530
1473 3760
1952 3909
2828 2492
634 950
3501 68
917 1397
3054 3301
1751 2217
776 668
1603 1018
665 1799
3419 1602
57 3069
1034 261
473 3260
1506 405
1254 3632
1497 2343
1000 2568
1907 3823
2485 3532
1633 1638
3989 2737
3546 146
3881 1646
1949 1112
158 2778
871 3674
2989 626
1033 1536
514 971
782 3505
1680 3302
2035 3513
2509 2221
2326 2304
2664 1492
1067 2461
1566 3533
1251 855
2902 3009
2109 3900
3116 3312
4033 3016
3028 2030
1713 2636
1688 2122
1298 98
3280 1401
1917 3263
3615 568
3604 1624
4065 3359
3182 2805
85 2051
2906 188
2783 2887
1419 1593
1538 3418
3632 1692
3239 137
3508 716
578 2045
1634 239
2674 1099
1248 3081
670 3324
3449 2839
381 3608
2760 1755
235 3087
2667 3218
2204 2119
2421 3919
214 2656
269 185
1818 2489
4034 350
3100 2452
3655 473
629 688
4005 3664
3128 2397
3271 2054
21 3968
951 3369
644 414
637 1383
2645 1461
1777 3435
3435 3350
3430 1193
3376 2300
3660 169
839 514
1306 3607
2567 2390
2170 722
761 2799
3861 3644
3046 1989
1846 2753
1959 2808
3281 1189
290 2332
2092 16
2324 4005
1083 2577
1317 3481
845 3478
1025 2270
3797 648
777 3374
1975 561
1486 3603
1670 679
3749 2065
3597 631
3948 203
2695 2365
2767 2048
3137 1162
3581 3383
3353 2112
1514 297
3743 738
2568 2357
3888 2902
1477 951
3928 444
3270 1584
2437 1928
784 188
3534 1271
2827 3337
288 3885
2199 3877
406 731
241 2956
714 103
3511 3368
3159 4011
2139 3692
3227 385
1915 2776
465 460
1014 1569
1281 1395
3588 428
368 394
1239 2305
2789 3295
3438 3047
1009 1200
3650 3453
136 2915
928 1100
274 2978
2210 3215
791 531
3447 1577
2360 2616
2184 2338
1473 312
481 497
2114 2130
1769 3141
3557 3843
34 1251
1471 519
1390 375
1582 3221
3918 2545
2538 1499
3357 419
2495 1638
1522 2507
1485 4059
3844 1972
973 3150
2424 783
3749 2276
3494 98
2234 2906
2271 2886
1604 1286
2431 2819
3125 212
3700 3698
1437 848
3458 616
3102 213
1610 4031
2885 866
28 2012
3691 2910
2222 508
3135 84
2699 1803
730 2134
451 1242
1236 2378
2744 1201
2665 2316
2601 2807
3826 3886
2344 480
3895 608
3707 1445
3872 2767
3071 3262
2103 1783
339 905
3690 1642
767 3782
562 865
545 1259
2486 1540
2373 1911
1913 2782
3921 3695
2361 3269
3751 1246
1484 3004
1462 1053
2546 59
948 1224
732 3579
1081 1548
2679 3338
1623 2096
775 3191
1702 109
3977 1249
1455 3550
2633 1263
3065 916
1745 2620
3175 3098
1088 3040
3504 332
2235 661
1006 2447
1343 3594
3280 3118
1374 1805
4009 3018
2356 727
1649 1843
1132 4023
377 1318
667 1004
3868 2102
2891 1665
1734 1213
186 3294
3894 807
315 1874
2207 3294
161 3504
1502 1907
3511 2543
530 1084
2710 836
2120 3454
1629 928
1260 249
126 2939
2630 1447
3822 2999
488 893
2390 2076
3825 2750
2599 2716
2400 3597
544 3593
3499 567
842 3349
4009 2929
3269 635
3233 3718
718 964
1153 2695
1170 1256
535 1355
504 1177
2263 3544
2629 2062
3988 2726
1379 1674
939 2546
2724 3128
316 3700
2591 404
3775 2366
3149 2394
464 2302
137 1457
1033 1134
3856 3977
8 1813
222 2950
728 192
953 3730
809 2061
1783 3936
4047 2339
2096 913
267 2637
3688 752
3599 1042
2444 1642
873 2456
733 3577
1167 3606
2539 902
2380 1746
3882 1126
3951 1917
3619 1249
3281 1133
1714 1345
3533 4090
3059 4019
769 2228
935 2375
3504 3119
3646 3458
815 2649
355 3898
987 1615
3649 555
213 597
1811 3515
107 1599
3589 2783
2714 1852
1792 2185
68 3975
2693 1752
1345 2541
2280 665
912 2460
1782 578
1403 2188
1258 2612
3271 2561
1405 2294
3247 2047
3976 2712
3114 3663
1267 3025
3029 3192
484 1832
2162 657
1575 858
3216 819
3063 2194
3791 1711
291 3328
866 2013
3035 1129
1708 932
3777 236
3897 1390
2441 2119
3673 1347
3171 1085
1951 3189
539 2021
2061 2906
2587 3103
3213 3167
1691 1670
2036 1508
921 595
43 3232
2060 2250
365 1958
2830 4074
2574 3490
3804 2830
3461 2380
3165 1822
2300 27
311 1552
2749 370
3754 95
2217 1955
3362 3333
3073 4054
2792 1955
775 2544
1910 2290
630 1441
1960 3862
3716 1871
3217 1744
822 1192
3191 1000
1336 937
1524 3653
1133 1726
3862 1781
51 2935
1655 3409
2625 841
2202 816
3611 842
1053 3011
1254 1061
3548 3958
2484 2583
2662 2647
829 3044
1776 558
1039 125
1206 2927
3851 88
3217 2544
2570 1190
3401 3454
756 2198
2964 2725
979 1516
3949 3319
3410 826
1820 2460
2171 938
3094 1182
594 538
675 553
2396 2720
1925 3599
1313 2528
385 2777
3292 1472
2117 2085
1640 612
562 3989
255 566
3433 3683
2083 2786
1045 1766
527 1011
3961 2052
3555 3894
1945 1141
3855 3726
232 803
3211 2344
2705 2529
2797 3721
3170 1212
880 915
2102 10
1332 3955
686 4051
574 711
28 1782
2726 2263
2353 2884
2581 1046
2435 1073
850 1457
335 1987
1910 800
1234 3455
994 3845
47 2814
3355 484
3112 250
3177 3161
1311 368
3478 3265
2197 1809
3190 1793
885 1128
1864 2869
239 2183
1296 1878
3291 536
1376 2883
2499 2389
1098 166
2609 1516
4085 1094
1491 1857
1844 1687
2392 2008
3064 1939
3291 422
3487 3121
54 708
3534 1708
1930 2002
3622 2323
1912 3411
2224 3673
1708 1957
541 1238
3459 3975
3890 2252
2928 622
2208 107
2142 2496
2924 1121
3530 2194
2857 2168
1853 3587
1582 1275
2639 1807
2068 2231
3768 4068
3329 3657
2434 3282
2174 852
2074 3796
4008 2385
2611 1616
1675 1816
3981 3630
2305 965
531 3626
2623 3255
1383 3263
262 1736
1526 2293
1671 1908
3751 3776
450 2227
4034 2285
3255 2163
1080 1800
1894 2297
1654 2763
2954 66
1117 779
3995 3934
173 160
239 1509
1866 1343
2114 1013
1122 3866
3892 291
2414 352
1583 1058
1882 4000
2703 3265
2069 26
2004 3555
2012 152
819 969
4063 865
87 67
2977 3430
3444 1176
3722 324
1579 1342
3500 1279
566 2532
3978 2690
2 3110
2659 815
195 2215
2898 184
3074 2436
749 2095
377 976
134 3240
677 3847
3908 1045
1238 4
2113 4059
2230 167
1407 2237
936 2458
528 222
820 3681
1175 1737
3880 2213
3565 997
939 2901
2905 823
2312 1901
3929 230
1283 3572
3687 3325
2097 3528
1397 706
2198 76
715 1747
133 3906
1075 2785
1399 721
1628 3659
3121 3442
1702 24
478 758
3629 2773
2315 2618
2538 1083
1703 906
2286 1766
2430 557
3434 3549
484 1339
1431 4017
1165 2911
132 1689
1371 3924
2413 698
2498 2858
3117 462
582 352
457 1614
1625 1608
1442 2470
206 3013
3803 1697
2150 3420
1857 2931
2162 3238
3387 349
691 312
36 2992
3328 2964
2152 3941
2503 620
3403 1854
2310 1417
3524 1793
2932 1770
3744 3993
3832 507
1250 1315
2042 798
2632 3694
2892 1415
1836 3425
3546 1787
158 3729
3180 1576
2884 1528
2543 2431
2603 2577
2438 2748
3953 2706
1141 3224
3956 2120
2623 547
3496 3642
3902 1991
237 2737
2629 54
795 3574
44 2812
1666 1635
2890 2542
2856 652
596 3629
923 977
231 3925
259 1337
2830 4060
667 1097
285 1283
856 1534
731 2685
1069 3715
1404 1953
114 2485
2143 1001
1324 2693
1350 3910
3474 3254
2956 2351
2415 1301
2816 3497
685 3567
42 2642
3071 1521
1961 3669
3013 2250
3456 3203
372 159
3274 3945
541 2767
3051 972
924 761
1888 1643
2864 3239
3846 1725
1304 1927
929 3858
3298 2219
1137 2107
2466 2603
2367 60
616 1547
3246 3075
1499 2113
3545 1210
3850 1813
1207 3662
530 622
641 189
1356 3368
3897 1463
11 514
2067 1876
1888 406
2447 366
2125 3617
3802 453
1448 0
746 2646
726 387
1758 1998
3870 389
3161 1327
2522 1978
1226 1316
672 1114
2727 2709
3962 3970
3855 499
3228 3165
3988 4011
1405 3288
4062 1007
2910 3780
1401 4025
589 3262
2491 372
1160 2195
455 1242
3775 1463
1297 2481
1986 3780
106 2630
1944 2715
673 454
3817 4046
55 213
3916 2031
783 294
3714 3115
858 917
1480 3552
467 756
2318 141
2745 384
2062 4054
566 481
2156 1244
1031 2509
1737 1762
2980 1694
2118 3140
38 2565
2626 3534
660 2673
366 359
3068 647
2464 1231
825 2022
341 3182
2021 1217
2260 415
2712 2533
3393 1129
1321 2349
415 3071
2091 85
1899 1108
2062 708
1412 1486
122 3482
3957 489
2331 1626
3872 2184
3846 3998
2504 2014
1837 357
1436 3604
3351 56
1535 2041
3812 148
2729 3464
567 983
366 3703
3951 1383
3197 480
2826 2602
3970 773
40 2457
3764 2635
3999 1651
3479 3412
2785 49
444 3791
2380 1530
3209 2530
3838 2011
2041 3177
2624 522
60 609
3393 1673
3940 653
2408 526
2112 3318
3536 571
1571 1372
1916 2468
169 3536
2541 2192
5 1560
1749 2535
263 3551
1989 3439
1592 2618
1963 219
508 2648
3026 1302
1707 560
2424 2235
690 2512
503 2459
896 120
2698 2362
2895 116
2566 1009
342 2325
3306 3542
2556 2469
590 2670
996 3914
1794 2979
925 781
3540 989
2397 3072
1501 1916
3590 3364
719 2078
2720 2888
1026 3745
2395 2764
1926 2376
720 3809
3177 2212
3710 581
1858 181
55 2026
2611 3933
1701 1717
938 887
1685 4040
2102 1486
1143 1811
1928 2060
1280 2702
3876 863
2169 1034
500 3350
3693 2160
3200 3586
170 1376
3787 1617
3819 1354
187 3712
294 1629
1986 3239
337 1892
2599 3284
73 3381
1939 2039
3222 1584
1094 3064
793 2409
2736 862
3520 2346
1146 2273
1606 411
3605 201
1840 3142
2834 371
2098 1693
1124 2665
3295 1464
1892 2197
643 1191
985 329
2771 2272
3279 1420
1171 398
2943 355
2135 2854
1826 2405
2647 1652
336 547
1415 3538
2823 3862
3183 2111
2186 1647
456 2615
3906 45
3666 1438
3385 2170
524 2745
1290 2412
784 3977
3773 736
3249 322
3488 1345
4052 3741
3616 3810
3149 3833
2823 1350
3016 3473
2586 603
3930 2831
81 2629
61 1175
3007 1021
1530 2922
2844 2443
67 1695
683 1829
27 1896
904 3664
4045 3738
2935 1568
4078 3220
1933 1883
145 202
625 2371
4081 858
334 1414
1014 3921
3124 221
3194 3821
1969 2011
2703 1688
1002 3614
4050 664
1616 633
2533 3179
2005 2105
1553 1084
2978 925
1102 3666
1868 381
1541 2848
2213 782
3888 2919
721 3727
2039 2624
2545 1590
3966 3797
317 2371
435 1264
1137 2101
1838 412
814 1932
2872 1898
3452 2874
1126 4039
2748 1119
1568 810
3284 3982
1483 1472
3163 3255
3395 523
2418 3341
425 2296
1835 2324
351 3155
21 193
2737 2144
2766 589
3403 3686
1119 1520
2694 1338
3724 2981
3010 2483
2659 3268
2109 3176
661 1077
2185 3401
3482 3095
3287 1676
3703 759
327 1263
226 2131
326 2013
3076 2132
2809 1254
2293 345
2358 241
2583 1491
3799 3206
3840 973
2796 1091
1184 2648
1230 2738
1085 3988
3001 2267
1622 2234
744 3534
1263 2805
4038 646
2585 1525
1456 563
3298 2759
3713 3552
580 774
2892 2291
3530 3066
1360 1671
653 1230
1758 154
750 1389
3910 1863
2915 612
2133 1126
2431 1881
2626 2683
3181 2472
3168 698
788 1194
3103 2360
2882 2393
3218 524
3467 2858
2158 1983
552 575
3905 1138
1759 2995
2020 3661
3926 2488
1099 2295
2129 3508
2172 1865
84 3651
2488 2604
4058 2210
1677 1403
1531 2445
1415 4063
3040 2087
2313 3530
2932 3005
742 573
1605 105
3731 3344
3368 1583
320 2197
740 1109
3395 3251
883 3612
2553 2973
1242 2164
506 640
2648 3160
2851 3875
2965 427
3602 1845
1860 1086
808 1561
4017 1511
3377 3379
3095 2458
2996 4056
3703 47
241 2708
3781 3573
663 3339
1658 1935
400 1063
2592 1035
1377 4029
1893 2513
371 1719
780 3500
2466 1083
1715 2562
601 1791
374 3245
2496 262
1101 2146
3462 1899
2761 1973
2175 3516
208 3687
29 2674
2575 1660
2604 3569
2245 1150
2195 686
1808 3724
3219 579
3985 3896
3111 3814
2416 642
3041 2139
3721 941
2238 1891
50 1539
1236 3214
2409 3739
2988 1334
342 170
836 680
3342 2383
128 851
3567 3830
1496 266
2144 1482
600 1361
2476 2966
3738 3964
2319 167
893 2780
208 2553
265 3836
3692 1166
781 3407
4091 449
2836 672
3028 675
3816 1875
1662 3692
3732 1728
2043 1124
898 3024
3819 151
3723 26
3714 3423
693 3372
4047 3434
1849 875
1396 577
3664 1003
436 2465
2571 458
1072 1269
352 238
1612 195
3577 3203
2281 819
1600 1173
1772 3111
1829 839
1051 584
949 794
1156 3145
767 2645
285 2567
1121 1329
130 1808
2835 2306
1659 1742
1034 1353
295 3296
952 2150
3635 3248
1693 3499
1264 2026
3612 3191
2050 1039
2904 3531
1504 996
2628 3002
3948 619
1363 688
195 3668
2643 97
1214 210
2916 2356
1561 604
2668 1609
2756 2666
2840 3973
4092 2044
1659 2793
251 2439
3294 2348
1817 529
608 3522
3396 178
3537 1779
2445 897
1865 3930
895 3356
3745 1241
642 3919
2833 879
2217 1904
3966 2238
1122 991
1947 1025
4005 404
2209 3000
2134 993
3662 172
3972 119
453 2387
3812 2360
1370 2199
3942 3470
2493 3624
2229 2861
1120 2916
1050 4014
1935 1433
2911 2004
3055 67
3034 3954
3880 1140
1288 2223
2451 1641
1573 2035
1402 3058
2149 1848
3772 788
1316 2176
1135 1228
2815 3306
2025 2037
1738 2014
3637 111
1695 1393
3019 2111
2735 2424
3337 3261
2440 2104
1902 2879
2119 592
3123 3244
3000 1097
1664 4008
360 2804
2589 3388
88 3452
2168 2027
3571 265
627 2337
496 3382
65 2241
2151 3838
3346 2167
3954 177
1243 32
969 3869
3153 1364
3076 1023
2580 4072
1307 890
348 2381
432 1480
3056 143
1329 3502
1432 3332
1120 3506
637 207
1572 1969
2110 2253
89 786
661 1629
3260 3907
1616 3735
3336 277
10 1259
200 686
2800 326
1720 3986
1487 767
1224 431
1505 1107
1341 1734
3078 344
3647 242
1446 3402
1327 4030
2941 2156
598 976
3853 395
280 1313
1476 1138
2682 169
2669 10
1486 2247
343 3167
3684 780
628 1369
2219 1501
1479 1533
3627 3344
463 3613
682 1846
3371 982
1835 1216
1728 3385
815 1744
3120 441
1530 342
2532 2218
521 1017
1497 3602
489 7
487 729
368 580
529 1853
3263 985
2987 3183
3165 662
154 2480
3032 1116
2739 3967
2468 2080
1528 1752
80 1778
1408 2607
538 196
2017 2386
81 2031
3507 4079
2243 1814
2612 3838
3240 1703
2032 3837
102 1978
2345 1669
757 2839
1980 3045
3645 1496
429 1418
3594 3241
2813 2450
3805 3829
1462 4075
698 3540
3553 212
2578 882
442 3473
2031 2062
4094 463
2370 574
3407 1604
460 87
3248 206
1351 2134
3946 1178
4031 748
1547 1726
1897 3609
1177 2749
502 3135
3826 1258
496 377
3590 3887
2316 1445
3869 425
3070 2148
2717 1365
1669 2303
3084 2746
185 1407
513 860
495 28
133 3088
3267 2680
3525 3007
1284 3023
1017 2376
2340 2202
728 1467
688 510
2437 1352
2033 1343
1557 3358
1046 1689
2439 233
4002 1589
945 3113
3796 2312
297 333
1364 699
3179 2755
570 1706
2964 825
3425 3946
3341 996
2993 388
2879 1147
1694 2708
2831 850
837 37
2672 3657
832 2870
3626 3292
2128 2828
3236 440
3283 183
1736 2094
3203 3702
515 1281
2852 1222
2008 1916
2292 1199
4007 2118
2937 3250
125 358
441 3651
678 1869
430 2596
2008 2707
1370 792
4011 2263
857 1172
3471 898
1194 3995
2667 1207
3883 506
2378 2153
1742 2710
4084 485
3671 492
2650 1683
1166 2682
375 2429
1178 1216
2736 2829
2175 1618
2097 268
1588 1674
580 3208
3473 3447
1979 727
1015 2883
1636 3367
3782 1461
2876 520
1156 871
2555 253
573 2913
593 3079
3987 2683
424 3270
4006 1186
153 51
572 3603
1084 1152
3825 1165
321 1493
3246 1580
2814 1931
2793 2876
970 1229
3414 436
918 2161
2773 659
1877 1118
2353 1324
1498 3511
1060 1703
3818 2314
2899 3697
2446 2813
3949 2902
520 1636
1318 730
290 1502
664 2574
3688 2145
104 1240
1167 331
2692 1691
1361 2658
1676 3795
3413 1712
2183 3897
3112 2209
3082 2736
647 3743
2177 3097
3608 2366
1356 2704
2919 796
3706 2209
3381 3164
1465 1576
2678 658
741 3860
1349 343
2588 2546
1028 2418
2574 1546
769 31
701 2602
1850 2592
673 1348
1030 2615
993 1982
3449 1177
2722 3376
1717 848
1834 2631
2565 3053
3541 4007
2251 280
3579 947
1774 3436
1803 3186
2897 4038
3202 1392
1398 568
3148 2968
3024 90
1887 968
217 3811
168 1109
874 3960
369 709
1597 527
865 3038
2138 62
1855 3542
3158 2137
404 1036
3967 1785
733 2794
70 3141
3754 1434
1774 3824
670 99
1834 2722
3899 120
2827 3655
289 3447
2774 2773
2580 305
1283 641
4083 1312
1454 1074
2958 2783
84 2390
821 954
3955 1431
979 4095
475 1546
2302 2099
3401 4066
972 1541
2847 934
165 2374
3996 2716
2606 507
150 3414
751 2106
3253 2843
821 3491
2403 3679
2173 461
2501 3444
2842 937
2408 3440
644 33
3964 437
1007 3871
3476 2826
955 1981
3556 3463
1929 523
429 3398
4079 940
1797 2664
1225 1456
2783 2818
1199 2873
3678 2162
872 2165
967 1873
1804 1680
428 1797
2812 3550
3314 482
3974 2307
830 3018
2832 2190
1136 1849
146 1358
4083 292
1411 1075
1532 1104
636 2632
3960 3760
2821 1886
3167 3545
2060 3085
233 2411
2853 1810
498 1586
2731 1771
513 1959
1877 2985
2018 652
1800 1454
3078 1790
1423 3555
2975 2892
2042 1310
2192 451
2138 3184
3858 2266
4084 1110
3531 1997
1145 570
3718 3608
2406 2030
2236 1949
1198 1630
773 160
2472 4024
1232 1210
3138 2777
181 3671
1461 2130
551 2337
2259 3361
1665 2186
148 2948
341 232
35 3041
2446 29
2973 1589
2486 778
61 1702
3603 732
1389 662
2981 2040
1037 811
2351 2085
318 2446
1481 3049
190 347
2487 4047
1565 3216
3278 2850
468 2760
1802 1299
3769 3767
2815 3682
3953 2167
1380 2198
2223 1144
3837 558
3085 535
142 158
2853 254
3690 888
1172 3414
2684 3329
1284 2146
990 2787
1537 1500
1106 1134
3994 1168
2249 43
3729 3107
4048 276
71 1858
581 2018
863 1052
4055 3784
3139 130
3075 3422
907 2837
3915 479
2334 1468
1451 3137
1201 643
2982 3691
398 2087
1286 3878
3158 849
3863 2220
1220 1282
2653 3816
2791 3035
3318 445
3405 2734
178 1057
3574 3011
86 903
1375 130
292 2853
440 3039
1095 593
3867 380
3346 361
1374 3999
3297 3120
2742 2149
864 3087
2176 2007
997 2299
2622 3483
2909 2524
840 236
93 1475
2146 2077
2099 1751
2677 3092
3538 3961
1890 1363
3309 707
2698 2479
965 804
3406 3210
3993 1892
1247 970
2404 1037
1056 744
1723 3819
2974 710
735 3752
2473 3887
1903 1971
143 3232
1698 259
7 3077
3644 3459
431 713
3770 1919
1141 1561
1251 2986
1344 1652
1368 2638
2054 3716
2613 3003
2923 3803
4082 491
3672 1103
1205 2445
2676 128
2273 3110
2018 4052
3552 1563
1008 3224
242 1690
1864 2881
78 2707
1569 1735
1012 22
99 1476
2077 3154
3201 1553
2132 1174
2186 457
2064 3448
3188 2287
2319 3659
2298 123
3467 2392
188 1067
2697 3382
2427 3451
1845 1537
2918 965
204 3856
937 3506
1574 2990
1162 24
1508 495
174 500
2118 2019
1388 3786
3576 3342
3820 87
1413 2069
3938 2518
570 299
3883 2332
223 2161
2281 3846
4090 224
2219 3948
2009 2206
1920 1336
2948 3068
2064 443
1566 1937
3365 1774
2448 697
1258 2151
3655 2650
180 515
3055 3716
3378 17
2374 3788
2005 1370
1460 1719
910 1507
3950 282
2643 696
3599 2330
565 2809
2954 358
2559 2172
1595 2406
3727 3033
3447 3926
1796 1669
4011 1974
282 3306
3110 1360
1031 4082
3605 3985
1546 3227
1648 986
420 901
1424 4022
1064 2552
3035 2627
2602 3343
1795 2681
3157 3181
2993 3111
1340 2495
1771 2519
2661 656
443 1273
1116 1379
359 2738
2896 2443
531 1633
3552 1748
1550 829
955 744
2871 3392
4006 1313
2880 1306
2904 1127
2833 3920
1187 314
2576 424
2284 2759
2794 3022
1628 1040
3322 2711
3215 439
1272 253
3873 1131
1371 1143
890 81
2977 3965
2739 1568
633 3625
2946 1688
2598 64
1310 530
1540 108
434 3004
1753 3317
175 878
42 1571
1643 3756
1188 3183
1854 2442
846 496
2675 48
3616 2936
125 2244
2818 1135
212 901
435 3375
2285 479
3702 1511
246 3748
1438 2898
20 3278
3141 982
805 2449
2743 3096
3293 671
2187 30
2651 1954
2716 1551
3348 88
1330 1962
867 1458
179 1537
2418 1504
604 2677
2079 992
3140 1029
944 1014
583 3774
459 1180
3269 946
379 3146
2846 2486
2044 3992
157 201
3986 205
388 645
1619 1519
1440 953
3549 718
1050 730
867 2947
3077 2506
2784 3303
3074 409
446 763
3264 4036
2282 278
1641 1066
1176 762
1459 3712
964 1178
2832 402
106 258
3857 3234
1613 745
1565 2255
3094 2582
3892 3923
3208 2453
1272 92
2076 3648
3229 1860
2329 3336
3008 2257
961 2068
1433 2580
312 2331
3691 3948
1103 3165
2569 1563
2320 1835
2880 987
1595 3028
648 114
2358 454
1468 1930
921 2622
4086 1780
2258 2717
3739 2624
2733 1679
160 1967
1323 1943
3067 3994
2453 615
3080 962
3231 3291
632 1197
3484 3585
3480 296
3263 3395
1974 0
95 3474
3854 2992
2433 3871
140 374
2926 2249
123 1621
1805 1651
1682 2489
1609 1826
386 2333
1100 345
38 3953
1131 3771
1188 446
2385 2226
3741 3069
1217 2500
433 3850
3110 668
1970 2203
191 3003
3118 3619
3272 1850
2817 3750
3936 1047
461 4071
111 2029
2214 871
152 3014
102 1371
2936 1115
3191 3680
2110 532
2362 4041
1209 625
2126 3170
1384 2037
3344 1915
231 3269
803 3717
2548 519
2140 1858
166 162
872 2430
1306 2541
107 675
2869 3231
3500 1925
772 4089
1338 2396
2884 3457
543 3638
3963 2421
1705 3526
2627 979
1183 3347
1475 1667
2895 3091
901 2449
2287 3656
3486 3021
2836 2616
1444 3978
3526 4058
2038 1364
579 2067
1266 874
770 832
3109 2210
532 4076
3242 3753
3193 1551
3778 959
228 2411
2201 1229
835 1285
768 986
1889 3812
1089 1801
539 1902
2907 1484
1938 1732
1259 2949
2252 2126
3043 39
3558 3025
2398 759
2775 1333
963 2114
3443 766
2382 3565
884 1104
2803 2257
3385 1194
2754 636
3932 3954
2940 825
1011 546
3145 3786
2802 3327
2481 3974
3810 2499
2304 1718
922 4093
1906 650
3778 2890
3594 2342
2037 3518
2859 1344
2364 3799
3429 2296
1550 97
783 1773
179 207
3674 940
558 2913
3797 1891
2632 3672
2788 1159
2264 3957
2183 1923
1757 1910
448 883
3877 1542
1453 413
2225 3694
2242 4000
2026 597
2400 841
1607 3437
3774 3884
492 1047
723 3309
852 2264
2314 2132
2573 3524
2790 1996
1005 2115
950 238
2766 3787
392 2075
240 3448
1725 323
3542 531
2911 1423
913 3386
1214 2590
3759 2269
3101 3496
3244 3670
2239 3487
988 2230
655 3470
2507 933
3535 1776
2456 3939
3583 3057
2289 1715
4032 409
933 3421
1699 3904
1860 3067
3783 3169
1335 3221
490 3932
1028 1696
296 796
3705 320
2807 1920
2960 4068
1228 1894
2014 3415
2072 3010
3120 84
260 2944
1943 491
639 1321
2549 3006
2248 3876
2166 644
2755 1738
3877 653
1896 1745
1169 4069
3091 3873
687 1842
564 2647
291 1465
618 331
2363 49
2866 2520
2585 895
3757 3276
2527 3411
3518 2901
986 2598
3344 202
1084 4092
3093 2033
449 1012
2173 163
2083 1592
4007 838
2582 1451
2028 2242
1563 1564
998 346
1878 3035
2658 3357
707 2975
4073 2802
2605 2305
3485 3464
86 364
2617 4039
1003 1363
1717 3389
358 400
90 4095
1144 2401
2029 3693
958 3279
2642 1372
3192 1831
3853 3419
4063 3961
175 1122
1798 2093
968 3528
119 5
2180 2983
2154 1578
1639 801
3146 641
879 1209
2894 1707
2986 1961
1421 266
3740 4049
1404 99
1429 171
3906 1851
2205 334
2482 2244
1672 2607
1551 2522
4004 2267
972 1896
3131 856
129 3505
3587 3278
2559 3173
758 396
3273 1730
1115 4081
1683 3907
1019 1525
1584 1527
2660 3783
2571 1984
593 787
3913 2821
3835 2189
3541 93
3141 154
1183 1338
2210 2493
2671 1497
1190 2350
3746 3591
3603 1110
1533 3145
1287 3497
3003 902
3730 2230
547 2163
1617 2581
662 1245
2088 899
3562 3043
1337 2520
2428 3872
328 3174
3058 3396
3689 511
3235 593
3339 2791
547 550
855 3995
536 2248
3187 2971
2995 3661
1927 69
1125 2154
1004 144
3998 323
3312 2701
1904 1000
3598 1801
1778 3870
1087 2769
3062 2994
409 661
1172 1989
2955 112
1229 3240
1576 3571
3792 2626
2317 229
1057 1938
3459 3974
3292 2158
3456 1431
3302 2952
1385 1815
2860 2685
2371 473
2949 2828
421 4088
2041 1043
1760 685
1891 114
3446 196
1656 3889
4075 3832
788 855
505 373
2915 3424
1963 2166
1208 3218
3229 611
1375 2870
493 2667
3226 4067
2706 683
3613 3
702 725
2787 44
3088 1851
2592 2710
3306 791
957 2382
3309 1691
2741 3014
3890 3119
3398 3458
1533 1388
3100 1611
934 2476
14 1132
2530 31
3903 3826
2382 2654
3020 1416
2299 1825
3311 2064
1740 1355
1812 703
75 2531
826 824
1634 1559
2484 3592
1346 1243
3591 2586
1567 2574
19 2744
773 2038
1873 603
766 2419
498 4072
376 2862
2410 839
2287 3253
3591 1873
548 2388
3408 1166
1915 3322
3694 3481
2389 2983
3922 2661
2843 3056
1494 3553
2673 3554
2965 301
3126 4001
1441 2952
218 3153
816 3539
53 3590
1591 973
2386 2687
3117 2370
2089 2080
3468 694
2528 183
1121 3787
936 2731
1649 3424
2 2375
3860 1789
841 2515
519 1888
941 2803
3685 1354
4058 3479
59 1466
3498 1727
4027 3469
1848 2779
1719 3019
1590 3834
2178 3054
1326 1221
623 2605
4014 3211
526 768
2933 3017
1273 3286
1380 1825
1213 482
286 3037
3147 873
1837 2521
940 3023
3648 556
2638 1161
1204 3449
66 2566
3900 2243
1856 624
2440 2700
1223 1056
1725 3437
1355 1605
920 3318
1421 3983
1771 3081
674 379
2708 2117
46 4020
3009 3133
2679 1008
3776 3898
3064 378
787 980
2487 1328
2576 3066
2689 2162
713 475
37 2755
1417 2452
1097 144
2849 3163
3529 1807
1879 3797
392 1442
3794 1628
3164 3175
564 2593
1870 524
2966 82
467 94
3891 4034
1340 1633
1186 2528
3104 2818
1947 2578
2357 337
617 1164
3628 2843
2227 2476
2956 2117
3659 2867
585 3488
1161 341
27 3580
3668 2010
2116 1421
1693 1280
716 1865
2434 2056
762 2232
1221 449
157 3557
3843 2159
2153 1909
3779 1040
2051 2188
622 1467
3012 908
2749 3388
1603 3980
690 136
2375 1225
1434 3474
3189 552
134 820
945 1660
1911 1374
3667 2367
356 1664
2007 3859
3876 1471
2976 2286
3633 3137
2620 1664
3218 3662
1169 354
3752 654
3147 374
3929 1778
378 2039
1822 2487
2704 1583
463 1914
2121 1643
3829 1957
2366 3400
209 1866
1150 888
2027 2937
2869 3882
4070 704
2618 2670
2507 2321
3029 591
393 1131
464 2417
1010 2644
2317 471
2019 1117
700 2057
3024 979
3687 2973
3453 3966
2182 1335
3438 147
803 2256
1874 407
1763 2788
692 3864
2734 798
577 2584
2360 2948
1242 1125
4090 3879
1919 264
1061 3751
4066 3144
1275 2740
861 2104
3487 486
2304 1240
4057 2679
1342 2554
3104 1276
3710 999
2635 4083
1312 2853
306 3676
2878 2143
2323 1284
828 658
1511 2168
1598 2559
2692 4088
2504 3301
1203 2261
176 1724
2354 654
276 2179
1394 3134
682 566
52 2463
759 1095
1596 2897
1494 3596
1547 777
182 3219
905 2904
2730 2377
1700 2363
3705 3636
3767 3732
306 3711
1479 1156
2401 2697
3974 1413
4095 3293
3284 2415
3296 3061
3849 2796
917 426
3932 2525
238 3746
813 322
3927 2277
2174 446
2708 885
764 3709
2723 3849
3701 696
2665 3707
2337 1862
2085 468
1690 2516
221 123
1007 2326
26 3253
1706 813
1352 2407
227 2996
3099 2945
3881 823
2728 2914
1996 1579
874 2334
3565 739
1112 3456
1788 2075
2808 3431
889 2962
1399 585
2101 310
2207 2071
391 3658
2600 3931
3330 2410
2628 2933
4026 2917
29 1449
3898 1700
2634 787
2699 1520
3294 1518
3800 3443
3540 2820
1647 1614
663 222
3472 1125
2764 2691
144 1421
752 286
3837 484
924 3640
210 80
2984 764
1113 2923
2411 3902
1816 171
466 276
1392 2656
2983 2496
1143 621
1633 1483
225 369
1108 1776
748 3581
914 3171
2834 1460
2067 2837
3204 2433
542 860
382 2742
1278 2422
3017 1543
766 2269
3623 155
2341 2548
2997 3848
1341 1618
3792 3987
2039 2654
1667 1117
680 2521
56 3362
1731 3718
1056 2626
3676 2993
1365 3315
3195 2485
2030 2762
3760 1930
810 3397
2145 2118
3986 1093
3648 132
3370 1065
2416 1218
1875 995
3658 966
2860 270
980 3147
191 2539
860 4015
37 65
1054 1204
3848 2898
3299 1880
3509 543
2998 3986
997 1380
2215 3912
411 1710
3675 843
3529 3438
823 3678
3251 513
1259 2128
3025 2453
2144 1227
294 2092
797 3720
585 1714
2347 3477
2939 1174
2263 1505
2871 200
1515 133
2338 3742
3621 1648
4001 1171
4020 1498
2757 2665
343 1270
3969 639
525 2986
304 1188
1244 3311
3793 817
3286 187
3977 1067
1950 889
479 349
1326 4091
2015 1382
3828 1261
2082 2507
3558 247
3935 853
2780 1357
2164 122
3841 1244
3417 3562
2790 1001
3592 2455
2167 3330
652 925
3004 3139
739 756
3998 3869
3882 1631
1194 722
4071 959
1090 3225
1389 3844
4086 1153
594 3446
2269 1556
520 3520
818 468
2687 1466
1482 904
2962 618
3083 2604
2526 969
3875 3960
1754 2473
407 1603
857 3046
2567 3572
3225 2222
3493 2790
2177 931
1321 3268
1265 3668
1513 830
4070 12
3441 3652
14 915
759 3235
678 38
536 966
346 2184
1754 1897
3539 3347
3266 2152
3836 1976
2875 1150
399 2627
2531 332
1062 4073
3695 1882
4003 1308
62 770
2283 2226
2991 1713
2946 1503
3305 3596
1559 2183
2033 3090
614 3708
1885 290
2252 3331
669 1843
1364 923
1322 4086
571 2359
1277 1644
1542 1230
2619 65
420 4017
4040 2974
2717 2889
1449 1099
2890 2859
2656 1191
3154 3978
1346 499
2246 2229
3509 2438
3233 381
1677 2051
2017 2303
3531 2336
2627 2609
82 935
1249 372
3808 1203
1212 2694
1692 355
3787 2751
3155 2513
3701 2074
72 303
1029 2234
3488 3033
1627 1960
3473 2693
1297 3391
2098 978
75 2438
2218 1578
1681 252
754 178
367 1945
2810 3261
3999 1538
8 1524
3564 493
561 995
310 1887
920 2451
1448 2594
2456 4061
3175 3053
1378 3818
384 427
2442 2497
2048 1096
2046 3976
3006 3126
3143 2774
2789 1237
3016 1324
4052 57
3513 1824
2734 3201
1750 2881
1925 1645
323 425
3805 1607
2020 3371
3238 3684
2184 2552
2709 2471
1974 3544
4073 2889
2084 564
680 3367
1275 3062
363 2015
2372 2145
1432 3186
2079 1743
863 3105
2782 328
984 3310
3439 526
3136 2359
2624 467
3360 2643
292 2690
4062 1198
745 3101
1954 391
1839 4020
633 2784
98 3257
2963 3308
1984 1637
1293 124
2147 2160
2902 1495
4082 681
938 107
2432 1914
3072 3246
3222 156
2921 2951
1909 3880
1414 321
3180 800
3206 3840
2837 2840
184 1410
328 3647
1204 757
2037 2681
2545 1949
983 765
3857 3879
2879 2500
2297 1428
33 1112
905 1417
1828 3602
1051 1698
3657 3327
2608 1522
335 3922
2961 1545
1015 1946
598 2813
2322 3953
3577 2016
3912 1656
1110 3450
1967 794
1957 1231
526 3785
3578 541
3324 1476
943 3246
3606 630
3452 944
878 3084
2498 613
1423 2272
1148 3950
1879 2598
2298 1254
1452 2549
2894 2904
2889 3416
3312 3248
1381 256
2797 1218
1372 2636
3658 2074
1900 2020
3632 2943
2179 3894
586 1506
650 3201
3302 599
3018 3568
3389 3102
238 2698
67 1871
159 761
2312 1450
1861 1377
1811 3514
353 596
2385 1639
2337 1297
1523 2872
1367 3351
234 1493
3973 3658
2492 3777
2537 2081
3997 3149
3048 3056
3923 3180
1723 3685
2143 1427
2308 939
683 3715
2578 2270
2265 4006
2223 3700
1342 2246
1989 436
2569 3026
3050 3247
2512 669
1959 2387
3317 3964
2753 497
490 3034
1043 1760
3521 3789
485 3450
967 3925
3015 1120
2323 1101
76 200
931 1517
3661 2141
2662 1344
2906 56
3582 1365
3421 3130
1901 390
706 1165
2969 3556
999 2856
1474 891
572 4084
3941 1630
1894 2494
52 1214
1303 2441
2088 1094
4036 1731
1289 2762
3947 3616
2720 1693
374 2456
2299 315
3502 1158
320 1654
2509 681
1155 2673
2666 2357
517 1729
1709 4057
2886 580
998 2155
737 1610
4030 3830
3101 3300
2914 1623
1059 383
3454 3144
422 2490
3416 3403
2268 3289
3492 1800
3737 2410
1701 1437
3625 684
59 1350
2427 3849
1177 1006
4050 1567
1270 1224
2279 4094
977 1045
2376 1734
2721 2064
2262 2613
1443 1326
2411 2770
1162 1377
1923 3790
2660 5
684 486
3161 3878
4060 1980
317 3655
2669 545
382 842
1502 4033
2586 2921
3423 1799
1218 1331
1393 103
2288 3772
2405 1889
278 2349
2822 660
900 2427
588 670
487 161
1527 4019
4049 18
2045 2457
3767 2288
925 1705
1440 1711
1054 981
3831 584
1053 2606
675 211
1651 3418
2148 70
2419 2611
4018 1271
3065 3419
2393 1473
2759 2008
2370 3406
1842 3868
149 1837
1295 3396
189 3988
3576 1586
1328 2339
834 2491
1127 1272
3585 2692
2671 2825
2076 3308
2564 999
2103 1582
299 813
1224 3209
989 1323
1673 2959
600 4044
2094 2942
2752 1658
1266 1527
2294 562
3739 3134
3874 1926
2841 846
610 413
100 3853
3865 2245
2727 710
1790 3759
1140 129
794 3908
1688 3204
41 3634
757 3316
447 2659
3542 1202
3978 3408
1666 1415
1420 3893
2874 2850
3282 3427
3352 2408
740 1222
64 2584
3345 2878
367 2679
1722 3187
2819 3611
3936 3062
2746 173
1578 936
2365 181
723 2692
3354 4080
103 246
2006 1017
3335 1373
1775 3899
279 3782
2621 3101
1525 3356
3794 3779
1942 155
1830 1028
1710 2204
3672 3228
2123 121
94 1572
1046 1303
981 757
439 1988
1035 149
599 3765
2093 723
71 3479
1881 737
2998 1967
2218 2315
3212 2316
4028 2490
1627 2823
2070 1519
3938 844
1401 834
1430 2311
1918 644
3469 1985
3350 1594
602 2718
3185 1137
1038 3517
3981 2196
4074 2719
434 2301
1225 1935
3532 1658
480 419
2552 3742
2203 1867
611 777
3174 3852
2641 1258
229 3078
2549 2043
2923 2605
3462 1756
1481 3222
3513 2824
1833 2370
1745 3491
2012 2741
3554 570
4003 3090
2072 3148
268 565
2295 309
2104 1555
472 3521
1863 3329
3505 3285
1786 1998
890 401
881 2689
699 1257
3772 1251
1049 3997
3765 2421
350 3387
1350 930
1810 4034
2220 27
1098 1552
1869 2565
3092 296
3036 709
4022 3811
1893 2553
3036 2822
268 812
889 1977
3621 2125
3829 2464
109 673
387 152
362 670
3274 36
3744 2593
1528 958
288 1432
3827 1591
3304 3747
668 799
2721 240
3358 3181
2311 3444
3610 1639
1593 2469
156 3059
1148 396
2584 3835
2877 2680
230 382
3790 375
3628 2926
2359 3459
3490 1226
224 4035
613 1169
1257 672
3468 17
3347 3959
2050 228
693 1078
2052 3503
2825 1278
3475 194
2239 805
754 3131
1450 390
1700 2785
3663 3866
2258 3582
124 2562
3489 4089
4066 3652
2047 2537
2560 243
118 893
3455 922
2019 1622
3550 3407
2391 2237
2762 509
697 2676
1704 3630
4069 912
353 2824
2376 1747
3887 1682
994 83
3434 1836
3424 3428
760 1902
3005 2908
336 1295
3815 2669
557 3280
3382 1050
3575 775
1529 671
2472 2313
2331 503
3283 897
1839 1824
919 2694
0 1913
563 2580
2772 2472
3163 3584
4020 428
3756 1250
2094 3384
3711 1894
1020 135
2297 645
4091 4094
908 1628
3570 690
2430 1514
2719 2750
1519 2505
2034 2595
3545 431
3335 1402
3332 1677
3924 1811
2417 1544
1202 3626
2136 3386
381 3775
704 3736
866 1487
1902 1217
780 2327
3866 3566
2022 1289
1032 2757
1767 2797
245 815
2868 1352
2003 1806
1013 150
2689 2233
3844 2714
1195 1184
1680 1441
982 410
2191 3798
45 749
298 2129
255 3472
3137 1702
1746 2922
1657 1395
1361 2344
3259 4083
1721 1038
387 1956
2409 1394
3964 2550
535 2891
141 2079
3411 456
69 1684
458 187
1866 1929
619 2468
2059 3774
3912 2660
2740 984
2691 3559
1337 1574
3460 179
753 2854
1992 1624
684 2754
1065 3981
2253 4076
266 2914
2313 2576
3566 13
1529 754
672 291
829 3260
3308 556
959 2859
3025 2268
2377 3679
1576 2725
1967 1093
665 1048
1898 1833
283 386
3237 117
785 2036
2395 1488
3874 252
2379 1753
1367 460
3135 2567
3783 3938
1841 2517
3707 398
3823 289
1842 1587
618 1804
1577 2488
2154 3482
3758 2600
2650 1049
2583 2455
2838 1575
436 3621
671 2539
3919 2278
1233 2928
1825 1160
2938 3792
814 3929
3087 2155
3339 1878
3192 3325
1134 2982
798 1553
363 2931
281 2174
2082 1819
3827 2760
597 46
4023 1512
3755 1075
3252 1151
3807 1739
2058 2674
2641 2845
2311 1777
477 3943
365 3744
1532 3360
2477 2398
167 2542
2875 2027
820 3541
3682 828
1938 728
1580 2834
221 2811
3477 3588
893 1439
2245 3690
841 631
3643 2034
1781 2196
899 793
4043 751
2474 1924
3824 3070
2857 1862
249 3358
1390 3822
1908 3576
3123 1716
3950 2815
1961 3417
1932 230
1101 2071
596 2289
1946 920
234 1764
1797 2704
2022 3836
1588 2806
354 257
802 3302
2610 1171
333 4025
2481 3484
991 3566
2120 1010
1647 4052
3823 1140
2893 4058
3512 651
1093 483
3902 3462
309 4057
3261 3179
741 2786
3630 3226
807 3845
3629 1715
2194 4022
1247 2201
3574 1985
87 3455
1381 2028
2124 1346
2979 2684
1386 75
223 3914
1965 776
2825 2343
620 2508
297 2608
2145 286
2476 676
2841 3160
3528 812
3968 3706
3368 1598
3234 559
3735 2784
742 3247
868 3525
4042 4064
2233 1692
2607 2772
1626 435
1998 2480
4024 3063
2137 3404
1594 624
1314 2157
2712 837
1503 4062
571 3644
707 3030
555 2695
3563 1755
2526 2634
3720 677
3196 1999
3349 1848
3044 2941
3508 2578
2668 1524
3734 3972
1320 1346
1635 3538
558 1339
2596 1145
1831 2467
3781 3510
2584 272
360 4036
1228 2300
3997 3054
2562 2431
31 3583
1299 1612
1541 1745
3198 3192
2115 886
3400 2408
207 1500
3636 804
1794 146
3182 803
1476 2177
250 3000
1123 1181
261 1294
1071 1435
1788 2942
383 2318
1569 1837
169 646
2384 3932
3889 1353
2979 1863
459 221
1765 3093
3392 3523
2792 163
509 1763
2614 3124
2172 785
714 3793
3186 926
1867 1919
3770 3158
3559 1739
128 1381
3420 40
2540 39
2852 692
1018 1558
3049 1378
3445 1079
3155 216
3563 1480
1913 955
795 1053
2713 3595
1940 822
2537 2477
2598 648
3105 2121
3503 1612
1300 364
963 2053
1068 2965
2774 2463
770 161
3019 3486
1904 2686
1874 1950
1127 1997
753 3519
2550 3375
2796 2352
1256 3148
1795 762
1323 3194
2463 210
2788 1288
1512 209
1847 2276
3235 2634
2663 3244
3023 2077
1276 1305
1676 2096
3750 1092
25 3806
3129 412
3561 879
1630 2304
452 164
3044 248
3523 4051
2801 2148
1168 2570
3731 145
2388 1130
3809 939
3647 3099
1431 3702
1695 714
1029 2061
3560 890
657 1163
2544 3680
3904 3939
3795 520
1231 3635
3131 1057
2257 1419
2115 3669
322 2524
2616 961
2849 2623
1965 3546
1298 700
3483 789
720 2308
1843 3428
44 1455
1362 3895
991 1206
3722 3861
1447 2106
2782 1981
398 3132
1118 1287
2968 477
4024 3530
901 3865
2450 2747
3971 1300
3922 1849
204 3118
2001 2727
1040 298
1174 1437
705 3813
1257 3892
862 1875
31 3242
711 3236
973 2996
3378 3158
1629 1526
3188 649
206 2579
2711 2821
3321 2214
1645 1895
2921 617
244 3385
499 32
1279 450
3884 1398
506 1909
424 2967
2108 2275
2443 3282
1369 1898
3451 2652
676 1601
3317 1626
3645 3051
1395 430
3203 627
287 1951
1914 3557
145 1291
1667 1880
3275 3105
2994 3310
237 2320
2732 2896
688 261
2914 2848
3979 1773
2540 852
3066 217
1996 1309
171 3710
80 2575
2700 1555
3303 2754
3027 453
2196 3582
2934 2069
736 54
2772 1640
277 55
3022 3536
4 1096
747 2403
2861 3709
3209 769
3439 2465
1976 3178
3166 1721
89 1513
989 2007
2070 2625
510 2451
325 3146
1410 695
691 1753
3009 3162
2335 3500
3178 1446
2445 1204
1036 629
53 2374
3539 3831
1521 587
2508 1241
2465 768
1360 1456
3586 2954
3026 529
3618 2175
2149 927
2685 569
273 9
3014 2306
1558 3606
3930 1508
3709 1072
4037 2508
3062 1391
265 2224
3325 138
509 1446
3860 1322
1522 3654
246 301
3219 2743
2203 3905
595 3466
3515 1834
1216 2591
2613 6
1333 2915
1822 1245
1906 61
3843 2903
1316 989
974 2058
462 2997
3845 521
5 3169
2707 2089
1579 689
954 2630
3788 870
1435 2059
3991 2110
279 963
2600 3736
1058 716
1004 3645
1556 50
3394 1701
1768 773
560 1272
1102 2997
3750 3219
2637 4021
3962 1768
1543 1080
529 403
1553 1762
2855 397
765 2311
1303 2204
448 1751
346 1064
1347 2844
569 2655
4 3643
276 892
2955 2329
3491 4043
1433 3205
2213 129
1905 2866
358 2566
1490 3275
3994 51
2392 78
2970 22
1149 214
1936 564
2308 3518
703 426
1059 3721
155 3015
2077 1444
2845 2612
3925 946
1638 2181
615 3627
3470 3734
167 2867
3610 2353
2525 1009
3592 2879
3337 2650
3894 994
58 2696
2675 1687
1814 2637
2647 1041
1445 2065
704 3074
2817 182
3384 1423
1447 4033
417 1948
3630 2381
621 3104
3 2621
3715 2873
3463 1704
3258 1937
2905 881
3956 3401
937 2869
3200 115
1205 3283
2919 1495
1453 2177
879 884
376 2098
659 80
2352 948
2454 1847
2346 2703
1388 1594
1336 1864
2718 4014
3429 2535
1936 3744
1621 2135
1660 389
2996 2776
1825 1874
730 3211
3842 1
3608 3046
4041 2921
750 1073
2155 3996
2377 3548
2657 2764
1760 1359
3172 2735
2883 2112
69 1481
1664 2758
3471 3468
2562 1932
120 303
256 2242
212 805
2655 101
4071 2084
1192 953
3361 205
557 1678
1735 3274
3257 231
2681 1627
2636 3002
1977 1167
2053 1013
2475 2631
1484 3010
324 3501
1154 2385
950 3345
1344 3595
3681 93
1776 573
651 3640
1263 3727
3273 3514
2197 2763
1235 3941
1981 3174
1185 3641
3173 724
2361 3319
2995 2420
4075 2606
1956 3377
501 2049
1964 951
3243 862
859 255
2137 336
804 3223
2704 1492
2514 3616
3323 1632
284 3886
2261 2041
17 3335
1082 2571
3254 2506
1654 3223
1779 1570
307 1936
2579 1841
3352 3439
2651 2309
3369 1868
3364 870
3091 393
3128 34
3197 1982
2013 279
3491 1211
262 706
721 3488
3249 437
1661 1906
2054 1208
3717 148
1398 1452
1157 577
7 2554
3548 2800
3394 112
2501 1384
3859 614
630 1944
2829 3277
1387 1296
109 2358
2193 975
188 3362
1978 1143
1207 2402
2661 2825
469 1422
1964 2700
3798 1429
3804 1855
3743 938
1291 3600
4028 3990
3982 1301
3692 3834
339 2894
2315 590
2413 1226
3544 1913
2550 1619
3907 3149
781 2893
24 2358
2244 400
3784 2608
79 742
679 1635
3699 1818
2778 2705
3596 3625
3925 3969
771 1089
3735 2354
97 2023
2483 477
3409 2361
2970 3613
896 1625
1024 76
947 840
2806 833
217 2851
3747 1616
403 20
744 4018
1100 572
3002 755
79 3050
2653 1975
689 2246
2425 628
137 952
3884 512
518 3172
830 3425
1510 3835
1163 2335
2453 3289
4001 3707
3718 857
422 2248
4089 873
1683 3997
816 1183
1471 1052
1452 1764
108 611
516 2328
752 1078
1567 475
1091 948
3159 3665
2847 2227
1500 2391
1090 782
3432 2081
1313 2120
2497 2180
3543 3441
1624 338
1922 1066
494 2097
849 1402
2517 2274
364 1531
1686 490
401 736
3427 2841
1710 3540
3973 3701
2637 3012
271 3271
681 2900
2854 1411
2401 3773
253 2125
1181 3747
756 1024
1850 944
2336 990
3556 2865
1605 2186
2702 795
880 3187
1417 3531
3362 3512
1513 4009
3318 1922
1761 2288
1517 1661
2903 3300
898 694
2073 2413
3119 2340
2332 640
3239 850
1428 3199
1215 1770
3075 886
1782 2741
1806 1579
2065 3622
1601 2273
1730 667
2249 790
3737 1829
141 808
3641 424
3248 746
1891 82
2002 2459
1413 3723
657 3684
1227 904
1698 1905
446 2264
3673 2732
1815 2213
3891 806
1743 604
1692 1163
3748 607
2755 2504
305 3561
3802 3284
1009 2032
1083 2113
3708 8
1510 1043
483 1772
1488 3073
2303 1965
794 977
2468 1754
1128 3827
1826 701
3417 110
2191 1675
3516 3815
2901 2823
692 2352
918 3769
3867 1746
15 3494
3425 964
3363 1179
2329 2002
1469 2350
1503 2122
3992 1435
3345 2698
4060 1202
3184 770
3326 943
2958 3104
4039 3990
1410 3746
3032 3213
1923 1390
3454 2644
3070 1255
1153 2140
699 2976
264 2623
1279 1645
3428 369
329 513
3567 1422
793 378
1558 2855
1095 1931
3514 1834
1958 337
1406 1182
3314 533
1944 847
1211 1154
671 3131
3338 3076
847 1833
1391 918
1994 3445
859 682
1036 1015
511 3831
1209 317
3365 2181
181 1830
244 788
3851 3272
1105 72
1192 4021
1761 3122
1309 689
888 750
3569 1672
833 1521
2690 1596
1524 3476
437 1619
1244 1247
3585 421
2957 4066
3245 677
92 2787
2429 3650
2986 2115
3080 2671
2289 124
897 504
1338 3959
3465 2803
215 2810
3387 921
1068 246
2981 2614
1142 1219
1416 3804
966 3156
1365 1111
3290 3031
1841 891
2024 2233
370 2768
3258 555
273 1686
1752 3083
77 1750
3963 642
1920 77
3526 71
1682 2733
3903 2641
1635 790
3242 3696
3861 3501
3945 2663
2943 3776
348 135
3554 4045
3613 1613
2577 1408
1382 1575
2740 2994
2229 2991
575 1929
2246 2984
3515 1276
3723 3380
1498 1356
3108 42
3328 2940
1281 1317
2419 1556
3043 3493
3586 125
3733 8
2426 2640
483 2993
771 3598
2211 4079
3261 1049
1460 2987
4013 388
3276 2466
718 2320
626 1477
1282 2055
2516 2633
3596 2239
1991 1899
412 190
3914 2724
3250 3927
3081 505
1819 176
2506 2368
2878 2479
2465 1648
2804 1731
2202 919
1984 1459
3834 3660
2309 391
3326 3072
2907 2072
1427 544
3784 16
2412 712
2306 3198
2455 1147
1756 981
1240 3334
1320 869
2863 3992
3276 2538
592 4082
1968 1102
1406 1661
2141 3252
3878 439
390 1149
2925 3888
2232 3370
4010 699
3976 2810
486 636
2646 1615
2873 1368
1872 679
2976 3892
876 1607
1437 3900
609 1765
2381 760
1611 2564
658 2495
3664 1036
2572 3704
3122 3772
3946 3461
654 4077
1880 204
2296 2437
3684 2335
1063 3535
3669 110
1400 3987
356 913
3442 3690
521 3618
355 1362
3920 1532
2606 174
488 1071
1425 2830
32 3958
1868 1509
1501 619
2591 342
2528 1010
2982 2219
2862 1337
3693 3817
1416 1425
1815 1090
2517 3935
1179 637
3259 3740
854 3034
2950 399
12 3074
2236 33
3866 2640
1650 697
2159 502
359 47
3547 534
1978 3944
3230 1022
2108 4053
940 3764
1308 1162
57 1705
442 289
4081 2142
2759 1501
2292 328
3619 2491
1478 416
748 1792
1814 1192
3433 96
1324 1528
425 151
19 3202
1941 1130
1086 153
3011 174
1887 2709
3959 2720
3833 3311
628 2872
2670 1771
3499 3207
1064 3193
2121 2744
199 2251
537 3637
3841 1554
3058 754
3947 1857
2505 353
1293 3511
3079 3489
1738 392
606 747
1066 1300
1219 1817
3553 2239
3642 914
39 2790
2916 2133
3677 2012
3132 3622
850 28
4044 2658
3643 2551
992 1593
3550 3901
2542 1033
140 797
1618 3815
3268 2649
1511 2875
2992 2152
3813 309
1208 1870
2454 3749
2737 1668
2678 3188
2893 3109
1895 1796
2777 3639
3187 1951
4077 1325
397 1369
2843 476
2009 2885
1294 1641
2719 3045
3030 1666
1855 4060
2912 96
162 3928
414 1332
3183 763
2563 1336
2279 1189
3864 3922
3907 2156
3223 663
1937 4090
1086 3374
3234 2103
1308 1861
878 991
2449 2245
289 3762
2557 1856
2508 2846
954 4043
2819 737
2658 383
2057 967
3600 2711
2515 596
2908 1826
2750 4048
1793 2735
4053 2207
3921 1735
2531 2748
3289 3731
2467 3166
2927 1720
1571 1713
3769 1761
3168 1710
911 3916
3176 1940
438 2646
2027 2093
869 2377
3021 95
3448 2571
1709 367
491 3733
1125 122
3517 2440
1488 2691
2877 1030
4032 2235
3961 1802
3641 1684
1066 3537
932 3116
3960 1468
3126 2610
2189 1359
3975 1413
3810 1115
3086 3080
522 94
4039 943
1376 3353
636 2225
2307 421
1454 1970
2696 48
1549 2416
3431 21
1359 469
3398 1292
2444 3672
3968 3112
1203 1535
1997 92
984 2425
2267 3495
1907 442
3223 528
1673 1436
2417 3781
722 3934
441 1329
3532 1225
129 1515
331 1680
4022 2882
2770 3462
2029 2147
3460 637
2560 3212
458 1459
2139 1590
3085 1740
1856 3556
1173 1012
3160 496
3838 63
415 589
3768 2503
1139 1098
3761 1847
1767 1059
3224 1023
1470 274
2044 1071
2348 3918
1016 1814
4037 1681
3913 3983
1821 3292
605 1741
2436 3307
4015 1267
1110 1827
960 362
2966 1601
1952 3029
388 3814
3256 3891
3580 3199
278 1912
124 2543
995 3363
1895 2345
2925 3092
2618 1566
3982 3828
2967 2851
1648 3617
1786 429
2829 607
3143 3629
2909 2929
2776 3851
527 3259
1624 2138
2415 102
914 1252
634 3320
1983 3007
193 3273
2999 3650
2881 3231
3893 1672
565 2298
1900 2995
311 2109
983 4075
2553 4002
1734 3314
533 545
2399 206
508 929
1564 2448
2557 2969
4051 2395
1402 1529
1801 1571
736 2718
3895 1925
3635 2399
3392 470
1422 3433
3732 244
824 2597
308 494
2761 2594
2374 3364
3562 2540
1159 316
1246 3755
725 220
1651 899
271 3564
1787 799
1768 173
797 3245
3340 2225
1351 705
2664 2129
121 2405
2007 3194
809 1367
3501 3466
1509 3775
1637 1268
1215 971
1732 192
3806 2110
1105 1399
130 3142
2135 1246
1429 1611
3150 1817
127 1634
3347 376
1883 3420
2122 1007
2339 830
3138 717
1223 955
2554 3106
1175 109
2609 1992
3322 1994
251 2050
3049 156
394 2364
197 2726
3800 1790
751 3610
3038 2144
3136 1297
956 1939
978 1280
2225 1317
3039 2878
3000 1291
1539 2512
1489 1039
1716 1963
1598 1881
2321 2723
2495 3365
1198 2326
1586 2462
64 3195
1946 510
2128 2570
1418 4016
3638 3390
2381 2484
2640 2958
1854 3810
3299 557
2497 2712
3680 2568
2554 2984
454 2956
3366 1893
4051 2657
1939 2382
2573 3190
1322 3649
439 3623
1987 2661
3811 2393
2634 1723
1292 2279
1759 2052
1752 3279
72 585
3069 3526
2701 438
2463 659
2163 2042
2307 3723
3329 2802
1096 878
1617 1606
2176 3639
3497 2384
1729 741
1896 821
3084 1206
528 1562
1199 3647
2787 975
403 3452
3706 1730
2391 329
3315 2514
1103 1389
3106 2368
3763 608
322 2070
1696 3015
3785 1879
2046 215
1327 2601
1966 1885
743 3802
414 3937
4080 1786
427 4087
4000 3123
843 772
1475 3299
546 139
712 740
817 3748
2564 1470
199 927
895 3042
3210 582
456 2628
410 340
2753 2083
1492 1058
3148 2483
1869 3175
1872 2926
3067 153
1439 2059
801 3457
3432 538
4048 2004
995 1828
198 3620
1993 1933
2803 164
164 1419
3060 3996
3492 2729
2348 219
2947 2379
1512 3093
2195 889
4093 3082
2471 2905
1678 1401
3267 417
1555 1868
676 1146
2111 3021
806 3915
727 2397
2200 2934
1724 2852
3752 669
3125 420
135 760
589 1617
477 308
3256 2021
697 2610
4076 3485
2988 3492
2326 104
812 2809
1755 1219
444 1440
3221 2740
2510 1923
1620 952
2687 1794
2619 1921
2511 2855
3153 4010
3801 1901
282 1855
956 957
1886 2793
3765 1102
330 2988
832 3890
136 1649
2447 1542
2190 765
3970 218
1304 1185
1668 1482
3380 1872
2961 1137
3927 707
703 4074
3272 1079
1008 3076
3052 1072
2751 1158
3090 1366
1912 2877
1117 204
3990 3725
1770 2123
2271 4015
3771 3378
2846 3646
1231 3312
2582 4003
3199 106
201 3896
1182 3633
3107 3313
3868 1412
2316 3749
1420 3569
437 2070
2142 1733
2075 2280
2346 3478
1526 1100
1636 2346
3678 2510
3257 2361
894 2364
3497 490
1593 2925
1908 498
1134 1025
2188 1414
2373 638
3098 1069
3667 14
958 2466
1724 740
2478 293
2913 1838
1561 1139
2423 191
1620 1933
3250 3309
2593 1002
761 2653
3001 2402
2558 2677
577 1510
846 2697
1262 2135
1792 3383
2081 1565
1300 1779
1078 198
2824 2289
567 2190
3606 397
3654 900
2530 3220
791 1340
3399 687
11 1368
2341 1471
2235 294
930 2258
155 2842
