81 162
51 49
19 6
0 64
31 73
36 1
73 10
48 41
71 17
49 42
53 67
4 11
28 22
65 3
42 65
26 73
53 51
75 15
13 25
6 35
72 38
17 75
68 66
50 80
22 78
16 48
30 63
1 21
55 33
62 61
41 19
74 68
21 60
47 75
37 13
18 31
12 29
17 74
49 27
5 56
8 15
42 48
69 72
25 27
13 49
48 23
62 50
7 0
58 5
41 2
75 34
34 66
64 69
73 70
45 58
36 54
25 0
33 5
10 14
30 54
40 16
2 30
67 43
46 43
63 71
65 23
22 58
20 38
77 41
51 40
70 14
67 40
43 16
1 29
4 20
6 63
56 1
10 47
54 71
8 28
0 32
15 45
80 46
79 56
3 39
7 68
28 45
44 25
76 17
15 55
20 62
58 79
70 46
50 53
61 53
52 80
27 32
32 3
29 13
44 7
56 12
35 76
26 35
14 8
55 4
14 24
39 6
34 55
78 2
69 18
74 34
52 70
2 36
59 22
12 37
60 74
23 39
45 33
57 20
19 30
9 12
9 61
24 59
38 52
18 26
68 64
66 4
54 21
24 28
33 11
29 44
35 10
3 18
57 72
11 62
63 76
66 57
77 78
21 44
59 77
23 19
11 9
60 7
38 50
46 24
39 26
78 79
72 31
40 42
31 52
80 67
71 60
61 37
47 8
27 65
37 51
32 69
64 57
43 59
5 9
16 77
76 47
79 36
