128 4354
0 4
0 5
0 8
0 10
0 12
0 13
0 16
0 17
0 18
0 19
0 20
0 21
0 24
0 25
0 27
0 28
0 32
0 33
0 34
0 42
0 43
0 44
0 46
0 48
0 49
0 51
0 54
0 55
0 56
0 60
0 65
0 66
0 67
0 68
0 69
0 70
0 71
0 72
0 73
0 78
0 80
0 81
0 82
0 83
0 85
0 89
0 90
0 93
0 94
0 99
0 100
0 101
0 102
0 106
0 108
0 109
0 110
0 113
0 117
0 118
0 122
0 123
0 124
0 125
0 127
2 111
3 40
4 0
4 5
4 8
4 10
4 12
4 13
4 16
4 17
4 18
4 19
4 20
4 21
4 24
4 25
4 27
4 28
4 32
4 33
4 34
4 42
4 43
4 44
4 46
4 48
4 49
4 51
4 54
4 55
4 56
4 60
4 65
4 66
4 67
4 68
4 69
4 70
4 71
4 72
4 73
4 78
4 80
4 81
4 82
4 83
4 85
4 89
4 90
4 93
4 94
4 99
4 100
4 101
4 102
4 106
4 108
4 109
4 110
4 113
4 117
4 118
4 122
4 123
4 124
4 125
4 127
5 0
5 4
5 8
5 10
5 12
5 13
5 16
5 17
5 18
5 19
5 20
5 21
5 24
5 25
5 27
5 28
5 32
5 33
5 34
5 42
5 43
5 44
5 46
5 48
5 49
5 51
5 54
5 55
5 56
5 60
5 65
5 66
5 67
5 68
5 69
5 70
5 71
5 72
5 73
5 78
5 80
5 81
5 82
5 83
5 85
5 89
5 90
5 93
5 94
5 99
5 100
5 101
5 102
5 106
5 108
5 109
5 110
5 113
5 117
5 118
5 122
5 123
5 124
5 125
5 127
6 30
6 104
8 0
8 4
8 5
8 10
8 12
8 13
8 16
8 17
8 18
8 19
8 20
8 21
8 24
8 25
8 27
8 28
8 32
8 33
8 34
8 42
8 43
8 44
8 46
8 48
8 49
8 51
8 54
8 55
8 56
8 60
8 65
8 66
8 67
8 68
8 69
8 70
8 71
8 72
8 73
8 78
8 80
8 81
8 82
8 83
8 85
8 89
8 90
8 93
8 94
8 99
8 100
8 101
8 102
8 106
8 108
8 109
8 110
8 113
8 117
8 118
8 122
8 123
8 124
8 125
8 127
10 0
10 4
10 5
10 8
10 12
10 13
10 16
10 17
10 18
10 19
10 20
10 21
10 24
10 25
10 27
10 28
10 32
10 33
10 34
10 42
10 43
10 44
10 46
10 48
10 49
10 51
10 54
10 55
10 56
10 60
10 65
10 66
10 67
10 68
10 69
10 70
10 71
10 72
10 73
10 78
10 80
10 81
10 82
10 83
10 85
10 89
10 90
10 93
10 94
10 99
10 100
10 101
10 102
10 106
10 108
10 109
10 110
10 113
10 117
10 118
10 122
10 123
10 124
10 125
10 127
11 39
11 79
11 103
12 0
12 4
12 5
12 8
12 10
12 13
12 16
12 17
12 18
12 19
12 20
12 21
12 24
12 25
12 27
12 28
12 32
12 33
12 34
12 42
12 43
12 44
12 46
12 48
12 49
12 51
12 54
12 55
12 56
12 60
12 65
12 66
12 67
12 68
12 69
12 70
12 71
12 72
12 73
12 78
12 80
12 81
12 82
12 83
12 85
12 89
12 90
12 93
12 94
12 99
12 100
12 101
12 102
12 106
12 108
12 109
12 110
12 113
12 117
12 118
12 122
12 123
12 124
12 125
12 127
13 0
13 4
13 5
13 8
13 10
13 12
13 16
13 17
13 18
13 19
13 20
13 21
13 24
13 25
13 27
13 28
13 32
13 33
13 34
13 42
13 43
13 44
13 46
13 48
13 49
13 51
13 54
13 55
13 56
13 60
13 65
13 66
13 67
13 68
13 69
13 70
13 71
13 72
13 73
13 78
13 80
13 81
13 82
13 83
13 85
13 89
13 90
13 93
13 94
13 99
13 100
13 101
13 102
13 106
13 108
13 109
13 110
13 113
13 117
13 118
13 122
13 123
13 124
13 125
13 127
14 35
16 0
16 4
16 5
16 8
16 10
16 12
16 13
16 17
16 18
16 19
16 20
16 21
16 24
16 25
16 27
16 28
16 32
16 33
16 34
16 42
16 43
16 44
16 46
16 48
16 49
16 51
16 54
16 55
16 56
16 60
16 65
16 66
16 67
16 68
16 69
16 70
16 71
16 72
16 73
16 78
16 80
16 81
16 82
16 83
16 85
16 89
16 90
16 93
16 94
16 99
16 100
16 101
16 102
16 106
16 108
16 109
16 110
16 113
16 117
16 118
16 122
16 123
16 124
16 125
16 127
17 0
17 4
17 5
17 8
17 10
17 12
17 13
17 16
17 18
17 19
17 20
17 21
17 24
17 25
17 27
17 28
17 32
17 33
17 34
17 42
17 43
17 44
17 46
17 48
17 49
17 51
17 54
17 55
17 56
17 60
17 65
17 66
17 67
17 68
17 69
17 70
17 71
17 72
17 73
17 78
17 80
17 81
17 82
17 83
17 85
17 89
17 90
17 93
17 94
17 99
17 100
17 101
17 102
17 106
17 108
17 109
17 110
17 113
17 117
17 118
17 122
17 123
17 124
17 125
17 127
18 0
18 4
18 5
18 8
18 10
18 12
18 13
18 16
18 17
18 19
18 20
18 21
18 24
18 25
18 27
18 28
18 32
18 33
18 34
18 42
18 43
18 44
18 46
18 48
18 49
18 51
18 54
18 55
18 56
18 60
18 65
18 66
18 67
18 68
18 69
18 70
18 71
18 72
18 73
18 78
18 80
18 81
18 82
18 83
18 85
18 89
18 90
18 93
18 94
18 99
18 100
18 101
18 102
18 106
18 108
18 109
18 110
18 113
18 117
18 118
18 122
18 123
18 124
18 125
18 127
19 0
19 4
19 5
19 8
19 10
19 12
19 13
19 16
19 17
19 18
19 20
19 21
19 24
19 25
19 27
19 28
19 32
19 33
19 34
19 42
19 43
19 44
19 46
19 48
19 49
19 51
19 54
19 55
19 56
19 60
19 65
19 66
19 67
19 68
19 69
19 70
19 71
19 72
19 73
19 78
19 80
19 81
19 82
19 83
19 85
19 89
19 90
19 93
19 94
19 99
19 100
19 101
19 102
19 106
19 108
19 109
19 110
19 113
19 117
19 118
19 122
19 123
19 124
19 125
19 127
20 0
20 4
20 5
20 8
20 10
20 12
20 13
20 16
20 17
20 18
20 19
20 21
20 24
20 25
20 27
20 28
20 32
20 33
20 34
20 42
20 43
20 44
20 46
20 48
20 49
20 51
20 54
20 55
20 56
20 60
20 65
20 66
20 67
20 68
20 69
20 70
20 71
20 72
20 73
20 78
20 80
20 81
20 82
20 83
20 85
20 89
20 90
20 93
20 94
20 99
20 100
20 101
20 102
20 106
20 108
20 109
20 110
20 113
20 117
20 118
20 122
20 123
20 124
20 125
20 127
21 0
21 4
21 5
21 8
21 10
21 12
21 13
21 16
21 17
21 18
21 19
21 20
21 24
21 25
21 27
21 28
21 32
21 33
21 34
21 42
21 43
21 44
21 46
21 48
21 49
21 51
21 54
21 55
21 56
21 60
21 65
21 66
21 67
21 68
21 69
21 70
21 71
21 72
21 73
21 78
21 80
21 81
21 82
21 83
21 85
21 89
21 90
21 93
21 94
21 99
21 100
21 101
21 102
21 106
21 108
21 109
21 110
21 113
21 117
21 118
21 122
21 123
21 124
21 125
21 127
22 63
24 0
24 4
24 5
24 8
24 10
24 12
24 13
24 16
24 17
24 18
24 19
24 20
24 21
24 25
24 27
24 28
24 32
24 33
24 34
24 42
24 43
24 44
24 46
24 48
24 49
24 51
24 54
24 55
24 56
24 60
24 65
24 66
24 67
24 68
24 69
24 70
24 71
24 72
24 73
24 78
24 80
24 81
24 82
24 83
24 85
24 89
24 90
24 93
24 94
24 99
24 100
24 101
24 102
24 106
24 108
24 109
24 110
24 113
24 117
24 118
24 122
24 123
24 124
24 125
24 127
25 0
25 4
25 5
25 8
25 10
25 12
25 13
25 16
25 17
25 18
25 19
25 20
25 21
25 24
25 27
25 28
25 32
25 33
25 34
25 42
25 43
25 44
25 46
25 48
25 49
25 51
25 54
25 55
25 56
25 60
25 65
25 66
25 67
25 68
25 69
25 70
25 71
25 72
25 73
25 78
25 80
25 81
25 82
25 83
25 85
25 89
25 90
25 93
25 94
25 99
25 100
25 101
25 102
25 106
25 108
25 109
25 110
25 113
25 117
25 118
25 122
25 123
25 124
25 125
25 127
26 59
26 120
27 0
27 4
27 5
27 8
27 10
27 12
27 13
27 16
27 17
27 18
27 19
27 20
27 21
27 24
27 25
27 28
27 32
27 33
27 34
27 42
27 43
27 44
27 46
27 48
27 49
27 51
27 54
27 55
27 56
27 60
27 65
27 66
27 67
27 68
27 69
27 70
27 71
27 72
27 73
27 78
27 80
27 81
27 82
27 83
27 85
27 89
27 90
27 93
27 94
27 99
27 100
27 101
27 102
27 106
27 108
27 109
27 110
27 113
27 117
27 118
27 122
27 123
27 124
27 125
27 127
28 0
28 4
28 5
28 8
28 10
28 12
28 13
28 16
28 17
28 18
28 19
28 20
28 21
28 24
28 25
28 27
28 32
28 33
28 34
28 42
28 43
28 44
28 46
28 48
28 49
28 51
28 54
28 55
28 56
28 60
28 65
28 66
28 67
28 68
28 69
28 70
28 71
28 72
28 73
28 78
28 80
28 81
28 82
28 83
28 85
28 89
28 90
28 93
28 94
28 99
28 100
28 101
28 102
28 106
28 108
28 109
28 110
28 113
28 117
28 118
28 122
28 123
28 124
28 125
28 127
29 64
30 6
30 104
32 0
32 4
32 5
32 8
32 10
32 12
32 13
32 16
32 17
32 18
32 19
32 20
32 21
32 24
32 25
32 27
32 28
32 33
32 34
32 42
32 43
32 44
32 46
32 48
32 49
32 51
32 54
32 55
32 56
32 60
32 65
32 66
32 67
32 68
32 69
32 70
32 71
32 72
32 73
32 78
32 80
32 81
32 82
32 83
32 85
32 89
32 90
32 93
32 94
32 99
32 100
32 101
32 102
32 106
32 108
32 109
32 110
32 113
32 117
32 118
32 122
32 123
32 124
32 125
32 127
33 0
33 4
33 5
33 8
33 10
33 12
33 13
33 16
33 17
33 18
33 19
33 20
33 21
33 24
33 25
33 27
33 28
33 32
33 34
33 42
33 43
33 44
33 46
33 48
33 49
33 51
33 54
33 55
33 56
33 60
33 65
33 66
33 67
33 68
33 69
33 70
33 71
33 72
33 73
33 78
33 80
33 81
33 82
33 83
33 85
33 89
33 90
33 93
33 94
33 99
33 100
33 101
33 102
33 106
33 108
33 109
33 110
33 113
33 117
33 118
33 122
33 123
33 124
33 125
33 127
34 0
34 4
34 5
34 8
34 10
34 12
34 13
34 16
34 17
34 18
34 19
34 20
34 21
34 24
34 25
34 27
34 28
34 32
34 33
34 42
34 43
34 44
34 46
34 48
34 49
34 51
34 54
34 55
34 56
34 60
34 65
34 66
34 67
34 68
34 69
34 70
34 71
34 72
34 73
34 78
34 80
34 81
34 82
34 83
34 85
34 89
34 90
34 93
34 94
34 99
34 100
34 101
34 102
34 106
34 108
34 109
34 110
34 113
34 117
34 118
34 122
34 123
34 124
34 125
34 127
35 14
38 62
38 107
39 11
39 79
39 103
40 3
41 45
41 84
41 86
42 0
42 4
42 5
42 8
42 10
42 12
42 13
42 16
42 17
42 18
42 19
42 20
42 21
42 24
42 25
42 27
42 28
42 32
42 33
42 34
42 43
42 44
42 46
42 48
42 49
42 51
42 54
42 55
42 56
42 60
42 65
42 66
42 67
42 68
42 69
42 70
42 71
42 72
42 73
42 78
42 80
42 81
42 82
42 83
42 85
42 89
42 90
42 93
42 94
42 99
42 100
42 101
42 102
42 106
42 108
42 109
42 110
42 113
42 117
42 118
42 122
42 123
42 124
42 125
42 127
43 0
43 4
43 5
43 8
43 10
43 12
43 13
43 16
43 17
43 18
43 19
43 20
43 21
43 24
43 25
43 27
43 28
43 32
43 33
43 34
43 42
43 44
43 46
43 48
43 49
43 51
43 54
43 55
43 56
43 60
43 65
43 66
43 67
43 68
43 69
43 70
43 71
43 72
43 73
43 78
43 80
43 81
43 82
43 83
43 85
43 89
43 90
43 93
43 94
43 99
43 100
43 101
43 102
43 106
43 108
43 109
43 110
43 113
43 117
43 118
43 122
43 123
43 124
43 125
43 127
44 0
44 4
44 5
44 8
44 10
44 12
44 13
44 16
44 17
44 18
44 19
44 20
44 21
44 24
44 25
44 27
44 28
44 32
44 33
44 34
44 42
44 43
44 46
44 48
44 49
44 51
44 54
44 55
44 56
44 60
44 65
44 66
44 67
44 68
44 69
44 70
44 71
44 72
44 73
44 78
44 80
44 81
44 82
44 83
44 85
44 89
44 90
44 93
44 94
44 99
44 100
44 101
44 102
44 106
44 108
44 109
44 110
44 113
44 117
44 118
44 122
44 123
44 124
44 125
44 127
45 41
45 84
45 86
46 0
46 4
46 5
46 8
46 10
46 12
46 13
46 16
46 17
46 18
46 19
46 20
46 21
46 24
46 25
46 27
46 28
46 32
46 33
46 34
46 42
46 43
46 44
46 48
46 49
46 51
46 54
46 55
46 56
46 60
46 65
46 66
46 67
46 68
46 69
46 70
46 71
46 72
46 73
46 78
46 80
46 81
46 82
46 83
46 85
46 89
46 90
46 93
46 94
46 99
46 100
46 101
46 102
46 106
46 108
46 109
46 110
46 113
46 117
46 118
46 122
46 123
46 124
46 125
46 127
48 0
48 4
48 5
48 8
48 10
48 12
48 13
48 16
48 17
48 18
48 19
48 20
48 21
48 24
48 25
48 27
48 28
48 32
48 33
48 34
48 42
48 43
48 44
48 46
48 49
48 51
48 54
48 55
48 56
48 60
48 65
48 66
48 67
48 68
48 69
48 70
48 71
48 72
48 73
48 78
48 80
48 81
48 82
48 83
48 85
48 89
48 90
48 93
48 94
48 99
48 100
48 101
48 102
48 106
48 108
48 109
48 110
48 113
48 117
48 118
48 122
48 123
48 124
48 125
48 127
49 0
49 4
49 5
49 8
49 10
49 12
49 13
49 16
49 17
49 18
49 19
49 20
49 21
49 24
49 25
49 27
49 28
49 32
49 33
49 34
49 42
49 43
49 44
49 46
49 48
49 51
49 54
49 55
49 56
49 60
49 65
49 66
49 67
49 68
49 69
49 70
49 71
49 72
49 73
49 78
49 80
49 81
49 82
49 83
49 85
49 89
49 90
49 93
49 94
49 99
49 100
49 101
49 102
49 106
49 108
49 109
49 110
49 113
49 117
49 118
49 122
49 123
49 124
49 125
49 127
50 121
51 0
51 4
51 5
51 8
51 10
51 12
51 13
51 16
51 17
51 18
51 19
51 20
51 21
51 24
51 25
51 27
51 28
51 32
51 33
51 34
51 42
51 43
51 44
51 46
51 48
51 49
51 54
51 55
51 56
51 60
51 65
51 66
51 67
51 68
51 69
51 70
51 71
51 72
51 73
51 78
51 80
51 81
51 82
51 83
51 85
51 89
51 90
51 93
51 94
51 99
51 100
51 101
51 102
51 106
51 108
51 109
51 110
51 113
51 117
51 118
51 122
51 123
51 124
51 125
51 127
52 87
54 0
54 4
54 5
54 8
54 10
54 12
54 13
54 16
54 17
54 18
54 19
54 20
54 21
54 24
54 25
54 27
54 28
54 32
54 33
54 34
54 42
54 43
54 44
54 46
54 48
54 49
54 51
54 55
54 56
54 60
54 65
54 66
54 67
54 68
54 69
54 70
54 71
54 72
54 73
54 78
54 80
54 81
54 82
54 83
54 85
54 89
54 90
54 93
54 94
54 99
54 100
54 101
54 102
54 106
54 108
54 109
54 110
54 113
54 117
54 118
54 122
54 123
54 124
54 125
54 127
55 0
55 4
55 5
55 8
55 10
55 12
55 13
55 16
55 17
55 18
55 19
55 20
55 21
55 24
55 25
55 27
55 28
55 32
55 33
55 34
55 42
55 43
55 44
55 46
55 48
55 49
55 51
55 54
55 56
55 60
55 65
55 66
55 67
55 68
55 69
55 70
55 71
55 72
55 73
55 78
55 80
55 81
55 82
55 83
55 85
55 89
55 90
55 93
55 94
55 99
55 100
55 101
55 102
55 106
55 108
55 109
55 110
55 113
55 117
55 118
55 122
55 123
55 124
55 125
55 127
56 0
56 4
56 5
56 8
56 10
56 12
56 13
56 16
56 17
56 18
56 19
56 20
56 21
56 24
56 25
56 27
56 28
56 32
56 33
56 34
56 42
56 43
56 44
56 46
56 48
56 49
56 51
56 54
56 55
56 60
56 65
56 66
56 67
56 68
56 69
56 70
56 71
56 72
56 73
56 78
56 80
56 81
56 82
56 83
56 85
56 89
56 90
56 93
56 94
56 99
56 100
56 101
56 102
56 106
56 108
56 109
56 110
56 113
56 117
56 118
56 122
56 123
56 124
56 125
56 127
59 26
59 120
60 0
60 4
60 5
60 8
60 10
60 12
60 13
60 16
60 17
60 18
60 19
60 20
60 21
60 24
60 25
60 27
60 28
60 32
60 33
60 34
60 42
60 43
60 44
60 46
60 48
60 49
60 51
60 54
60 55
60 56
60 65
60 66
60 67
60 68
60 69
60 70
60 71
60 72
60 73
60 78
60 80
60 81
60 82
60 83
60 85
60 89
60 90
60 93
60 94
60 99
60 100
60 101
60 102
60 106
60 108
60 109
60 110
60 113
60 117
60 118
60 122
60 123
60 124
60 125
60 127
61 88
62 38
62 107
63 22
64 29
65 0
65 4
65 5
65 8
65 10
65 12
65 13
65 16
65 17
65 18
65 19
65 20
65 21
65 24
65 25
65 27
65 28
65 32
65 33
65 34
65 42
65 43
65 44
65 46
65 48
65 49
65 51
65 54
65 55
65 56
65 60
65 66
65 67
65 68
65 69
65 70
65 71
65 72
65 73
65 78
65 80
65 81
65 82
65 83
65 85
65 89
65 90
65 93
65 94
65 99
65 100
65 101
65 102
65 106
65 108
65 109
65 110
65 113
65 117
65 118
65 122
65 123
65 124
65 125
65 127
66 0
66 4
66 5
66 8
66 10
66 12
66 13
66 16
66 17
66 18
66 19
66 20
66 21
66 24
66 25
66 27
66 28
66 32
66 33
66 34
66 42
66 43
66 44
66 46
66 48
66 49
66 51
66 54
66 55
66 56
66 60
66 65
66 67
66 68
66 69
66 70
66 71
66 72
66 73
66 78
66 80
66 81
66 82
66 83
66 85
66 89
66 90
66 93
66 94
66 99
66 100
66 101
66 102
66 106
66 108
66 109
66 110
66 113
66 117
66 118
66 122
66 123
66 124
66 125
66 127
67 0
67 4
67 5
67 8
67 10
67 12
67 13
67 16
67 17
67 18
67 19
67 20
67 21
67 24
67 25
67 27
67 28
67 32
67 33
67 34
67 42
67 43
67 44
67 46
67 48
67 49
67 51
67 54
67 55
67 56
67 60
67 65
67 66
67 68
67 69
67 70
67 71
67 72
67 73
67 78
67 80
67 81
67 82
67 83
67 85
67 89
67 90
67 93
67 94
67 99
67 100
67 101
67 102
67 106
67 108
67 109
67 110
67 113
67 117
67 118
67 122
67 123
67 124
67 125
67 127
68 0
68 4
68 5
68 8
68 10
68 12
68 13
68 16
68 17
68 18
68 19
68 20
68 21
68 24
68 25
68 27
68 28
68 32
68 33
68 34
68 42
68 43
68 44
68 46
68 48
68 49
68 51
68 54
68 55
68 56
68 60
68 65
68 66
68 67
68 69
68 70
68 71
68 72
68 73
68 78
68 80
68 81
68 82
68 83
68 85
68 89
68 90
68 93
68 94
68 99
68 100
68 101
68 102
68 106
68 108
68 109
68 110
68 113
68 117
68 118
68 122
68 123
68 124
68 125
68 127
69 0
69 4
69 5
69 8
69 10
69 12
69 13
69 16
69 17
69 18
69 19
69 20
69 21
69 24
69 25
69 27
69 28
69 32
69 33
69 34
69 42
69 43
69 44
69 46
69 48
69 49
69 51
69 54
69 55
69 56
69 60
69 65
69 66
69 67
69 68
69 70
69 71
69 72
69 73
69 78
69 80
69 81
69 82
69 83
69 85
69 89
69 90
69 93
69 94
69 99
69 100
69 101
69 102
69 106
69 108
69 109
69 110
69 113
69 117
69 118
69 122
69 123
69 124
69 125
69 127
70 0
70 4
70 5
70 8
70 10
70 12
70 13
70 16
70 17
70 18
70 19
70 20
70 21
70 24
70 25
70 27
70 28
70 32
70 33
70 34
70 42
70 43
70 44
70 46
70 48
70 49
70 51
70 54
70 55
70 56
70 60
70 65
70 66
70 67
70 68
70 69
70 71
70 72
70 73
70 78
70 80
70 81
70 82
70 83
70 85
70 89
70 90
70 93
70 94
70 99
70 100
70 101
70 102
70 106
70 108
70 109
70 110
70 113
70 117
70 118
70 122
70 123
70 124
70 125
70 127
71 0
71 4
71 5
71 8
71 10
71 12
71 13
71 16
71 17
71 18
71 19
71 20
71 21
71 24
71 25
71 27
71 28
71 32
71 33
71 34
71 42
71 43
71 44
71 46
71 48
71 49
71 51
71 54
71 55
71 56
71 60
71 65
71 66
71 67
71 68
71 69
71 70
71 72
71 73
71 78
71 80
71 81
71 82
71 83
71 85
71 89
71 90
71 93
71 94
71 99
71 100
71 101
71 102
71 106
71 108
71 109
71 110
71 113
71 117
71 118
71 122
71 123
71 124
71 125
71 127
72 0
72 4
72 5
72 8
72 10
72 12
72 13
72 16
72 17
72 18
72 19
72 20
72 21
72 24
72 25
72 27
72 28
72 32
72 33
72 34
72 42
72 43
72 44
72 46
72 48
72 49
72 51
72 54
72 55
72 56
72 60
72 65
72 66
72 67
72 68
72 69
72 70
72 71
72 73
72 78
72 80
72 81
72 82
72 83
72 85
72 89
72 90
72 93
72 94
72 99
72 100
72 101
72 102
72 106
72 108
72 109
72 110
72 113
72 117
72 118
72 122
72 123
72 124
72 125
72 127
73 0
73 4
73 5
73 8
73 10
73 12
73 13
73 16
73 17
73 18
73 19
73 20
73 21
73 24
73 25
73 27
73 28
73 32
73 33
73 34
73 42
73 43
73 44
73 46
73 48
73 49
73 51
73 54
73 55
73 56
73 60
73 65
73 66
73 67
73 68
73 69
73 70
73 71
73 72
73 78
73 80
73 81
73 82
73 83
73 85
73 89
73 90
73 93
73 94
73 99
73 100
73 101
73 102
73 106
73 108
73 109
73 110
73 113
73 117
73 118
73 122
73 123
73 124
73 125
73 127
74 115
78 0
78 4
78 5
78 8
78 10
78 12
78 13
78 16
78 17
78 18
78 19
78 20
78 21
78 24
78 25
78 27
78 28
78 32
78 33
78 34
78 42
78 43
78 44
78 46
78 48
78 49
78 51
78 54
78 55
78 56
78 60
78 65
78 66
78 67
78 68
78 69
78 70
78 71
78 72
78 73
78 80
78 81
78 82
78 83
78 85
78 89
78 90
78 93
78 94
78 99
78 100
78 101
78 102
78 106
78 108
78 109
78 110
78 113
78 117
78 118
78 122
78 123
78 124
78 125
78 127
79 11
79 39
79 103
80 0
80 4
80 5
80 8
80 10
80 12
80 13
80 16
80 17
80 18
80 19
80 20
80 21
80 24
80 25
80 27
80 28
80 32
80 33
80 34
80 42
80 43
80 44
80 46
80 48
80 49
80 51
80 54
80 55
80 56
80 60
80 65
80 66
80 67
80 68
80 69
80 70
80 71
80 72
80 73
80 78
80 81
80 82
80 83
80 85
80 89
80 90
80 93
80 94
80 99
80 100
80 101
80 102
80 106
80 108
80 109
80 110
80 113
80 117
80 118
80 122
80 123
80 124
80 125
80 127
81 0
81 4
81 5
81 8
81 10
81 12
81 13
81 16
81 17
81 18
81 19
81 20
81 21
81 24
81 25
81 27
81 28
81 32
81 33
81 34
81 42
81 43
81 44
81 46
81 48
81 49
81 51
81 54
81 55
81 56
81 60
81 65
81 66
81 67
81 68
81 69
81 70
81 71
81 72
81 73
81 78
81 80
81 82
81 83
81 85
81 89
81 90
81 93
81 94
81 99
81 100
81 101
81 102
81 106
81 108
81 109
81 110
81 113
81 117
81 118
81 122
81 123
81 124
81 125
81 127
82 0
82 4
82 5
82 8
82 10
82 12
82 13
82 16
82 17
82 18
82 19
82 20
82 21
82 24
82 25
82 27
82 28
82 32
82 33
82 34
82 42
82 43
82 44
82 46
82 48
82 49
82 51
82 54
82 55
82 56
82 60
82 65
82 66
82 67
82 68
82 69
82 70
82 71
82 72
82 73
82 78
82 80
82 81
82 83
82 85
82 89
82 90
82 93
82 94
82 99
82 100
82 101
82 102
82 106
82 108
82 109
82 110
82 113
82 117
82 118
82 122
82 123
82 124
82 125
82 127
83 0
83 4
83 5
83 8
83 10
83 12
83 13
83 16
83 17
83 18
83 19
83 20
83 21
83 24
83 25
83 27
83 28
83 32
83 33
83 34
83 42
83 43
83 44
83 46
83 48
83 49
83 51
83 54
83 55
83 56
83 60
83 65
83 66
83 67
83 68
83 69
83 70
83 71
83 72
83 73
83 78
83 80
83 81
83 82
83 85
83 89
83 90
83 93
83 94
83 99
83 100
83 101
83 102
83 106
83 108
83 109
83 110
83 113
83 117
83 118
83 122
83 123
83 124
83 125
83 127
84 41
84 45
84 86
85 0
85 4
85 5
85 8
85 10
85 12
85 13
85 16
85 17
85 18
85 19
85 20
85 21
85 24
85 25
85 27
85 28
85 32
85 33
85 34
85 42
85 43
85 44
85 46
85 48
85 49
85 51
85 54
85 55
85 56
85 60
85 65
85 66
85 67
85 68
85 69
85 70
85 71
85 72
85 73
85 78
85 80
85 81
85 82
85 83
85 89
85 90
85 93
85 94
85 99
85 100
85 101
85 102
85 106
85 108
85 109
85 110
85 113
85 117
85 118
85 122
85 123
85 124
85 125
85 127
86 41
86 45
86 84
87 52
88 61
89 0
89 4
89 5
89 8
89 10
89 12
89 13
89 16
89 17
89 18
89 19
89 20
89 21
89 24
89 25
89 27
89 28
89 32
89 33
89 34
89 42
89 43
89 44
89 46
89 48
89 49
89 51
89 54
89 55
89 56
89 60
89 65
89 66
89 67
89 68
89 69
89 70
89 71
89 72
89 73
89 78
89 80
89 81
89 82
89 83
89 85
89 90
89 93
89 94
89 99
89 100
89 101
89 102
89 106
89 108
89 109
89 110
89 113
89 117
89 118
89 122
89 123
89 124
89 125
89 127
90 0
90 4
90 5
90 8
90 10
90 12
90 13
90 16
90 17
90 18
90 19
90 20
90 21
90 24
90 25
90 27
90 28
90 32
90 33
90 34
90 42
90 43
90 44
90 46
90 48
90 49
90 51
90 54
90 55
90 56
90 60
90 65
90 66
90 67
90 68
90 69
90 70
90 71
90 72
90 73
90 78
90 80
90 81
90 82
90 83
90 85
90 89
90 93
90 94
90 99
90 100
90 101
90 102
90 106
90 108
90 109
90 110
90 113
90 117
90 118
90 122
90 123
90 124
90 125
90 127
93 0
93 4
93 5
93 8
93 10
93 12
93 13
93 16
93 17
93 18
93 19
93 20
93 21
93 24
93 25
93 27
93 28
93 32
93 33
93 34
93 42
93 43
93 44
93 46
93 48
93 49
93 51
93 54
93 55
93 56
93 60
93 65
93 66
93 67
93 68
93 69
93 70
93 71
93 72
93 73
93 78
93 80
93 81
93 82
93 83
93 85
93 89
93 90
93 94
93 99
93 100
93 101
93 102
93 106
93 108
93 109
93 110
93 113
93 117
93 118
93 122
93 123
93 124
93 125
93 127
94 0
94 4
94 5
94 8
94 10
94 12
94 13
94 16
94 17
94 18
94 19
94 20
94 21
94 24
94 25
94 27
94 28
94 32
94 33
94 34
94 42
94 43
94 44
94 46
94 48
94 49
94 51
94 54
94 55
94 56
94 60
94 65
94 66
94 67
94 68
94 69
94 70
94 71
94 72
94 73
94 78
94 80
94 81
94 82
94 83
94 85
94 89
94 90
94 93
94 99
94 100
94 101
94 102
94 106
94 108
94 109
94 110
94 113
94 117
94 118
94 122
94 123
94 124
94 125
94 127
95 112
97 114
99 0
99 4
99 5
99 8
99 10
99 12
99 13
99 16
99 17
99 18
99 19
99 20
99 21
99 24
99 25
99 27
99 28
99 32
99 33
99 34
99 42
99 43
99 44
99 46
99 48
99 49
99 51
99 54
99 55
99 56
99 60
99 65
99 66
99 67
99 68
99 69
99 70
99 71
99 72
99 73
99 78
99 80
99 81
99 82
99 83
99 85
99 89
99 90
99 93
99 94
99 100
99 101
99 102
99 106
99 108
99 109
99 110
99 113
99 117
99 118
99 122
99 123
99 124
99 125
99 127
100 0
100 4
100 5
100 8
100 10
100 12
100 13
100 16
100 17
100 18
100 19
100 20
100 21
100 24
100 25
100 27
100 28
100 32
100 33
100 34
100 42
100 43
100 44
100 46
100 48
100 49
100 51
100 54
100 55
100 56
100 60
100 65
100 66
100 67
100 68
100 69
100 70
100 71
100 72
100 73
100 78
100 80
100 81
100 82
100 83
100 85
100 89
100 90
100 93
100 94
100 99
100 101
100 102
100 106
100 108
100 109
100 110
100 113
100 117
100 118
100 122
100 123
100 124
100 125
100 127
101 0
101 4
101 5
101 8
101 10
101 12
101 13
101 16
101 17
101 18
101 19
101 20
101 21
101 24
101 25
101 27
101 28
101 32
101 33
101 34
101 42
101 43
101 44
101 46
101 48
101 49
101 51
101 54
101 55
101 56
101 60
101 65
101 66
101 67
101 68
101 69
101 70
101 71
101 72
101 73
101 78
101 80
101 81
101 82
101 83
101 85
101 89
101 90
101 93
101 94
101 99
101 100
101 102
101 106
101 108
101 109
101 110
101 113
101 117
101 118
101 122
101 123
101 124
101 125
101 127
102 0
102 4
102 5
102 8
102 10
102 12
102 13
102 16
102 17
102 18
102 19
102 20
102 21
102 24
102 25
102 27
102 28
102 32
102 33
102 34
102 42
102 43
102 44
102 46
102 48
102 49
102 51
102 54
102 55
102 56
102 60
102 65
102 66
102 67
102 68
102 69
102 70
102 71
102 72
102 73
102 78
102 80
102 81
102 82
102 83
102 85
102 89
102 90
102 93
102 94
102 99
102 100
102 101
102 106
102 108
102 109
102 110
102 113
102 117
102 118
102 122
102 123
102 124
102 125
102 127
103 11
103 39
103 79
104 6
104 30
106 0
106 4
106 5
106 8
106 10
106 12
106 13
106 16
106 17
106 18
106 19
106 20
106 21
106 24
106 25
106 27
106 28
106 32
106 33
106 34
106 42
106 43
106 44
106 46
106 48
106 49
106 51
106 54
106 55
106 56
106 60
106 65
106 66
106 67
106 68
106 69
106 70
106 71
106 72
106 73
106 78
106 80
106 81
106 82
106 83
106 85
106 89
106 90
106 93
106 94
106 99
106 100
106 101
106 102
106 108
106 109
106 110
106 113
106 117
106 118
106 122
106 123
106 124
106 125
106 127
107 38
107 62
108 0
108 4
108 5
108 8
108 10
108 12
108 13
108 16
108 17
108 18
108 19
108 20
108 21
108 24
108 25
108 27
108 28
108 32
108 33
108 34
108 42
108 43
108 44
108 46
108 48
108 49
108 51
108 54
108 55
108 56
108 60
108 65
108 66
108 67
108 68
108 69
108 70
108 71
108 72
108 73
108 78
108 80
108 81
108 82
108 83
108 85
108 89
108 90
108 93
108 94
108 99
108 100
108 101
108 102
108 106
108 109
108 110
108 113
108 117
108 118
108 122
108 123
108 124
108 125
108 127
109 0
109 4
109 5
109 8
109 10
109 12
109 13
109 16
109 17
109 18
109 19
109 20
109 21
109 24
109 25
109 27
109 28
109 32
109 33
109 34
109 42
109 43
109 44
109 46
109 48
109 49
109 51
109 54
109 55
109 56
109 60
109 65
109 66
109 67
109 68
109 69
109 70
109 71
109 72
109 73
109 78
109 80
109 81
109 82
109 83
109 85
109 89
109 90
109 93
109 94
109 99
109 100
109 101
109 102
109 106
109 108
109 110
109 113
109 117
109 118
109 122
109 123
109 124
109 125
109 127
110 0
110 4
110 5
110 8
110 10
110 12
110 13
110 16
110 17
110 18
110 19
110 20
110 21
110 24
110 25
110 27
110 28
110 32
110 33
110 34
110 42
110 43
110 44
110 46
110 48
110 49
110 51
110 54
110 55
110 56
110 60
110 65
110 66
110 67
110 68
110 69
110 70
110 71
110 72
110 73
110 78
110 80
110 81
110 82
110 83
110 85
110 89
110 90
110 93
110 94
110 99
110 100
110 101
110 102
110 106
110 108
110 109
110 113
110 117
110 118
110 122
110 123
110 124
110 125
110 127
111 2
112 95
113 0
113 4
113 5
113 8
113 10
113 12
113 13
113 16
113 17
113 18
113 19
113 20
113 21
113 24
113 25
113 27
113 28
113 32
113 33
113 34
113 42
113 43
113 44
113 46
113 48
113 49
113 51
113 54
113 55
113 56
113 60
113 65
113 66
113 67
113 68
113 69
113 70
113 71
113 72
113 73
113 78
113 80
113 81
113 82
113 83
113 85
113 89
113 90
113 93
113 94
113 99
113 100
113 101
113 102
113 106
113 108
113 109
113 110
113 117
113 118
113 122
113 123
113 124
113 125
113 127
114 97
115 74
117 0
117 4
117 5
117 8
117 10
117 12
117 13
117 16
117 17
117 18
117 19
117 20
117 21
117 24
117 25
117 27
117 28
117 32
117 33
117 34
117 42
117 43
117 44
117 46
117 48
117 49
117 51
117 54
117 55
117 56
117 60
117 65
117 66
117 67
117 68
117 69
117 70
117 71
117 72
117 73
117 78
117 80
117 81
117 82
117 83
117 85
117 89
117 90
117 93
117 94
117 99
117 100
117 101
117 102
117 106
117 108
117 109
117 110
117 113
117 118
117 122
117 123
117 124
117 125
117 127
118 0
118 4
118 5
118 8
118 10
118 12
118 13
118 16
118 17
118 18
118 19
118 20
118 21
118 24
118 25
118 27
118 28
118 32
118 33
118 34
118 42
118 43
118 44
118 46
118 48
118 49
118 51
118 54
118 55
118 56
118 60
118 65
118 66
118 67
118 68
118 69
118 70
118 71
118 72
118 73
118 78
118 80
118 81
118 82
118 83
118 85
118 89
118 90
118 93
118 94
118 99
118 100
118 101
118 102
118 106
118 108
118 109
118 110
118 113
118 117
118 122
118 123
118 124
118 125
118 127
120 26
120 59
121 50
122 0
122 4
122 5
122 8
122 10
122 12
122 13
122 16
122 17
122 18
122 19
122 20
122 21
122 24
122 25
122 27
122 28
122 32
122 33
122 34
122 42
122 43
122 44
122 46
122 48
122 49
122 51
122 54
122 55
122 56
122 60
122 65
122 66
122 67
122 68
122 69
122 70
122 71
122 72
122 73
122 78
122 80
122 81
122 82
122 83
122 85
122 89
122 90
122 93
122 94
122 99
122 100
122 101
122 102
122 106
122 108
122 109
122 110
122 113
122 117
122 118
122 123
122 124
122 125
122 127
123 0
123 4
123 5
123 8
123 10
123 12
123 13
123 16
123 17
123 18
123 19
123 20
123 21
123 24
123 25
123 27
123 28
123 32
123 33
123 34
123 42
123 43
123 44
123 46
123 48
123 49
123 51
123 54
123 55
123 56
123 60
123 65
123 66
123 67
123 68
123 69
123 70
123 71
123 72
123 73
123 78
123 80
123 81
123 82
123 83
123 85
123 89
123 90
123 93
123 94
123 99
123 100
123 101
123 102
123 106
123 108
123 109
123 110
123 113
123 117
123 118
123 122
123 124
123 125
123 127
124 0
124 4
124 5
124 8
124 10
124 12
124 13
124 16
124 17
124 18
124 19
124 20
124 21
124 24
124 25
124 27
124 28
124 32
124 33
124 34
124 42
124 43
124 44
124 46
124 48
124 49
124 51
124 54
124 55
124 56
124 60
124 65
124 66
124 67
124 68
124 69
124 70
124 71
124 72
124 73
124 78
124 80
124 81
124 82
124 83
124 85
124 89
124 90
124 93
124 94
124 99
124 100
124 101
124 102
124 106
124 108
124 109
124 110
124 113
124 117
124 118
124 122
124 123
124 125
124 127
125 0
125 4
125 5
125 8
125 10
125 12
125 13
125 16
125 17
125 18
125 19
125 20
125 21
125 24
125 25
125 27
125 28
125 32
125 33
125 34
125 42
125 43
125 44
125 46
125 48
125 49
125 51
125 54
125 55
125 56
125 60
125 65
125 66
125 67
125 68
125 69
125 70
125 71
125 72
125 73
125 78
125 80
125 81
125 82
125 83
125 85
125 89
125 90
125 93
125 94
125 99
125 100
125 101
125 102
125 106
125 108
125 109
125 110
125 113
125 117
125 118
125 122
125 123
125 124
125 127
127 0
127 4
127 5
127 8
127 10
127 12
127 13
127 16
127 17
127 18
127 19
127 20
127 21
127 24
127 25
127 27
127 28
127 32
127 33
127 34
127 42
127 43
127 44
127 46
127 48
127 49
127 51
127 54
127 55
127 56
127 60
127 65
127 66
127 67
127 68
127 69
127 70
127 71
127 72
127 73
127 78
127 80
127 81
127 82
127 83
127 85
127 89
127 90
127 93
127 94
127 99
127 100
127 101
127 102
127 106
127 108
127 109
127 110
127 113
127 117
127 118
127 122
127 123
127 124
127 125
