32 306
0 1
0 4
0 7
0 8
0 9
0 10
0 13
0 16
0 17
0 19
0 21
0 22
0 24
0 25
0 29
0 30
0 31
1 0
1 4
1 7
1 8
1 9
1 10
1 13
1 16
1 17
1 19
1 21
1 22
1 24
1 25
1 29
1 30
1 31
4 0
4 1
4 7
4 8
4 9
4 10
4 13
4 16
4 17
4 19
4 21
4 22
4 24
4 25
4 29
4 30
4 31
7 0
7 1
7 4
7 8
7 9
7 10
7 13
7 16
7 17
7 19
7 21
7 22
7 24
7 25
7 29
7 30
7 31
8 0
8 1
8 4
8 7
8 9
8 10
8 13
8 16
8 17
8 19
8 21
8 22
8 24
8 25
8 29
8 30
8 31
9 0
9 1
9 4
9 7
9 8
9 10
9 13
9 16
9 17
9 19
9 21
9 22
9 24
9 25
9 29
9 30
9 31
10 0
10 1
10 4
10 7
10 8
10 9
10 13
10 16
10 17
10 19
10 21
10 22
10 24
10 25
10 29
10 30
10 31
13 0
13 1
13 4
13 7
13 8
13 9
13 10
13 16
13 17
13 19
13 21
13 22
13 24
13 25
13 29
13 30
13 31
16 0
16 1
16 4
16 7
16 8
16 9
16 10
16 13
16 17
16 19
16 21
16 22
16 24
16 25
16 29
16 30
16 31
17 0
17 1
17 4
17 7
17 8
17 9
17 10
17 13
17 16
17 19
17 21
17 22
17 24
17 25
17 29
17 30
17 31
19 0
19 1
19 4
19 7
19 8
19 9
19 10
19 13
19 16
19 17
19 21
19 22
19 24
19 25
19 29
19 30
19 31
21 0
21 1
21 4
21 7
21 8
21 9
21 10
21 13
21 16
21 17
21 19
21 22
21 24
21 25
21 29
21 30
21 31
22 0
22 1
22 4
22 7
22 8
22 9
22 10
22 13
22 16
22 17
22 19
22 21
22 24
22 25
22 29
22 30
22 31
24 0
24 1
24 4
24 7
24 8
24 9
24 10
24 13
24 16
24 17
24 19
24 21
24 22
24 25
24 29
24 30
24 31
25 0
25 1
25 4
25 7
25 8
25 9
25 10
25 13
25 16
25 17
25 19
25 21
25 22
25 24
25 29
25 30
25 31
29 0
29 1
29 4
29 7
29 8
29 9
29 10
29 13
29 16
29 17
29 19
29 21
29 22
29 24
29 25
29 30
29 31
30 0
30 1
30 4
30 7
30 8
30 9
30 10
30 13
30 16
30 17
30 19
30 21
30 22
30 24
30 25
30 29
30 31
31 0
31 1
31 4
31 7
31 8
31 9
31 10
31 13
31 16
31 17
31 19
31 21
31 22
31 24
31 25
31 29
31 30
