128 5298
0 1
0 2
0 4
0 5
0 7
0 8
0 10
0 11
0 13
0 16
0 18
0 19
0 20
0 22
0 23
0 28
0 30
0 31
0 33
0 39
0 40
0 42
0 43
0 46
0 47
0 48
0 50
0 51
0 52
0 53
0 54
0 55
0 58
0 61
0 63
0 65
0 70
0 71
0 74
0 76
0 78
0 79
0 81
0 83
0 85
0 86
0 88
0 90
0 94
0 95
0 96
0 98
0 99
0 100
0 103
0 104
0 105
0 106
0 107
0 108
0 109
0 110
0 111
0 113
0 115
0 116
0 117
0 121
0 122
0 123
0 124
0 126
1 0
1 2
1 4
1 5
1 7
1 8
1 10
1 11
1 13
1 16
1 18
1 19
1 20
1 22
1 23
1 28
1 30
1 31
1 33
1 39
1 40
1 42
1 43
1 46
1 47
1 48
1 50
1 51
1 52
1 53
1 54
1 55
1 58
1 61
1 63
1 65
1 70
1 71
1 74
1 76
1 78
1 79
1 81
1 83
1 85
1 86
1 88
1 90
1 94
1 95
1 96
1 98
1 99
1 100
1 103
1 104
1 105
1 106
1 107
1 108
1 109
1 110
1 111
1 113
1 115
1 116
1 117
1 121
1 122
1 123
1 124
1 126
2 0
2 1
2 4
2 5
2 7
2 8
2 10
2 11
2 13
2 16
2 18
2 19
2 20
2 22
2 23
2 28
2 30
2 31
2 33
2 39
2 40
2 42
2 43
2 46
2 47
2 48
2 50
2 51
2 52
2 53
2 54
2 55
2 58
2 61
2 63
2 65
2 70
2 71
2 74
2 76
2 78
2 79
2 81
2 83
2 85
2 86
2 88
2 90
2 94
2 95
2 96
2 98
2 99
2 100
2 103
2 104
2 105
2 106
2 107
2 108
2 109
2 110
2 111
2 113
2 115
2 116
2 117
2 121
2 122
2 123
2 124
2 126
4 0
4 1
4 2
4 5
4 7
4 8
4 10
4 11
4 13
4 16
4 18
4 19
4 20
4 22
4 23
4 28
4 30
4 31
4 33
4 39
4 40
4 42
4 43
4 46
4 47
4 48
4 50
4 51
4 52
4 53
4 54
4 55
4 58
4 61
4 63
4 65
4 70
4 71
4 74
4 76
4 78
4 79
4 81
4 83
4 85
4 86
4 88
4 90
4 94
4 95
4 96
4 98
4 99
4 100
4 103
4 104
4 105
4 106
4 107
4 108
4 109
4 110
4 111
4 113
4 115
4 116
4 117
4 121
4 122
4 123
4 124
4 126
5 0
5 1
5 2
5 4
5 7
5 8
5 10
5 11
5 13
5 16
5 18
5 19
5 20
5 22
5 23
5 28
5 30
5 31
5 33
5 39
5 40
5 42
5 43
5 46
5 47
5 48
5 50
5 51
5 52
5 53
5 54
5 55
5 58
5 61
5 63
5 65
5 70
5 71
5 74
5 76
5 78
5 79
5 81
5 83
5 85
5 86
5 88
5 90
5 94
5 95
5 96
5 98
5 99
5 100
5 103
5 104
5 105
5 106
5 107
5 108
5 109
5 110
5 111
5 113
5 115
5 116
5 117
5 121
5 122
5 123
5 124
5 126
7 0
7 1
7 2
7 4
7 5
7 8
7 10
7 11
7 13
7 16
7 18
7 19
7 20
7 22
7 23
7 28
7 30
7 31
7 33
7 39
7 40
7 42
7 43
7 46
7 47
7 48
7 50
7 51
7 52
7 53
7 54
7 55
7 58
7 61
7 63
7 65
7 70
7 71
7 74
7 76
7 78
7 79
7 81
7 83
7 85
7 86
7 88
7 90
7 94
7 95
7 96
7 98
7 99
7 100
7 103
7 104
7 105
7 106
7 107
7 108
7 109
7 110
7 111
7 113
7 115
7 116
7 117
7 121
7 122
7 123
7 124
7 126
8 0
8 1
8 2
8 4
8 5
8 7
8 10
8 11
8 13
8 16
8 18
8 19
8 20
8 22
8 23
8 28
8 30
8 31
8 33
8 39
8 40
8 42
8 43
8 46
8 47
8 48
8 50
8 51
8 52
8 53
8 54
8 55
8 58
8 61
8 63
8 65
8 70
8 71
8 74
8 76
8 78
8 79
8 81
8 83
8 85
8 86
8 88
8 90
8 94
8 95
8 96
8 98
8 99
8 100
8 103
8 104
8 105
8 106
8 107
8 108
8 109
8 110
8 111
8 113
8 115
8 116
8 117
8 121
8 122
8 123
8 124
8 126
10 0
10 1
10 2
10 4
10 5
10 7
10 8
10 11
10 13
10 16
10 18
10 19
10 20
10 22
10 23
10 28
10 30
10 31
10 33
10 39
10 40
10 42
10 43
10 46
10 47
10 48
10 50
10 51
10 52
10 53
10 54
10 55
10 58
10 61
10 63
10 65
10 70
10 71
10 74
10 76
10 78
10 79
10 81
10 83
10 85
10 86
10 88
10 90
10 94
10 95
10 96
10 98
10 99
10 100
10 103
10 104
10 105
10 106
10 107
10 108
10 109
10 110
10 111
10 113
10 115
10 116
10 117
10 121
10 122
10 123
10 124
10 126
11 0
11 1
11 2
11 4
11 5
11 7
11 8
11 10
11 13
11 16
11 18
11 19
11 20
11 22
11 23
11 28
11 30
11 31
11 33
11 39
11 40
11 42
11 43
11 46
11 47
11 48
11 50
11 51
11 52
11 53
11 54
11 55
11 58
11 61
11 63
11 65
11 70
11 71
11 74
11 76
11 78
11 79
11 81
11 83
11 85
11 86
11 88
11 90
11 94
11 95
11 96
11 98
11 99
11 100
11 103
11 104
11 105
11 106
11 107
11 108
11 109
11 110
11 111
11 113
11 115
11 116
11 117
11 121
11 122
11 123
11 124
11 126
13 0
13 1
13 2
13 4
13 5
13 7
13 8
13 10
13 11
13 16
13 18
13 19
13 20
13 22
13 23
13 28
13 30
13 31
13 33
13 39
13 40
13 42
13 43
13 46
13 47
13 48
13 50
13 51
13 52
13 53
13 54
13 55
13 58
13 61
13 63
13 65
13 70
13 71
13 74
13 76
13 78
13 79
13 81
13 83
13 85
13 86
13 88
13 90
13 94
13 95
13 96
13 98
13 99
13 100
13 103
13 104
13 105
13 106
13 107
13 108
13 109
13 110
13 111
13 113
13 115
13 116
13 117
13 121
13 122
13 123
13 124
13 126
14 35
15 37
16 0
16 1
16 2
16 4
16 5
16 7
16 8
16 10
16 11
16 13
16 18
16 19
16 20
16 22
16 23
16 28
16 30
16 31
16 33
16 39
16 40
16 42
16 43
16 46
16 47
16 48
16 50
16 51
16 52
16 53
16 54
16 55
16 58
16 61
16 63
16 65
16 70
16 71
16 74
16 76
16 78
16 79
16 81
16 83
16 85
16 86
16 88
16 90
16 94
16 95
16 96
16 98
16 99
16 100
16 103
16 104
16 105
16 106
16 107
16 108
16 109
16 110
16 111
16 113
16 115
16 116
16 117
16 121
16 122
16 123
16 124
16 126
18 0
18 1
18 2
18 4
18 5
18 7
18 8
18 10
18 11
18 13
18 16
18 19
18 20
18 22
18 23
18 28
18 30
18 31
18 33
18 39
18 40
18 42
18 43
18 46
18 47
18 48
18 50
18 51
18 52
18 53
18 54
18 55
18 58
18 61
18 63
18 65
18 70
18 71
18 74
18 76
18 78
18 79
18 81
18 83
18 85
18 86
18 88
18 90
18 94
18 95
18 96
18 98
18 99
18 100
18 103
18 104
18 105
18 106
18 107
18 108
18 109
18 110
18 111
18 113
18 115
18 116
18 117
18 121
18 122
18 123
18 124
18 126
19 0
19 1
19 2
19 4
19 5
19 7
19 8
19 10
19 11
19 13
19 16
19 18
19 20
19 22
19 23
19 28
19 30
19 31
19 33
19 39
19 40
19 42
19 43
19 46
19 47
19 48
19 50
19 51
19 52
19 53
19 54
19 55
19 58
19 61
19 63
19 65
19 70
19 71
19 74
19 76
19 78
19 79
19 81
19 83
19 85
19 86
19 88
19 90
19 94
19 95
19 96
19 98
19 99
19 100
19 103
19 104
19 105
19 106
19 107
19 108
19 109
19 110
19 111
19 113
19 115
19 116
19 117
19 121
19 122
19 123
19 124
19 126
20 0
20 1
20 2
20 4
20 5
20 7
20 8
20 10
20 11
20 13
20 16
20 18
20 19
20 22
20 23
20 28
20 30
20 31
20 33
20 39
20 40
20 42
20 43
20 46
20 47
20 48
20 50
20 51
20 52
20 53
20 54
20 55
20 58
20 61
20 63
20 65
20 70
20 71
20 74
20 76
20 78
20 79
20 81
20 83
20 85
20 86
20 88
20 90
20 94
20 95
20 96
20 98
20 99
20 100
20 103
20 104
20 105
20 106
20 107
20 108
20 109
20 110
20 111
20 113
20 115
20 116
20 117
20 121
20 122
20 123
20 124
20 126
22 0
22 1
22 2
22 4
22 5
22 7
22 8
22 10
22 11
22 13
22 16
22 18
22 19
22 20
22 23
22 28
22 30
22 31
22 33
22 39
22 40
22 42
22 43
22 46
22 47
22 48
22 50
22 51
22 52
22 53
22 54
22 55
22 58
22 61
22 63
22 65
22 70
22 71
22 74
22 76
22 78
22 79
22 81
22 83
22 85
22 86
22 88
22 90
22 94
22 95
22 96
22 98
22 99
22 100
22 103
22 104
22 105
22 106
22 107
22 108
22 109
22 110
22 111
22 113
22 115
22 116
22 117
22 121
22 122
22 123
22 124
22 126
23 0
23 1
23 2
23 4
23 5
23 7
23 8
23 10
23 11
23 13
23 16
23 18
23 19
23 20
23 22
23 28
23 30
23 31
23 33
23 39
23 40
23 42
23 43
23 46
23 47
23 48
23 50
23 51
23 52
23 53
23 54
23 55
23 58
23 61
23 63
23 65
23 70
23 71
23 74
23 76
23 78
23 79
23 81
23 83
23 85
23 86
23 88
23 90
23 94
23 95
23 96
23 98
23 99
23 100
23 103
23 104
23 105
23 106
23 107
23 108
23 109
23 110
23 111
23 113
23 115
23 116
23 117
23 121
23 122
23 123
23 124
23 126
27 102
28 0
28 1
28 2
28 4
28 5
28 7
28 8
28 10
28 11
28 13
28 16
28 18
28 19
28 20
28 22
28 23
28 30
28 31
28 33
28 39
28 40
28 42
28 43
28 46
28 47
28 48
28 50
28 51
28 52
28 53
28 54
28 55
28 58
28 61
28 63
28 65
28 70
28 71
28 74
28 76
28 78
28 79
28 81
28 83
28 85
28 86
28 88
28 90
28 94
28 95
28 96
28 98
28 99
28 100
28 103
28 104
28 105
28 106
28 107
28 108
28 109
28 110
28 111
28 113
28 115
28 116
28 117
28 121
28 122
28 123
28 124
28 126
29 80
30 0
30 1
30 2
30 4
30 5
30 7
30 8
30 10
30 11
30 13
30 16
30 18
30 19
30 20
30 22
30 23
30 28
30 31
30 33
30 39
30 40
30 42
30 43
30 46
30 47
30 48
30 50
30 51
30 52
30 53
30 54
30 55
30 58
30 61
30 63
30 65
30 70
30 71
30 74
30 76
30 78
30 79
30 81
30 83
30 85
30 86
30 88
30 90
30 94
30 95
30 96
30 98
30 99
30 100
30 103
30 104
30 105
30 106
30 107
30 108
30 109
30 110
30 111
30 113
30 115
30 116
30 117
30 121
30 122
30 123
30 124
30 126
31 0
31 1
31 2
31 4
31 5
31 7
31 8
31 10
31 11
31 13
31 16
31 18
31 19
31 20
31 22
31 23
31 28
31 30
31 33
31 39
31 40
31 42
31 43
31 46
31 47
31 48
31 50
31 51
31 52
31 53
31 54
31 55
31 58
31 61
31 63
31 65
31 70
31 71
31 74
31 76
31 78
31 79
31 81
31 83
31 85
31 86
31 88
31 90
31 94
31 95
31 96
31 98
31 99
31 100
31 103
31 104
31 105
31 106
31 107
31 108
31 109
31 110
31 111
31 113
31 115
31 116
31 117
31 121
31 122
31 123
31 124
31 126
32 66
32 72
33 0
33 1
33 2
33 4
33 5
33 7
33 8
33 10
33 11
33 13
33 16
33 18
33 19
33 20
33 22
33 23
33 28
33 30
33 31
33 39
33 40
33 42
33 43
33 46
33 47
33 48
33 50
33 51
33 52
33 53
33 54
33 55
33 58
33 61
33 63
33 65
33 70
33 71
33 74
33 76
33 78
33 79
33 81
33 83
33 85
33 86
33 88
33 90
33 94
33 95
33 96
33 98
33 99
33 100
33 103
33 104
33 105
33 106
33 107
33 108
33 109
33 110
33 111
33 113
33 115
33 116
33 117
33 121
33 122
33 123
33 124
33 126
35 14
37 15
38 62
38 118
39 0
39 1
39 2
39 4
39 5
39 7
39 8
39 10
39 11
39 13
39 16
39 18
39 19
39 20
39 22
39 23
39 28
39 30
39 31
39 33
39 40
39 42
39 43
39 46
39 47
39 48
39 50
39 51
39 52
39 53
39 54
39 55
39 58
39 61
39 63
39 65
39 70
39 71
39 74
39 76
39 78
39 79
39 81
39 83
39 85
39 86
39 88
39 90
39 94
39 95
39 96
39 98
39 99
39 100
39 103
39 104
39 105
39 106
39 107
39 108
39 109
39 110
39 111
39 113
39 115
39 116
39 117
39 121
39 122
39 123
39 124
39 126
40 0
40 1
40 2
40 4
40 5
40 7
40 8
40 10
40 11
40 13
40 16
40 18
40 19
40 20
40 22
40 23
40 28
40 30
40 31
40 33
40 39
40 42
40 43
40 46
40 47
40 48
40 50
40 51
40 52
40 53
40 54
40 55
40 58
40 61
40 63
40 65
40 70
40 71
40 74
40 76
40 78
40 79
40 81
40 83
40 85
40 86
40 88
40 90
40 94
40 95
40 96
40 98
40 99
40 100
40 103
40 104
40 105
40 106
40 107
40 108
40 109
40 110
40 111
40 113
40 115
40 116
40 117
40 121
40 122
40 123
40 124
40 126
41 45
41 77
41 84
42 0
42 1
42 2
42 4
42 5
42 7
42 8
42 10
42 11
42 13
42 16
42 18
42 19
42 20
42 22
42 23
42 28
42 30
42 31
42 33
42 39
42 40
42 43
42 46
42 47
42 48
42 50
42 51
42 52
42 53
42 54
42 55
42 58
42 61
42 63
42 65
42 70
42 71
42 74
42 76
42 78
42 79
42 81
42 83
42 85
42 86
42 88
42 90
42 94
42 95
42 96
42 98
42 99
42 100
42 103
42 104
42 105
42 106
42 107
42 108
42 109
42 110
42 111
42 113
42 115
42 116
42 117
42 121
42 122
42 123
42 124
42 126
43 0
43 1
43 2
43 4
43 5
43 7
43 8
43 10
43 11
43 13
43 16
43 18
43 19
43 20
43 22
43 23
43 28
43 30
43 31
43 33
43 39
43 40
43 42
43 46
43 47
43 48
43 50
43 51
43 52
43 53
43 54
43 55
43 58
43 61
43 63
43 65
43 70
43 71
43 74
43 76
43 78
43 79
43 81
43 83
43 85
43 86
43 88
43 90
43 94
43 95
43 96
43 98
43 99
43 100
43 103
43 104
43 105
43 106
43 107
43 108
43 109
43 110
43 111
43 113
43 115
43 116
43 117
43 121
43 122
43 123
43 124
43 126
44 73
45 41
45 77
45 84
46 0
46 1
46 2
46 4
46 5
46 7
46 8
46 10
46 11
46 13
46 16
46 18
46 19
46 20
46 22
46 23
46 28
46 30
46 31
46 33
46 39
46 40
46 42
46 43
46 47
46 48
46 50
46 51
46 52
46 53
46 54
46 55
46 58
46 61
46 63
46 65
46 70
46 71
46 74
46 76
46 78
46 79
46 81
46 83
46 85
46 86
46 88
46 90
46 94
46 95
46 96
46 98
46 99
46 100
46 103
46 104
46 105
46 106
46 107
46 108
46 109
46 110
46 111
46 113
46 115
46 116
46 117
46 121
46 122
46 123
46 124
46 126
47 0
47 1
47 2
47 4
47 5
47 7
47 8
47 10
47 11
47 13
47 16
47 18
47 19
47 20
47 22
47 23
47 28
47 30
47 31
47 33
47 39
47 40
47 42
47 43
47 46
47 48
47 50
47 51
47 52
47 53
47 54
47 55
47 58
47 61
47 63
47 65
47 70
47 71
47 74
47 76
47 78
47 79
47 81
47 83
47 85
47 86
47 88
47 90
47 94
47 95
47 96
47 98
47 99
47 100
47 103
47 104
47 105
47 106
47 107
47 108
47 109
47 110
47 111
47 113
47 115
47 116
47 117
47 121
47 122
47 123
47 124
47 126
48 0
48 1
48 2
48 4
48 5
48 7
48 8
48 10
48 11
48 13
48 16
48 18
48 19
48 20
48 22
48 23
48 28
48 30
48 31
48 33
48 39
48 40
48 42
48 43
48 46
48 47
48 50
48 51
48 52
48 53
48 54
48 55
48 58
48 61
48 63
48 65
48 70
48 71
48 74
48 76
48 78
48 79
48 81
48 83
48 85
48 86
48 88
48 90
48 94
48 95
48 96
48 98
48 99
48 100
48 103
48 104
48 105
48 106
48 107
48 108
48 109
48 110
48 111
48 113
48 115
48 116
48 117
48 121
48 122
48 123
48 124
48 126
50 0
50 1
50 2
50 4
50 5
50 7
50 8
50 10
50 11
50 13
50 16
50 18
50 19
50 20
50 22
50 23
50 28
50 30
50 31
50 33
50 39
50 40
50 42
50 43
50 46
50 47
50 48
50 51
50 52
50 53
50 54
50 55
50 58
50 61
50 63
50 65
50 70
50 71
50 74
50 76
50 78
50 79
50 81
50 83
50 85
50 86
50 88
50 90
50 94
50 95
50 96
50 98
50 99
50 100
50 103
50 104
50 105
50 106
50 107
50 108
50 109
50 110
50 111
50 113
50 115
50 116
50 117
50 121
50 122
50 123
50 124
50 126
51 0
51 1
51 2
51 4
51 5
51 7
51 8
51 10
51 11
51 13
51 16
51 18
51 19
51 20
51 22
51 23
51 28
51 30
51 31
51 33
51 39
51 40
51 42
51 43
51 46
51 47
51 48
51 50
51 52
51 53
51 54
51 55
51 58
51 61
51 63
51 65
51 70
51 71
51 74
51 76
51 78
51 79
51 81
51 83
51 85
51 86
51 88
51 90
51 94
51 95
51 96
51 98
51 99
51 100
51 103
51 104
51 105
51 106
51 107
51 108
51 109
51 110
51 111
51 113
51 115
51 116
51 117
51 121
51 122
51 123
51 124
51 126
52 0
52 1
52 2
52 4
52 5
52 7
52 8
52 10
52 11
52 13
52 16
52 18
52 19
52 20
52 22
52 23
52 28
52 30
52 31
52 33
52 39
52 40
52 42
52 43
52 46
52 47
52 48
52 50
52 51
52 53
52 54
52 55
52 58
52 61
52 63
52 65
52 70
52 71
52 74
52 76
52 78
52 79
52 81
52 83
52 85
52 86
52 88
52 90
52 94
52 95
52 96
52 98
52 99
52 100
52 103
52 104
52 105
52 106
52 107
52 108
52 109
52 110
52 111
52 113
52 115
52 116
52 117
52 121
52 122
52 123
52 124
52 126
53 0
53 1
53 2
53 4
53 5
53 7
53 8
53 10
53 11
53 13
53 16
53 18
53 19
53 20
53 22
53 23
53 28
53 30
53 31
53 33
53 39
53 40
53 42
53 43
53 46
53 47
53 48
53 50
53 51
53 52
53 54
53 55
53 58
53 61
53 63
53 65
53 70
53 71
53 74
53 76
53 78
53 79
53 81
53 83
53 85
53 86
53 88
53 90
53 94
53 95
53 96
53 98
53 99
53 100
53 103
53 104
53 105
53 106
53 107
53 108
53 109
53 110
53 111
53 113
53 115
53 116
53 117
53 121
53 122
53 123
53 124
53 126
54 0
54 1
54 2
54 4
54 5
54 7
54 8
54 10
54 11
54 13
54 16
54 18
54 19
54 20
54 22
54 23
54 28
54 30
54 31
54 33
54 39
54 40
54 42
54 43
54 46
54 47
54 48
54 50
54 51
54 52
54 53
54 55
54 58
54 61
54 63
54 65
54 70
54 71
54 74
54 76
54 78
54 79
54 81
54 83
54 85
54 86
54 88
54 90
54 94
54 95
54 96
54 98
54 99
54 100
54 103
54 104
54 105
54 106
54 107
54 108
54 109
54 110
54 111
54 113
54 115
54 116
54 117
54 121
54 122
54 123
54 124
54 126
55 0
55 1
55 2
55 4
55 5
55 7
55 8
55 10
55 11
55 13
55 16
55 18
55 19
55 20
55 22
55 23
55 28
55 30
55 31
55 33
55 39
55 40
55 42
55 43
55 46
55 47
55 48
55 50
55 51
55 52
55 53
55 54
55 58
55 61
55 63
55 65
55 70
55 71
55 74
55 76
55 78
55 79
55 81
55 83
55 85
55 86
55 88
55 90
55 94
55 95
55 96
55 98
55 99
55 100
55 103
55 104
55 105
55 106
55 107
55 108
55 109
55 110
55 111
55 113
55 115
55 116
55 117
55 121
55 122
55 123
55 124
55 126
56 82
58 0
58 1
58 2
58 4
58 5
58 7
58 8
58 10
58 11
58 13
58 16
58 18
58 19
58 20
58 22
58 23
58 28
58 30
58 31
58 33
58 39
58 40
58 42
58 43
58 46
58 47
58 48
58 50
58 51
58 52
58 53
58 54
58 55
58 61
58 63
58 65
58 70
58 71
58 74
58 76
58 78
58 79
58 81
58 83
58 85
58 86
58 88
58 90
58 94
58 95
58 96
58 98
58 99
58 100
58 103
58 104
58 105
58 106
58 107
58 108
58 109
58 110
58 111
58 113
58 115
58 116
58 117
58 121
58 122
58 123
58 124
58 126
59 120
61 0
61 1
61 2
61 4
61 5
61 7
61 8
61 10
61 11
61 13
61 16
61 18
61 19
61 20
61 22
61 23
61 28
61 30
61 31
61 33
61 39
61 40
61 42
61 43
61 46
61 47
61 48
61 50
61 51
61 52
61 53
61 54
61 55
61 58
61 63
61 65
61 70
61 71
61 74
61 76
61 78
61 79
61 81
61 83
61 85
61 86
61 88
61 90
61 94
61 95
61 96
61 98
61 99
61 100
61 103
61 104
61 105
61 106
61 107
61 108
61 109
61 110
61 111
61 113
61 115
61 116
61 117
61 121
61 122
61 123
61 124
61 126
62 38
62 118
63 0
63 1
63 2
63 4
63 5
63 7
63 8
63 10
63 11
63 13
63 16
63 18
63 19
63 20
63 22
63 23
63 28
63 30
63 31
63 33
63 39
63 40
63 42
63 43
63 46
63 47
63 48
63 50
63 51
63 52
63 53
63 54
63 55
63 58
63 61
63 65
63 70
63 71
63 74
63 76
63 78
63 79
63 81
63 83
63 85
63 86
63 88
63 90
63 94
63 95
63 96
63 98
63 99
63 100
63 103
63 104
63 105
63 106
63 107
63 108
63 109
63 110
63 111
63 113
63 115
63 116
63 117
63 121
63 122
63 123
63 124
63 126
65 0
65 1
65 2
65 4
65 5
65 7
65 8
65 10
65 11
65 13
65 16
65 18
65 19
65 20
65 22
65 23
65 28
65 30
65 31
65 33
65 39
65 40
65 42
65 43
65 46
65 47
65 48
65 50
65 51
65 52
65 53
65 54
65 55
65 58
65 61
65 63
65 70
65 71
65 74
65 76
65 78
65 79
65 81
65 83
65 85
65 86
65 88
65 90
65 94
65 95
65 96
65 98
65 99
65 100
65 103
65 104
65 105
65 106
65 107
65 108
65 109
65 110
65 111
65 113
65 115
65 116
65 117
65 121
65 122
65 123
65 124
65 126
66 32
66 72
68 89
70 0
70 1
70 2
70 4
70 5
70 7
70 8
70 10
70 11
70 13
70 16
70 18
70 19
70 20
70 22
70 23
70 28
70 30
70 31
70 33
70 39
70 40
70 42
70 43
70 46
70 47
70 48
70 50
70 51
70 52
70 53
70 54
70 55
70 58
70 61
70 63
70 65
70 71
70 74
70 76
70 78
70 79
70 81
70 83
70 85
70 86
70 88
70 90
70 94
70 95
70 96
70 98
70 99
70 100
70 103
70 104
70 105
70 106
70 107
70 108
70 109
70 110
70 111
70 113
70 115
70 116
70 117
70 121
70 122
70 123
70 124
70 126
71 0
71 1
71 2
71 4
71 5
71 7
71 8
71 10
71 11
71 13
71 16
71 18
71 19
71 20
71 22
71 23
71 28
71 30
71 31
71 33
71 39
71 40
71 42
71 43
71 46
71 47
71 48
71 50
71 51
71 52
71 53
71 54
71 55
71 58
71 61
71 63
71 65
71 70
71 74
71 76
71 78
71 79
71 81
71 83
71 85
71 86
71 88
71 90
71 94
71 95
71 96
71 98
71 99
71 100
71 103
71 104
71 105
71 106
71 107
71 108
71 109
71 110
71 111
71 113
71 115
71 116
71 117
71 121
71 122
71 123
71 124
71 126
72 32
72 66
73 44
74 0
74 1
74 2
74 4
74 5
74 7
74 8
74 10
74 11
74 13
74 16
74 18
74 19
74 20
74 22
74 23
74 28
74 30
74 31
74 33
74 39
74 40
74 42
74 43
74 46
74 47
74 48
74 50
74 51
74 52
74 53
74 54
74 55
74 58
74 61
74 63
74 65
74 70
74 71
74 76
74 78
74 79
74 81
74 83
74 85
74 86
74 88
74 90
74 94
74 95
74 96
74 98
74 99
74 100
74 103
74 104
74 105
74 106
74 107
74 108
74 109
74 110
74 111
74 113
74 115
74 116
74 117
74 121
74 122
74 123
74 124
74 126
76 0
76 1
76 2
76 4
76 5
76 7
76 8
76 10
76 11
76 13
76 16
76 18
76 19
76 20
76 22
76 23
76 28
76 30
76 31
76 33
76 39
76 40
76 42
76 43
76 46
76 47
76 48
76 50
76 51
76 52
76 53
76 54
76 55
76 58
76 61
76 63
76 65
76 70
76 71
76 74
76 78
76 79
76 81
76 83
76 85
76 86
76 88
76 90
76 94
76 95
76 96
76 98
76 99
76 100
76 103
76 104
76 105
76 106
76 107
76 108
76 109
76 110
76 111
76 113
76 115
76 116
76 117
76 121
76 122
76 123
76 124
76 126
77 41
77 45
77 84
78 0
78 1
78 2
78 4
78 5
78 7
78 8
78 10
78 11
78 13
78 16
78 18
78 19
78 20
78 22
78 23
78 28
78 30
78 31
78 33
78 39
78 40
78 42
78 43
78 46
78 47
78 48
78 50
78 51
78 52
78 53
78 54
78 55
78 58
78 61
78 63
78 65
78 70
78 71
78 74
78 76
78 79
78 81
78 83
78 85
78 86
78 88
78 90
78 94
78 95
78 96
78 98
78 99
78 100
78 103
78 104
78 105
78 106
78 107
78 108
78 109
78 110
78 111
78 113
78 115
78 116
78 117
78 121
78 122
78 123
78 124
78 126
79 0
79 1
79 2
79 4
79 5
79 7
79 8
79 10
79 11
79 13
79 16
79 18
79 19
79 20
79 22
79 23
79 28
79 30
79 31
79 33
79 39
79 40
79 42
79 43
79 46
79 47
79 48
79 50
79 51
79 52
79 53
79 54
79 55
79 58
79 61
79 63
79 65
79 70
79 71
79 74
79 76
79 78
79 81
79 83
79 85
79 86
79 88
79 90
79 94
79 95
79 96
79 98
79 99
79 100
79 103
79 104
79 105
79 106
79 107
79 108
79 109
79 110
79 111
79 113
79 115
79 116
79 117
79 121
79 122
79 123
79 124
79 126
80 29
81 0
81 1
81 2
81 4
81 5
81 7
81 8
81 10
81 11
81 13
81 16
81 18
81 19
81 20
81 22
81 23
81 28
81 30
81 31
81 33
81 39
81 40
81 42
81 43
81 46
81 47
81 48
81 50
81 51
81 52
81 53
81 54
81 55
81 58
81 61
81 63
81 65
81 70
81 71
81 74
81 76
81 78
81 79
81 83
81 85
81 86
81 88
81 90
81 94
81 95
81 96
81 98
81 99
81 100
81 103
81 104
81 105
81 106
81 107
81 108
81 109
81 110
81 111
81 113
81 115
81 116
81 117
81 121
81 122
81 123
81 124
81 126
82 56
83 0
83 1
83 2
83 4
83 5
83 7
83 8
83 10
83 11
83 13
83 16
83 18
83 19
83 20
83 22
83 23
83 28
83 30
83 31
83 33
83 39
83 40
83 42
83 43
83 46
83 47
83 48
83 50
83 51
83 52
83 53
83 54
83 55
83 58
83 61
83 63
83 65
83 70
83 71
83 74
83 76
83 78
83 79
83 81
83 85
83 86
83 88
83 90
83 94
83 95
83 96
83 98
83 99
83 100
83 103
83 104
83 105
83 106
83 107
83 108
83 109
83 110
83 111
83 113
83 115
83 116
83 117
83 121
83 122
83 123
83 124
83 126
84 41
84 45
84 77
85 0
85 1
85 2
85 4
85 5
85 7
85 8
85 10
85 11
85 13
85 16
85 18
85 19
85 20
85 22
85 23
85 28
85 30
85 31
85 33
85 39
85 40
85 42
85 43
85 46
85 47
85 48
85 50
85 51
85 52
85 53
85 54
85 55
85 58
85 61
85 63
85 65
85 70
85 71
85 74
85 76
85 78
85 79
85 81
85 83
85 86
85 88
85 90
85 94
85 95
85 96
85 98
85 99
85 100
85 103
85 104
85 105
85 106
85 107
85 108
85 109
85 110
85 111
85 113
85 115
85 116
85 117
85 121
85 122
85 123
85 124
85 126
86 0
86 1
86 2
86 4
86 5
86 7
86 8
86 10
86 11
86 13
86 16
86 18
86 19
86 20
86 22
86 23
86 28
86 30
86 31
86 33
86 39
86 40
86 42
86 43
86 46
86 47
86 48
86 50
86 51
86 52
86 53
86 54
86 55
86 58
86 61
86 63
86 65
86 70
86 71
86 74
86 76
86 78
86 79
86 81
86 83
86 85
86 88
86 90
86 94
86 95
86 96
86 98
86 99
86 100
86 103
86 104
86 105
86 106
86 107
86 108
86 109
86 110
86 111
86 113
86 115
86 116
86 117
86 121
86 122
86 123
86 124
86 126
88 0
88 1
88 2
88 4
88 5
88 7
88 8
88 10
88 11
88 13
88 16
88 18
88 19
88 20
88 22
88 23
88 28
88 30
88 31
88 33
88 39
88 40
88 42
88 43
88 46
88 47
88 48
88 50
88 51
88 52
88 53
88 54
88 55
88 58
88 61
88 63
88 65
88 70
88 71
88 74
88 76
88 78
88 79
88 81
88 83
88 85
88 86
88 90
88 94
88 95
88 96
88 98
88 99
88 100
88 103
88 104
88 105
88 106
88 107
88 108
88 109
88 110
88 111
88 113
88 115
88 116
88 117
88 121
88 122
88 123
88 124
88 126
89 68
90 0
90 1
90 2
90 4
90 5
90 7
90 8
90 10
90 11
90 13
90 16
90 18
90 19
90 20
90 22
90 23
90 28
90 30
90 31
90 33
90 39
90 40
90 42
90 43
90 46
90 47
90 48
90 50
90 51
90 52
90 53
90 54
90 55
90 58
90 61
90 63
90 65
90 70
90 71
90 74
90 76
90 78
90 79
90 81
90 83
90 85
90 86
90 88
90 94
90 95
90 96
90 98
90 99
90 100
90 103
90 104
90 105
90 106
90 107
90 108
90 109
90 110
90 111
90 113
90 115
90 116
90 117
90 121
90 122
90 123
90 124
90 126
94 0
94 1
94 2
94 4
94 5
94 7
94 8
94 10
94 11
94 13
94 16
94 18
94 19
94 20
94 22
94 23
94 28
94 30
94 31
94 33
94 39
94 40
94 42
94 43
94 46
94 47
94 48
94 50
94 51
94 52
94 53
94 54
94 55
94 58
94 61
94 63
94 65
94 70
94 71
94 74
94 76
94 78
94 79
94 81
94 83
94 85
94 86
94 88
94 90
94 95
94 96
94 98
94 99
94 100
94 103
94 104
94 105
94 106
94 107
94 108
94 109
94 110
94 111
94 113
94 115
94 116
94 117
94 121
94 122
94 123
94 124
94 126
95 0
95 1
95 2
95 4
95 5
95 7
95 8
95 10
95 11
95 13
95 16
95 18
95 19
95 20
95 22
95 23
95 28
95 30
95 31
95 33
95 39
95 40
95 42
95 43
95 46
95 47
95 48
95 50
95 51
95 52
95 53
95 54
95 55
95 58
95 61
95 63
95 65
95 70
95 71
95 74
95 76
95 78
95 79
95 81
95 83
95 85
95 86
95 88
95 90
95 94
95 96
95 98
95 99
95 100
95 103
95 104
95 105
95 106
95 107
95 108
95 109
95 110
95 111
95 113
95 115
95 116
95 117
95 121
95 122
95 123
95 124
95 126
96 0
96 1
96 2
96 4
96 5
96 7
96 8
96 10
96 11
96 13
96 16
96 18
96 19
96 20
96 22
96 23
96 28
96 30
96 31
96 33
96 39
96 40
96 42
96 43
96 46
96 47
96 48
96 50
96 51
96 52
96 53
96 54
96 55
96 58
96 61
96 63
96 65
96 70
96 71
96 74
96 76
96 78
96 79
96 81
96 83
96 85
96 86
96 88
96 90
96 94
96 95
96 98
96 99
96 100
96 103
96 104
96 105
96 106
96 107
96 108
96 109
96 110
96 111
96 113
96 115
96 116
96 117
96 121
96 122
96 123
96 124
96 126
97 114
98 0
98 1
98 2
98 4
98 5
98 7
98 8
98 10
98 11
98 13
98 16
98 18
98 19
98 20
98 22
98 23
98 28
98 30
98 31
98 33
98 39
98 40
98 42
98 43
98 46
98 47
98 48
98 50
98 51
98 52
98 53
98 54
98 55
98 58
98 61
98 63
98 65
98 70
98 71
98 74
98 76
98 78
98 79
98 81
98 83
98 85
98 86
98 88
98 90
98 94
98 95
98 96
98 99
98 100
98 103
98 104
98 105
98 106
98 107
98 108
98 109
98 110
98 111
98 113
98 115
98 116
98 117
98 121
98 122
98 123
98 124
98 126
99 0
99 1
99 2
99 4
99 5
99 7
99 8
99 10
99 11
99 13
99 16
99 18
99 19
99 20
99 22
99 23
99 28
99 30
99 31
99 33
99 39
99 40
99 42
99 43
99 46
99 47
99 48
99 50
99 51
99 52
99 53
99 54
99 55
99 58
99 61
99 63
99 65
99 70
99 71
99 74
99 76
99 78
99 79
99 81
99 83
99 85
99 86
99 88
99 90
99 94
99 95
99 96
99 98
99 100
99 103
99 104
99 105
99 106
99 107
99 108
99 109
99 110
99 111
99 113
99 115
99 116
99 117
99 121
99 122
99 123
99 124
99 126
100 0
100 1
100 2
100 4
100 5
100 7
100 8
100 10
100 11
100 13
100 16
100 18
100 19
100 20
100 22
100 23
100 28
100 30
100 31
100 33
100 39
100 40
100 42
100 43
100 46
100 47
100 48
100 50
100 51
100 52
100 53
100 54
100 55
100 58
100 61
100 63
100 65
100 70
100 71
100 74
100 76
100 78
100 79
100 81
100 83
100 85
100 86
100 88
100 90
100 94
100 95
100 96
100 98
100 99
100 103
100 104
100 105
100 106
100 107
100 108
100 109
100 110
100 111
100 113
100 115
100 116
100 117
100 121
100 122
100 123
100 124
100 126
102 27
103 0
103 1
103 2
103 4
103 5
103 7
103 8
103 10
103 11
103 13
103 16
103 18
103 19
103 20
103 22
103 23
103 28
103 30
103 31
103 33
103 39
103 40
103 42
103 43
103 46
103 47
103 48
103 50
103 51
103 52
103 53
103 54
103 55
103 58
103 61
103 63
103 65
103 70
103 71
103 74
103 76
103 78
103 79
103 81
103 83
103 85
103 86
103 88
103 90
103 94
103 95
103 96
103 98
103 99
103 100
103 104
103 105
103 106
103 107
103 108
103 109
103 110
103 111
103 113
103 115
103 116
103 117
103 121
103 122
103 123
103 124
103 126
104 0
104 1
104 2
104 4
104 5
104 7
104 8
104 10
104 11
104 13
104 16
104 18
104 19
104 20
104 22
104 23
104 28
104 30
104 31
104 33
104 39
104 40
104 42
104 43
104 46
104 47
104 48
104 50
104 51
104 52
104 53
104 54
104 55
104 58
104 61
104 63
104 65
104 70
104 71
104 74
104 76
104 78
104 79
104 81
104 83
104 85
104 86
104 88
104 90
104 94
104 95
104 96
104 98
104 99
104 100
104 103
104 105
104 106
104 107
104 108
104 109
104 110
104 111
104 113
104 115
104 116
104 117
104 121
104 122
104 123
104 124
104 126
105 0
105 1
105 2
105 4
105 5
105 7
105 8
105 10
105 11
105 13
105 16
105 18
105 19
105 20
105 22
105 23
105 28
105 30
105 31
105 33
105 39
105 40
105 42
105 43
105 46
105 47
105 48
105 50
105 51
105 52
105 53
105 54
105 55
105 58
105 61
105 63
105 65
105 70
105 71
105 74
105 76
105 78
105 79
105 81
105 83
105 85
105 86
105 88
105 90
105 94
105 95
105 96
105 98
105 99
105 100
105 103
105 104
105 106
105 107
105 108
105 109
105 110
105 111
105 113
105 115
105 116
105 117
105 121
105 122
105 123
105 124
105 126
106 0
106 1
106 2
106 4
106 5
106 7
106 8
106 10
106 11
106 13
106 16
106 18
106 19
106 20
106 22
106 23
106 28
106 30
106 31
106 33
106 39
106 40
106 42
106 43
106 46
106 47
106 48
106 50
106 51
106 52
106 53
106 54
106 55
106 58
106 61
106 63
106 65
106 70
106 71
106 74
106 76
106 78
106 79
106 81
106 83
106 85
106 86
106 88
106 90
106 94
106 95
106 96
106 98
106 99
106 100
106 103
106 104
106 105
106 107
106 108
106 109
106 110
106 111
106 113
106 115
106 116
106 117
106 121
106 122
106 123
106 124
106 126
107 0
107 1
107 2
107 4
107 5
107 7
107 8
107 10
107 11
107 13
107 16
107 18
107 19
107 20
107 22
107 23
107 28
107 30
107 31
107 33
107 39
107 40
107 42
107 43
107 46
107 47
107 48
107 50
107 51
107 52
107 53
107 54
107 55
107 58
107 61
107 63
107 65
107 70
107 71
107 74
107 76
107 78
107 79
107 81
107 83
107 85
107 86
107 88
107 90
107 94
107 95
107 96
107 98
107 99
107 100
107 103
107 104
107 105
107 106
107 108
107 109
107 110
107 111
107 113
107 115
107 116
107 117
107 121
107 122
107 123
107 124
107 126
108 0
108 1
108 2
108 4
108 5
108 7
108 8
108 10
108 11
108 13
108 16
108 18
108 19
108 20
108 22
108 23
108 28
108 30
108 31
108 33
108 39
108 40
108 42
108 43
108 46
108 47
108 48
108 50
108 51
108 52
108 53
108 54
108 55
108 58
108 61
108 63
108 65
108 70
108 71
108 74
108 76
108 78
108 79
108 81
108 83
108 85
108 86
108 88
108 90
108 94
108 95
108 96
108 98
108 99
108 100
108 103
108 104
108 105
108 106
108 107
108 109
108 110
108 111
108 113
108 115
108 116
108 117
108 121
108 122
108 123
108 124
108 126
109 0
109 1
109 2
109 4
109 5
109 7
109 8
109 10
109 11
109 13
109 16
109 18
109 19
109 20
109 22
109 23
109 28
109 30
109 31
109 33
109 39
109 40
109 42
109 43
109 46
109 47
109 48
109 50
109 51
109 52
109 53
109 54
109 55
109 58
109 61
109 63
109 65
109 70
109 71
109 74
109 76
109 78
109 79
109 81
109 83
109 85
109 86
109 88
109 90
109 94
109 95
109 96
109 98
109 99
109 100
109 103
109 104
109 105
109 106
109 107
109 108
109 110
109 111
109 113
109 115
109 116
109 117
109 121
109 122
109 123
109 124
109 126
110 0
110 1
110 2
110 4
110 5
110 7
110 8
110 10
110 11
110 13
110 16
110 18
110 19
110 20
110 22
110 23
110 28
110 30
110 31
110 33
110 39
110 40
110 42
110 43
110 46
110 47
110 48
110 50
110 51
110 52
110 53
110 54
110 55
110 58
110 61
110 63
110 65
110 70
110 71
110 74
110 76
110 78
110 79
110 81
110 83
110 85
110 86
110 88
110 90
110 94
110 95
110 96
110 98
110 99
110 100
110 103
110 104
110 105
110 106
110 107
110 108
110 109
110 111
110 113
110 115
110 116
110 117
110 121
110 122
110 123
110 124
110 126
111 0
111 1
111 2
111 4
111 5
111 7
111 8
111 10
111 11
111 13
111 16
111 18
111 19
111 20
111 22
111 23
111 28
111 30
111 31
111 33
111 39
111 40
111 42
111 43
111 46
111 47
111 48
111 50
111 51
111 52
111 53
111 54
111 55
111 58
111 61
111 63
111 65
111 70
111 71
111 74
111 76
111 78
111 79
111 81
111 83
111 85
111 86
111 88
111 90
111 94
111 95
111 96
111 98
111 99
111 100
111 103
111 104
111 105
111 106
111 107
111 108
111 109
111 110
111 113
111 115
111 116
111 117
111 121
111 122
111 123
111 124
111 126
113 0
113 1
113 2
113 4
113 5
113 7
113 8
113 10
113 11
113 13
113 16
113 18
113 19
113 20
113 22
113 23
113 28
113 30
113 31
113 33
113 39
113 40
113 42
113 43
113 46
113 47
113 48
113 50
113 51
113 52
113 53
113 54
113 55
113 58
113 61
113 63
113 65
113 70
113 71
113 74
113 76
113 78
113 79
113 81
113 83
113 85
113 86
113 88
113 90
113 94
113 95
113 96
113 98
113 99
113 100
113 103
113 104
113 105
113 106
113 107
113 108
113 109
113 110
113 111
113 115
113 116
113 117
113 121
113 122
113 123
113 124
113 126
114 97
115 0
115 1
115 2
115 4
115 5
115 7
115 8
115 10
115 11
115 13
115 16
115 18
115 19
115 20
115 22
115 23
115 28
115 30
115 31
115 33
115 39
115 40
115 42
115 43
115 46
115 47
115 48
115 50
115 51
115 52
115 53
115 54
115 55
115 58
115 61
115 63
115 65
115 70
115 71
115 74
115 76
115 78
115 79
115 81
115 83
115 85
115 86
115 88
115 90
115 94
115 95
115 96
115 98
115 99
115 100
115 103
115 104
115 105
115 106
115 107
115 108
115 109
115 110
115 111
115 113
115 116
115 117
115 121
115 122
115 123
115 124
115 126
116 0
116 1
116 2
116 4
116 5
116 7
116 8
116 10
116 11
116 13
116 16
116 18
116 19
116 20
116 22
116 23
116 28
116 30
116 31
116 33
116 39
116 40
116 42
116 43
116 46
116 47
116 48
116 50
116 51
116 52
116 53
116 54
116 55
116 58
116 61
116 63
116 65
116 70
116 71
116 74
116 76
116 78
116 79
116 81
116 83
116 85
116 86
116 88
116 90
116 94
116 95
116 96
116 98
116 99
116 100
116 103
116 104
116 105
116 106
116 107
116 108
116 109
116 110
116 111
116 113
116 115
116 117
116 121
116 122
116 123
116 124
116 126
117 0
117 1
117 2
117 4
117 5
117 7
117 8
117 10
117 11
117 13
117 16
117 18
117 19
117 20
117 22
117 23
117 28
117 30
117 31
117 33
117 39
117 40
117 42
117 43
117 46
117 47
117 48
117 50
117 51
117 52
117 53
117 54
117 55
117 58
117 61
117 63
117 65
117 70
117 71
117 74
117 76
117 78
117 79
117 81
117 83
117 85
117 86
117 88
117 90
117 94
117 95
117 96
117 98
117 99
117 100
117 103
117 104
117 105
117 106
117 107
117 108
117 109
117 110
117 111
117 113
117 115
117 116
117 121
117 122
117 123
117 124
117 126
118 38
118 62
120 59
121 0
121 1
121 2
121 4
121 5
121 7
121 8
121 10
121 11
121 13
121 16
121 18
121 19
121 20
121 22
121 23
121 28
121 30
121 31
121 33
121 39
121 40
121 42
121 43
121 46
121 47
121 48
121 50
121 51
121 52
121 53
121 54
121 55
121 58
121 61
121 63
121 65
121 70
121 71
121 74
121 76
121 78
121 79
121 81
121 83
121 85
121 86
121 88
121 90
121 94
121 95
121 96
121 98
121 99
121 100
121 103
121 104
121 105
121 106
121 107
121 108
121 109
121 110
121 111
121 113
121 115
121 116
121 117
121 122
121 123
121 124
121 126
122 0
122 1
122 2
122 4
122 5
122 7
122 8
122 10
122 11
122 13
122 16
122 18
122 19
122 20
122 22
122 23
122 28
122 30
122 31
122 33
122 39
122 40
122 42
122 43
122 46
122 47
122 48
122 50
122 51
122 52
122 53
122 54
122 55
122 58
122 61
122 63
122 65
122 70
122 71
122 74
122 76
122 78
122 79
122 81
122 83
122 85
122 86
122 88
122 90
122 94
122 95
122 96
122 98
122 99
122 100
122 103
122 104
122 105
122 106
122 107
122 108
122 109
122 110
122 111
122 113
122 115
122 116
122 117
122 121
122 123
122 124
122 126
123 0
123 1
123 2
123 4
123 5
123 7
123 8
123 10
123 11
123 13
123 16
123 18
123 19
123 20
123 22
123 23
123 28
123 30
123 31
123 33
123 39
123 40
123 42
123 43
123 46
123 47
123 48
123 50
123 51
123 52
123 53
123 54
123 55
123 58
123 61
123 63
123 65
123 70
123 71
123 74
123 76
123 78
123 79
123 81
123 83
123 85
123 86
123 88
123 90
123 94
123 95
123 96
123 98
123 99
123 100
123 103
123 104
123 105
123 106
123 107
123 108
123 109
123 110
123 111
123 113
123 115
123 116
123 117
123 121
123 122
123 124
123 126
124 0
124 1
124 2
124 4
124 5
124 7
124 8
124 10
124 11
124 13
124 16
124 18
124 19
124 20
124 22
124 23
124 28
124 30
124 31
124 33
124 39
124 40
124 42
124 43
124 46
124 47
124 48
124 50
124 51
124 52
124 53
124 54
124 55
124 58
124 61
124 63
124 65
124 70
124 71
124 74
124 76
124 78
124 79
124 81
124 83
124 85
124 86
124 88
124 90
124 94
124 95
124 96
124 98
124 99
124 100
124 103
124 104
124 105
124 106
124 107
124 108
124 109
124 110
124 111
124 113
124 115
124 116
124 117
124 121
124 122
124 123
124 126
126 0
126 1
126 2
126 4
126 5
126 7
126 8
126 10
126 11
126 13
126 16
126 18
126 19
126 20
126 22
126 23
126 28
126 30
126 31
126 33
126 39
126 40
126 42
126 43
126 46
126 47
126 48
126 50
126 51
126 52
126 53
126 54
126 55
126 58
126 61
126 63
126 65
126 70
126 71
126 74
126 76
126 78
126 79
126 81
126 83
126 85
126 86
126 88
126 90
126 94
126 95
126 96
126 98
126 99
126 100
126 103
126 104
126 105
126 106
126 107
126 108
126 109
126 110
126 111
126 113
126 115
126 116
126 117
126 121
126 122
126 123
126 124
