64 1656
0 1
0 2
0 3
0 4
0 5
0 6
0 8
0 13
0 14
0 15
0 16
0 19
0 20
0 21
0 22
0 23
0 25
0 26
0 28
0 30
0 31
0 32
0 35
0 37
0 38
0 40
0 42
0 43
0 44
0 46
0 50
0 52
0 54
0 55
0 58
0 59
0 60
0 61
0 62
0 63
1 0
1 2
1 3
1 4
1 5
1 6
1 8
1 13
1 14
1 15
1 16
1 19
1 20
1 21
1 22
1 23
1 25
1 26
1 28
1 30
1 31
1 32
1 35
1 37
1 38
1 40
1 42
1 43
1 44
1 46
1 50
1 52
1 54
1 55
1 58
1 59
1 60
1 61
1 62
1 63
2 0
2 1
2 3
2 4
2 5
2 6
2 8
2 13
2 14
2 15
2 16
2 19
2 20
2 21
2 22
2 23
2 25
2 26
2 28
2 30
2 31
2 32
2 35
2 37
2 38
2 40
2 42
2 43
2 44
2 46
2 50
2 52
2 54
2 55
2 58
2 59
2 60
2 61
2 62
2 63
3 0
3 1
3 2
3 4
3 5
3 6
3 8
3 13
3 14
3 15
3 16
3 19
3 20
3 21
3 22
3 23
3 25
3 26
3 28
3 30
3 31
3 32
3 35
3 37
3 38
3 40
3 42
3 43
3 44
3 46
3 50
3 52
3 54
3 55
3 58
3 59
3 60
3 61
3 62
3 63
4 0
4 1
4 2
4 3
4 5
4 6
4 8
4 13
4 14
4 15
4 16
4 19
4 20
4 21
4 22
4 23
4 25
4 26
4 28
4 30
4 31
4 32
4 35
4 37
4 38
4 40
4 42
4 43
4 44
4 46
4 50
4 52
4 54
4 55
4 58
4 59
4 60
4 61
4 62
4 63
5 0
5 1
5 2
5 3
5 4
5 6
5 8
5 13
5 14
5 15
5 16
5 19
5 20
5 21
5 22
5 23
5 25
5 26
5 28
5 30
5 31
5 32
5 35
5 37
5 38
5 40
5 42
5 43
5 44
5 46
5 50
5 52
5 54
5 55
5 58
5 59
5 60
5 61
5 62
5 63
6 0
6 1
6 2
6 3
6 4
6 5
6 8
6 13
6 14
6 15
6 16
6 19
6 20
6 21
6 22
6 23
6 25
6 26
6 28
6 30
6 31
6 32
6 35
6 37
6 38
6 40
6 42
6 43
6 44
6 46
6 50
6 52
6 54
6 55
6 58
6 59
6 60
6 61
6 62
6 63
8 0
8 1
8 2
8 3
8 4
8 5
8 6
8 13
8 14
8 15
8 16
8 19
8 20
8 21
8 22
8 23
8 25
8 26
8 28
8 30
8 31
8 32
8 35
8 37
8 38
8 40
8 42
8 43
8 44
8 46
8 50
8 52
8 54
8 55
8 58
8 59
8 60
8 61
8 62
8 63
9 11
9 39
11 9
11 39
13 0
13 1
13 2
13 3
13 4
13 5
13 6
13 8
13 14
13 15
13 16
13 19
13 20
13 21
13 22
13 23
13 25
13 26
13 28
13 30
13 31
13 32
13 35
13 37
13 38
13 40
13 42
13 43
13 44
13 46
13 50
13 52
13 54
13 55
13 58
13 59
13 60
13 61
13 62
13 63
14 0
14 1
14 2
14 3
14 4
14 5
14 6
14 8
14 13
14 15
14 16
14 19
14 20
14 21
14 22
14 23
14 25
14 26
14 28
14 30
14 31
14 32
14 35
14 37
14 38
14 40
14 42
14 43
14 44
14 46
14 50
14 52
14 54
14 55
14 58
14 59
14 60
14 61
14 62
14 63
15 0
15 1
15 2
15 3
15 4
15 5
15 6
15 8
15 13
15 14
15 16
15 19
15 20
15 21
15 22
15 23
15 25
15 26
15 28
15 30
15 31
15 32
15 35
15 37
15 38
15 40
15 42
15 43
15 44
15 46
15 50
15 52
15 54
15 55
15 58
15 59
15 60
15 61
15 62
15 63
16 0
16 1
16 2
16 3
16 4
16 5
16 6
16 8
16 13
16 14
16 15
16 19
16 20
16 21
16 22
16 23
16 25
16 26
16 28
16 30
16 31
16 32
16 35
16 37
16 38
16 40
16 42
16 43
16 44
16 46
16 50
16 52
16 54
16 55
16 58
16 59
16 60
16 61
16 62
16 63
17 24
19 0
19 1
19 2
19 3
19 4
19 5
19 6
19 8
19 13
19 14
19 15
19 16
19 20
19 21
19 22
19 23
19 25
19 26
19 28
19 30
19 31
19 32
19 35
19 37
19 38
19 40
19 42
19 43
19 44
19 46
19 50
19 52
19 54
19 55
19 58
19 59
19 60
19 61
19 62
19 63
20 0
20 1
20 2
20 3
20 4
20 5
20 6
20 8
20 13
20 14
20 15
20 16
20 19
20 21
20 22
20 23
20 25
20 26
20 28
20 30
20 31
20 32
20 35
20 37
20 38
20 40
20 42
20 43
20 44
20 46
20 50
20 52
20 54
20 55
20 58
20 59
20 60
20 61
20 62
20 63
21 0
21 1
21 2
21 3
21 4
21 5
21 6
21 8
21 13
21 14
21 15
21 16
21 19
21 20
21 22
21 23
21 25
21 26
21 28
21 30
21 31
21 32
21 35
21 37
21 38
21 40
21 42
21 43
21 44
21 46
21 50
21 52
21 54
21 55
21 58
21 59
21 60
21 61
21 62
21 63
22 0
22 1
22 2
22 3
22 4
22 5
22 6
22 8
22 13
22 14
22 15
22 16
22 19
22 20
22 21
22 23
22 25
22 26
22 28
22 30
22 31
22 32
22 35
22 37
22 38
22 40
22 42
22 43
22 44
22 46
22 50
22 52
22 54
22 55
22 58
22 59
22 60
22 61
22 62
22 63
23 0
23 1
23 2
23 3
23 4
23 5
23 6
23 8
23 13
23 14
23 15
23 16
23 19
23 20
23 21
23 22
23 25
23 26
23 28
23 30
23 31
23 32
23 35
23 37
23 38
23 40
23 42
23 43
23 44
23 46
23 50
23 52
23 54
23 55
23 58
23 59
23 60
23 61
23 62
23 63
24 17
25 0
25 1
25 2
25 3
25 4
25 5
25 6
25 8
25 13
25 14
25 15
25 16
25 19
25 20
25 21
25 22
25 23
25 26
25 28
25 30
25 31
25 32
25 35
25 37
25 38
25 40
25 42
25 43
25 44
25 46
25 50
25 52
25 54
25 55
25 58
25 59
25 60
25 61
25 62
25 63
26 0
26 1
26 2
26 3
26 4
26 5
26 6
26 8
26 13
26 14
26 15
26 16
26 19
26 20
26 21
26 22
26 23
26 25
26 28
26 30
26 31
26 32
26 35
26 37
26 38
26 40
26 42
26 43
26 44
26 46
26 50
26 52
26 54
26 55
26 58
26 59
26 60
26 61
26 62
26 63
28 0
28 1
28 2
28 3
28 4
28 5
28 6
28 8
28 13
28 14
28 15
28 16
28 19
28 20
28 21
28 22
28 23
28 25
28 26
28 30
28 31
28 32
28 35
28 37
28 38
28 40
28 42
28 43
28 44
28 46
28 50
28 52
28 54
28 55
28 58
28 59
28 60
28 61
28 62
28 63
30 0
30 1
30 2
30 3
30 4
30 5
30 6
30 8
30 13
30 14
30 15
30 16
30 19
30 20
30 21
30 22
30 23
30 25
30 26
30 28
30 31
30 32
30 35
30 37
30 38
30 40
30 42
30 43
30 44
30 46
30 50
30 52
30 54
30 55
30 58
30 59
30 60
30 61
30 62
30 63
31 0
31 1
31 2
31 3
31 4
31 5
31 6
31 8
31 13
31 14
31 15
31 16
31 19
31 20
31 21
31 22
31 23
31 25
31 26
31 28
31 30
31 32
31 35
31 37
31 38
31 40
31 42
31 43
31 44
31 46
31 50
31 52
31 54
31 55
31 58
31 59
31 60
31 61
31 62
31 63
32 0
32 1
32 2
32 3
32 4
32 5
32 6
32 8
32 13
32 14
32 15
32 16
32 19
32 20
32 21
32 22
32 23
32 25
32 26
32 28
32 30
32 31
32 35
32 37
32 38
32 40
32 42
32 43
32 44
32 46
32 50
32 52
32 54
32 55
32 58
32 59
32 60
32 61
32 62
32 63
33 36
33 48
35 0
35 1
35 2
35 3
35 4
35 5
35 6
35 8
35 13
35 14
35 15
35 16
35 19
35 20
35 21
35 22
35 23
35 25
35 26
35 28
35 30
35 31
35 32
35 37
35 38
35 40
35 42
35 43
35 44
35 46
35 50
35 52
35 54
35 55
35 58
35 59
35 60
35 61
35 62
35 63
36 33
36 48
37 0
37 1
37 2
37 3
37 4
37 5
37 6
37 8
37 13
37 14
37 15
37 16
37 19
37 20
37 21
37 22
37 23
37 25
37 26
37 28
37 30
37 31
37 32
37 35
37 38
37 40
37 42
37 43
37 44
37 46
37 50
37 52
37 54
37 55
37 58
37 59
37 60
37 61
37 62
37 63
38 0
38 1
38 2
38 3
38 4
38 5
38 6
38 8
38 13
38 14
38 15
38 16
38 19
38 20
38 21
38 22
38 23
38 25
38 26
38 28
38 30
38 31
38 32
38 35
38 37
38 40
38 42
38 43
38 44
38 46
38 50
38 52
38 54
38 55
38 58
38 59
38 60
38 61
38 62
38 63
39 9
39 11
40 0
40 1
40 2
40 3
40 4
40 5
40 6
40 8
40 13
40 14
40 15
40 16
40 19
40 20
40 21
40 22
40 23
40 25
40 26
40 28
40 30
40 31
40 32
40 35
40 37
40 38
40 42
40 43
40 44
40 46
40 50
40 52
40 54
40 55
40 58
40 59
40 60
40 61
40 62
40 63
41 45
42 0
42 1
42 2
42 3
42 4
42 5
42 6
42 8
42 13
42 14
42 15
42 16
42 19
42 20
42 21
42 22
42 23
42 25
42 26
42 28
42 30
42 31
42 32
42 35
42 37
42 38
42 40
42 43
42 44
42 46
42 50
42 52
42 54
42 55
42 58
42 59
42 60
42 61
42 62
42 63
43 0
43 1
43 2
43 3
43 4
43 5
43 6
43 8
43 13
43 14
43 15
43 16
43 19
43 20
43 21
43 22
43 23
43 25
43 26
43 28
43 30
43 31
43 32
43 35
43 37
43 38
43 40
43 42
43 44
43 46
43 50
43 52
43 54
43 55
43 58
43 59
43 60
43 61
43 62
43 63
44 0
44 1
44 2
44 3
44 4
44 5
44 6
44 8
44 13
44 14
44 15
44 16
44 19
44 20
44 21
44 22
44 23
44 25
44 26
44 28
44 30
44 31
44 32
44 35
44 37
44 38
44 40
44 42
44 43
44 46
44 50
44 52
44 54
44 55
44 58
44 59
44 60
44 61
44 62
44 63
45 41
46 0
46 1
46 2
46 3
46 4
46 5
46 6
46 8
46 13
46 14
46 15
46 16
46 19
46 20
46 21
46 22
46 23
46 25
46 26
46 28
46 30
46 31
46 32
46 35
46 37
46 38
46 40
46 42
46 43
46 44
46 50
46 52
46 54
46 55
46 58
46 59
46 60
46 61
46 62
46 63
48 33
48 36
50 0
50 1
50 2
50 3
50 4
50 5
50 6
50 8
50 13
50 14
50 15
50 16
50 19
50 20
50 21
50 22
50 23
50 25
50 26
50 28
50 30
50 31
50 32
50 35
50 37
50 38
50 40
50 42
50 43
50 44
50 46
50 52
50 54
50 55
50 58
50 59
50 60
50 61
50 62
50 63
52 0
52 1
52 2
52 3
52 4
52 5
52 6
52 8
52 13
52 14
52 15
52 16
52 19
52 20
52 21
52 22
52 23
52 25
52 26
52 28
52 30
52 31
52 32
52 35
52 37
52 38
52 40
52 42
52 43
52 44
52 46
52 50
52 54
52 55
52 58
52 59
52 60
52 61
52 62
52 63
54 0
54 1
54 2
54 3
54 4
54 5
54 6
54 8
54 13
54 14
54 15
54 16
54 19
54 20
54 21
54 22
54 23
54 25
54 26
54 28
54 30
54 31
54 32
54 35
54 37
54 38
54 40
54 42
54 43
54 44
54 46
54 50
54 52
54 55
54 58
54 59
54 60
54 61
54 62
54 63
55 0
55 1
55 2
55 3
55 4
55 5
55 6
55 8
55 13
55 14
55 15
55 16
55 19
55 20
55 21
55 22
55 23
55 25
55 26
55 28
55 30
55 31
55 32
55 35
55 37
55 38
55 40
55 42
55 43
55 44
55 46
55 50
55 52
55 54
55 58
55 59
55 60
55 61
55 62
55 63
58 0
58 1
58 2
58 3
58 4
58 5
58 6
58 8
58 13
58 14
58 15
58 16
58 19
58 20
58 21
58 22
58 23
58 25
58 26
58 28
58 30
58 31
58 32
58 35
58 37
58 38
58 40
58 42
58 43
58 44
58 46
58 50
58 52
58 54
58 55
58 59
58 60
58 61
58 62
58 63
59 0
59 1
59 2
59 3
59 4
59 5
59 6
59 8
59 13
59 14
59 15
59 16
59 19
59 20
59 21
59 22
59 23
59 25
59 26
59 28
59 30
59 31
59 32
59 35
59 37
59 38
59 40
59 42
59 43
59 44
59 46
59 50
59 52
59 54
59 55
59 58
59 60
59 61
59 62
59 63
60 0
60 1
60 2
60 3
60 4
60 5
60 6
60 8
60 13
60 14
60 15
60 16
60 19
60 20
60 21
60 22
60 23
60 25
60 26
60 28
60 30
60 31
60 32
60 35
60 37
60 38
60 40
60 42
60 43
60 44
60 46
60 50
60 52
60 54
60 55
60 58
60 59
60 61
60 62
60 63
61 0
61 1
61 2
61 3
61 4
61 5
61 6
61 8
61 13
61 14
61 15
61 16
61 19
61 20
61 21
61 22
61 23
61 25
61 26
61 28
61 30
61 31
61 32
61 35
61 37
61 38
61 40
61 42
61 43
61 44
61 46
61 50
61 52
61 54
61 55
61 58
61 59
61 60
61 62
61 63
62 0
62 1
62 2
62 3
62 4
62 5
62 6
62 8
62 13
62 14
62 15
62 16
62 19
62 20
62 21
62 22
62 23
62 25
62 26
62 28
62 30
62 31
62 32
62 35
62 37
62 38
62 40
62 42
62 43
62 44
62 46
62 50
62 52
62 54
62 55
62 58
62 59
62 60
62 61
62 63
63 0
63 1
63 2
63 3
63 4
63 5
63 6
63 8
63 13
63 14
63 15
63 16
63 19
63 20
63 21
63 22
63 23
63 25
63 26
63 28
63 30
63 31
63 32
63 35
63 37
63 38
63 40
63 42
63 43
63 44
63 46
63 50
63 52
63 54
63 55
63 58
63 59
63 60
63 61
63 62
