128 5442
0 1
0 5
0 7
0 8
0 10
0 11
0 14
0 16
0 17
0 18
0 19
0 21
0 22
0 29
0 34
0 35
0 36
0 38
0 39
0 40
0 41
0 43
0 45
0 46
0 49
0 51
0 53
0 54
0 56
0 61
0 62
0 63
0 64
0 67
0 68
0 69
0 70
0 71
0 74
0 77
0 78
0 79
0 81
0 82
0 83
0 84
0 85
0 86
0 87
0 88
0 90
0 92
0 94
0 96
0 97
0 98
0 99
0 101
0 103
0 106
0 107
0 108
0 110
0 112
0 113
0 114
0 115
0 118
0 123
0 124
0 125
0 126
0 127
1 0
1 5
1 7
1 8
1 10
1 11
1 14
1 16
1 17
1 18
1 19
1 21
1 22
1 29
1 34
1 35
1 36
1 38
1 39
1 40
1 41
1 43
1 45
1 46
1 49
1 51
1 53
1 54
1 56
1 61
1 62
1 63
1 64
1 67
1 68
1 69
1 70
1 71
1 74
1 77
1 78
1 79
1 81
1 82
1 83
1 84
1 85
1 86
1 87
1 88
1 90
1 92
1 94
1 96
1 97
1 98
1 99
1 101
1 103
1 106
1 107
1 108
1 110
1 112
1 113
1 114
1 115
1 118
1 123
1 124
1 125
1 126
1 127
2 111
4 13
4 122
5 0
5 1
5 7
5 8
5 10
5 11
5 14
5 16
5 17
5 18
5 19
5 21
5 22
5 29
5 34
5 35
5 36
5 38
5 39
5 40
5 41
5 43
5 45
5 46
5 49
5 51
5 53
5 54
5 56
5 61
5 62
5 63
5 64
5 67
5 68
5 69
5 70
5 71
5 74
5 77
5 78
5 79
5 81
5 82
5 83
5 84
5 85
5 86
5 87
5 88
5 90
5 92
5 94
5 96
5 97
5 98
5 99
5 101
5 103
5 106
5 107
5 108
5 110
5 112
5 113
5 114
5 115
5 118
5 123
5 124
5 125
5 126
5 127
7 0
7 1
7 5
7 8
7 10
7 11
7 14
7 16
7 17
7 18
7 19
7 21
7 22
7 29
7 34
7 35
7 36
7 38
7 39
7 40
7 41
7 43
7 45
7 46
7 49
7 51
7 53
7 54
7 56
7 61
7 62
7 63
7 64
7 67
7 68
7 69
7 70
7 71
7 74
7 77
7 78
7 79
7 81
7 82
7 83
7 84
7 85
7 86
7 87
7 88
7 90
7 92
7 94
7 96
7 97
7 98
7 99
7 101
7 103
7 106
7 107
7 108
7 110
7 112
7 113
7 114
7 115
7 118
7 123
7 124
7 125
7 126
7 127
8 0
8 1
8 5
8 7
8 10
8 11
8 14
8 16
8 17
8 18
8 19
8 21
8 22
8 29
8 34
8 35
8 36
8 38
8 39
8 40
8 41
8 43
8 45
8 46
8 49
8 51
8 53
8 54
8 56
8 61
8 62
8 63
8 64
8 67
8 68
8 69
8 70
8 71
8 74
8 77
8 78
8 79
8 81
8 82
8 83
8 84
8 85
8 86
8 87
8 88
8 90
8 92
8 94
8 96
8 97
8 98
8 99
8 101
8 103
8 106
8 107
8 108
8 110
8 112
8 113
8 114
8 115
8 118
8 123
8 124
8 125
8 126
8 127
10 0
10 1
10 5
10 7
10 8
10 11
10 14
10 16
10 17
10 18
10 19
10 21
10 22
10 29
10 34
10 35
10 36
10 38
10 39
10 40
10 41
10 43
10 45
10 46
10 49
10 51
10 53
10 54
10 56
10 61
10 62
10 63
10 64
10 67
10 68
10 69
10 70
10 71
10 74
10 77
10 78
10 79
10 81
10 82
10 83
10 84
10 85
10 86
10 87
10 88
10 90
10 92
10 94
10 96
10 97
10 98
10 99
10 101
10 103
10 106
10 107
10 108
10 110
10 112
10 113
10 114
10 115
10 118
10 123
10 124
10 125
10 126
10 127
11 0
11 1
11 5
11 7
11 8
11 10
11 14
11 16
11 17
11 18
11 19
11 21
11 22
11 29
11 34
11 35
11 36
11 38
11 39
11 40
11 41
11 43
11 45
11 46
11 49
11 51
11 53
11 54
11 56
11 61
11 62
11 63
11 64
11 67
11 68
11 69
11 70
11 71
11 74
11 77
11 78
11 79
11 81
11 82
11 83
11 84
11 85
11 86
11 87
11 88
11 90
11 92
11 94
11 96
11 97
11 98
11 99
11 101
11 103
11 106
11 107
11 108
11 110
11 112
11 113
11 114
11 115
11 118
11 123
11 124
11 125
11 126
11 127
13 4
13 122
14 0
14 1
14 5
14 7
14 8
14 10
14 11
14 16
14 17
14 18
14 19
14 21
14 22
14 29
14 34
14 35
14 36
14 38
14 39
14 40
14 41
14 43
14 45
14 46
14 49
14 51
14 53
14 54
14 56
14 61
14 62
14 63
14 64
14 67
14 68
14 69
14 70
14 71
14 74
14 77
14 78
14 79
14 81
14 82
14 83
14 84
14 85
14 86
14 87
14 88
14 90
14 92
14 94
14 96
14 97
14 98
14 99
14 101
14 103
14 106
14 107
14 108
14 110
14 112
14 113
14 114
14 115
14 118
14 123
14 124
14 125
14 126
14 127
16 0
16 1
16 5
16 7
16 8
16 10
16 11
16 14
16 17
16 18
16 19
16 21
16 22
16 29
16 34
16 35
16 36
16 38
16 39
16 40
16 41
16 43
16 45
16 46
16 49
16 51
16 53
16 54
16 56
16 61
16 62
16 63
16 64
16 67
16 68
16 69
16 70
16 71
16 74
16 77
16 78
16 79
16 81
16 82
16 83
16 84
16 85
16 86
16 87
16 88
16 90
16 92
16 94
16 96
16 97
16 98
16 99
16 101
16 103
16 106
16 107
16 108
16 110
16 112
16 113
16 114
16 115
16 118
16 123
16 124
16 125
16 126
16 127
17 0
17 1
17 5
17 7
17 8
17 10
17 11
17 14
17 16
17 18
17 19
17 21
17 22
17 29
17 34
17 35
17 36
17 38
17 39
17 40
17 41
17 43
17 45
17 46
17 49
17 51
17 53
17 54
17 56
17 61
17 62
17 63
17 64
17 67
17 68
17 69
17 70
17 71
17 74
17 77
17 78
17 79
17 81
17 82
17 83
17 84
17 85
17 86
17 87
17 88
17 90
17 92
17 94
17 96
17 97
17 98
17 99
17 101
17 103
17 106
17 107
17 108
17 110
17 112
17 113
17 114
17 115
17 118
17 123
17 124
17 125
17 126
17 127
18 0
18 1
18 5
18 7
18 8
18 10
18 11
18 14
18 16
18 17
18 19
18 21
18 22
18 29
18 34
18 35
18 36
18 38
18 39
18 40
18 41
18 43
18 45
18 46
18 49
18 51
18 53
18 54
18 56
18 61
18 62
18 63
18 64
18 67
18 68
18 69
18 70
18 71
18 74
18 77
18 78
18 79
18 81
18 82
18 83
18 84
18 85
18 86
18 87
18 88
18 90
18 92
18 94
18 96
18 97
18 98
18 99
18 101
18 103
18 106
18 107
18 108
18 110
18 112
18 113
18 114
18 115
18 118
18 123
18 124
18 125
18 126
18 127
19 0
19 1
19 5
19 7
19 8
19 10
19 11
19 14
19 16
19 17
19 18
19 21
19 22
19 29
19 34
19 35
19 36
19 38
19 39
19 40
19 41
19 43
19 45
19 46
19 49
19 51
19 53
19 54
19 56
19 61
19 62
19 63
19 64
19 67
19 68
19 69
19 70
19 71
19 74
19 77
19 78
19 79
19 81
19 82
19 83
19 84
19 85
19 86
19 87
19 88
19 90
19 92
19 94
19 96
19 97
19 98
19 99
19 101
19 103
19 106
19 107
19 108
19 110
19 112
19 113
19 114
19 115
19 118
19 123
19 124
19 125
19 126
19 127
20 42
21 0
21 1
21 5
21 7
21 8
21 10
21 11
21 14
21 16
21 17
21 18
21 19
21 22
21 29
21 34
21 35
21 36
21 38
21 39
21 40
21 41
21 43
21 45
21 46
21 49
21 51
21 53
21 54
21 56
21 61
21 62
21 63
21 64
21 67
21 68
21 69
21 70
21 71
21 74
21 77
21 78
21 79
21 81
21 82
21 83
21 84
21 85
21 86
21 87
21 88
21 90
21 92
21 94
21 96
21 97
21 98
21 99
21 101
21 103
21 106
21 107
21 108
21 110
21 112
21 113
21 114
21 115
21 118
21 123
21 124
21 125
21 126
21 127
22 0
22 1
22 5
22 7
22 8
22 10
22 11
22 14
22 16
22 17
22 18
22 19
22 21
22 29
22 34
22 35
22 36
22 38
22 39
22 40
22 41
22 43
22 45
22 46
22 49
22 51
22 53
22 54
22 56
22 61
22 62
22 63
22 64
22 67
22 68
22 69
22 70
22 71
22 74
22 77
22 78
22 79
22 81
22 82
22 83
22 84
22 85
22 86
22 87
22 88
22 90
22 92
22 94
22 96
22 97
22 98
22 99
22 101
22 103
22 106
22 107
22 108
22 110
22 112
22 113
22 114
22 115
22 118
22 123
22 124
22 125
22 126
22 127
26 59
26 120
27 102
29 0
29 1
29 5
29 7
29 8
29 10
29 11
29 14
29 16
29 17
29 18
29 19
29 21
29 22
29 34
29 35
29 36
29 38
29 39
29 40
29 41
29 43
29 45
29 46
29 49
29 51
29 53
29 54
29 56
29 61
29 62
29 63
29 64
29 67
29 68
29 69
29 70
29 71
29 74
29 77
29 78
29 79
29 81
29 82
29 83
29 84
29 85
29 86
29 87
29 88
29 90
29 92
29 94
29 96
29 97
29 98
29 99
29 101
29 103
29 106
29 107
29 108
29 110
29 112
29 113
29 114
29 115
29 118
29 123
29 124
29 125
29 126
29 127
30 104
31 60
33 48
33 55
34 0
34 1
34 5
34 7
34 8
34 10
34 11
34 14
34 16
34 17
34 18
34 19
34 21
34 22
34 29
34 35
34 36
34 38
34 39
34 40
34 41
34 43
34 45
34 46
34 49
34 51
34 53
34 54
34 56
34 61
34 62
34 63
34 64
34 67
34 68
34 69
34 70
34 71
34 74
34 77
34 78
34 79
34 81
34 82
34 83
34 84
34 85
34 86
34 87
34 88
34 90
34 92
34 94
34 96
34 97
34 98
34 99
34 101
34 103
34 106
34 107
34 108
34 110
34 112
34 113
34 114
34 115
34 118
34 123
34 124
34 125
34 126
34 127
35 0
35 1
35 5
35 7
35 8
35 10
35 11
35 14
35 16
35 17
35 18
35 19
35 21
35 22
35 29
35 34
35 36
35 38
35 39
35 40
35 41
35 43
35 45
35 46
35 49
35 51
35 53
35 54
35 56
35 61
35 62
35 63
35 64
35 67
35 68
35 69
35 70
35 71
35 74
35 77
35 78
35 79
35 81
35 82
35 83
35 84
35 85
35 86
35 87
35 88
35 90
35 92
35 94
35 96
35 97
35 98
35 99
35 101
35 103
35 106
35 107
35 108
35 110
35 112
35 113
35 114
35 115
35 118
35 123
35 124
35 125
35 126
35 127
36 0
36 1
36 5
36 7
36 8
36 10
36 11
36 14
36 16
36 17
36 18
36 19
36 21
36 22
36 29
36 34
36 35
36 38
36 39
36 40
36 41
36 43
36 45
36 46
36 49
36 51
36 53
36 54
36 56
36 61
36 62
36 63
36 64
36 67
36 68
36 69
36 70
36 71
36 74
36 77
36 78
36 79
36 81
36 82
36 83
36 84
36 85
36 86
36 87
36 88
36 90
36 92
36 94
36 96
36 97
36 98
36 99
36 101
36 103
36 106
36 107
36 108
36 110
36 112
36 113
36 114
36 115
36 118
36 123
36 124
36 125
36 126
36 127
38 0
38 1
38 5
38 7
38 8
38 10
38 11
38 14
38 16
38 17
38 18
38 19
38 21
38 22
38 29
38 34
38 35
38 36
38 39
38 40
38 41
38 43
38 45
38 46
38 49
38 51
38 53
38 54
38 56
38 61
38 62
38 63
38 64
38 67
38 68
38 69
38 70
38 71
38 74
38 77
38 78
38 79
38 81
38 82
38 83
38 84
38 85
38 86
38 87
38 88
38 90
38 92
38 94
38 96
38 97
38 98
38 99
38 101
38 103
38 106
38 107
38 108
38 110
38 112
38 113
38 114
38 115
38 118
38 123
38 124
38 125
38 126
38 127
39 0
39 1
39 5
39 7
39 8
39 10
39 11
39 14
39 16
39 17
39 18
39 19
39 21
39 22
39 29
39 34
39 35
39 36
39 38
39 40
39 41
39 43
39 45
39 46
39 49
39 51
39 53
39 54
39 56
39 61
39 62
39 63
39 64
39 67
39 68
39 69
39 70
39 71
39 74
39 77
39 78
39 79
39 81
39 82
39 83
39 84
39 85
39 86
39 87
39 88
39 90
39 92
39 94
39 96
39 97
39 98
39 99
39 101
39 103
39 106
39 107
39 108
39 110
39 112
39 113
39 114
39 115
39 118
39 123
39 124
39 125
39 126
39 127
40 0
40 1
40 5
40 7
40 8
40 10
40 11
40 14
40 16
40 17
40 18
40 19
40 21
40 22
40 29
40 34
40 35
40 36
40 38
40 39
40 41
40 43
40 45
40 46
40 49
40 51
40 53
40 54
40 56
40 61
40 62
40 63
40 64
40 67
40 68
40 69
40 70
40 71
40 74
40 77
40 78
40 79
40 81
40 82
40 83
40 84
40 85
40 86
40 87
40 88
40 90
40 92
40 94
40 96
40 97
40 98
40 99
40 101
40 103
40 106
40 107
40 108
40 110
40 112
40 113
40 114
40 115
40 118
40 123
40 124
40 125
40 126
40 127
41 0
41 1
41 5
41 7
41 8
41 10
41 11
41 14
41 16
41 17
41 18
41 19
41 21
41 22
41 29
41 34
41 35
41 36
41 38
41 39
41 40
41 43
41 45
41 46
41 49
41 51
41 53
41 54
41 56
41 61
41 62
41 63
41 64
41 67
41 68
41 69
41 70
41 71
41 74
41 77
41 78
41 79
41 81
41 82
41 83
41 84
41 85
41 86
41 87
41 88
41 90
41 92
41 94
41 96
41 97
41 98
41 99
41 101
41 103
41 106
41 107
41 108
41 110
41 112
41 113
41 114
41 115
41 118
41 123
41 124
41 125
41 126
41 127
42 20
43 0
43 1
43 5
43 7
43 8
43 10
43 11
43 14
43 16
43 17
43 18
43 19
43 21
43 22
43 29
43 34
43 35
43 36
43 38
43 39
43 40
43 41
43 45
43 46
43 49
43 51
43 53
43 54
43 56
43 61
43 62
43 63
43 64
43 67
43 68
43 69
43 70
43 71
43 74
43 77
43 78
43 79
43 81
43 82
43 83
43 84
43 85
43 86
43 87
43 88
43 90
43 92
43 94
43 96
43 97
43 98
43 99
43 101
43 103
43 106
43 107
43 108
43 110
43 112
43 113
43 114
43 115
43 118
43 123
43 124
43 125
43 126
43 127
44 73
45 0
45 1
45 5
45 7
45 8
45 10
45 11
45 14
45 16
45 17
45 18
45 19
45 21
45 22
45 29
45 34
45 35
45 36
45 38
45 39
45 40
45 41
45 43
45 46
45 49
45 51
45 53
45 54
45 56
45 61
45 62
45 63
45 64
45 67
45 68
45 69
45 70
45 71
45 74
45 77
45 78
45 79
45 81
45 82
45 83
45 84
45 85
45 86
45 87
45 88
45 90
45 92
45 94
45 96
45 97
45 98
45 99
45 101
45 103
45 106
45 107
45 108
45 110
45 112
45 113
45 114
45 115
45 118
45 123
45 124
45 125
45 126
45 127
46 0
46 1
46 5
46 7
46 8
46 10
46 11
46 14
46 16
46 17
46 18
46 19
46 21
46 22
46 29
46 34
46 35
46 36
46 38
46 39
46 40
46 41
46 43
46 45
46 49
46 51
46 53
46 54
46 56
46 61
46 62
46 63
46 64
46 67
46 68
46 69
46 70
46 71
46 74
46 77
46 78
46 79
46 81
46 82
46 83
46 84
46 85
46 86
46 87
46 88
46 90
46 92
46 94
46 96
46 97
46 98
46 99
46 101
46 103
46 106
46 107
46 108
46 110
46 112
46 113
46 114
46 115
46 118
46 123
46 124
46 125
46 126
46 127
48 33
48 55
49 0
49 1
49 5
49 7
49 8
49 10
49 11
49 14
49 16
49 17
49 18
49 19
49 21
49 22
49 29
49 34
49 35
49 36
49 38
49 39
49 40
49 41
49 43
49 45
49 46
49 51
49 53
49 54
49 56
49 61
49 62
49 63
49 64
49 67
49 68
49 69
49 70
49 71
49 74
49 77
49 78
49 79
49 81
49 82
49 83
49 84
49 85
49 86
49 87
49 88
49 90
49 92
49 94
49 96
49 97
49 98
49 99
49 101
49 103
49 106
49 107
49 108
49 110
49 112
49 113
49 114
49 115
49 118
49 123
49 124
49 125
49 126
49 127
50 121
51 0
51 1
51 5
51 7
51 8
51 10
51 11
51 14
51 16
51 17
51 18
51 19
51 21
51 22
51 29
51 34
51 35
51 36
51 38
51 39
51 40
51 41
51 43
51 45
51 46
51 49
51 53
51 54
51 56
51 61
51 62
51 63
51 64
51 67
51 68
51 69
51 70
51 71
51 74
51 77
51 78
51 79
51 81
51 82
51 83
51 84
51 85
51 86
51 87
51 88
51 90
51 92
51 94
51 96
51 97
51 98
51 99
51 101
51 103
51 106
51 107
51 108
51 110
51 112
51 113
51 114
51 115
51 118
51 123
51 124
51 125
51 126
51 127
53 0
53 1
53 5
53 7
53 8
53 10
53 11
53 14
53 16
53 17
53 18
53 19
53 21
53 22
53 29
53 34
53 35
53 36
53 38
53 39
53 40
53 41
53 43
53 45
53 46
53 49
53 51
53 54
53 56
53 61
53 62
53 63
53 64
53 67
53 68
53 69
53 70
53 71
53 74
53 77
53 78
53 79
53 81
53 82
53 83
53 84
53 85
53 86
53 87
53 88
53 90
53 92
53 94
53 96
53 97
53 98
53 99
53 101
53 103
53 106
53 107
53 108
53 110
53 112
53 113
53 114
53 115
53 118
53 123
53 124
53 125
53 126
53 127
54 0
54 1
54 5
54 7
54 8
54 10
54 11
54 14
54 16
54 17
54 18
54 19
54 21
54 22
54 29
54 34
54 35
54 36
54 38
54 39
54 40
54 41
54 43
54 45
54 46
54 49
54 51
54 53
54 56
54 61
54 62
54 63
54 64
54 67
54 68
54 69
54 70
54 71
54 74
54 77
54 78
54 79
54 81
54 82
54 83
54 84
54 85
54 86
54 87
54 88
54 90
54 92
54 94
54 96
54 97
54 98
54 99
54 101
54 103
54 106
54 107
54 108
54 110
54 112
54 113
54 114
54 115
54 118
54 123
54 124
54 125
54 126
54 127
55 33
55 48
55 58
56 0
56 1
56 5
56 7
56 8
56 10
56 11
56 14
56 16
56 17
56 18
56 19
56 21
56 22
56 29
56 34
56 35
56 36
56 38
56 39
56 40
56 41
56 43
56 45
56 46
56 49
56 51
56 53
56 54
56 61
56 62
56 63
56 64
56 67
56 68
56 69
56 70
56 71
56 74
56 77
56 78
56 79
56 81
56 82
56 83
56 84
56 85
56 86
56 87
56 88
56 90
56 92
56 94
56 96
56 97
56 98
56 99
56 101
56 103
56 106
56 107
56 108
56 110
56 112
56 113
56 114
56 115
56 118
56 123
56 124
56 125
56 126
56 127
57 116
58 55
59 26
59 120
60 31
61 0
61 1
61 5
61 7
61 8
61 10
61 11
61 14
61 16
61 17
61 18
61 19
61 21
61 22
61 29
61 34
61 35
61 36
61 38
61 39
61 40
61 41
61 43
61 45
61 46
61 49
61 51
61 53
61 54
61 56
61 62
61 63
61 64
61 67
61 68
61 69
61 70
61 71
61 74
61 77
61 78
61 79
61 81
61 82
61 83
61 84
61 85
61 86
61 87
61 88
61 90
61 92
61 94
61 96
61 97
61 98
61 99
61 101
61 103
61 106
61 107
61 108
61 110
61 112
61 113
61 114
61 115
61 118
61 123
61 124
61 125
61 126
61 127
62 0
62 1
62 5
62 7
62 8
62 10
62 11
62 14
62 16
62 17
62 18
62 19
62 21
62 22
62 29
62 34
62 35
62 36
62 38
62 39
62 40
62 41
62 43
62 45
62 46
62 49
62 51
62 53
62 54
62 56
62 61
62 63
62 64
62 67
62 68
62 69
62 70
62 71
62 74
62 77
62 78
62 79
62 81
62 82
62 83
62 84
62 85
62 86
62 87
62 88
62 90
62 92
62 94
62 96
62 97
62 98
62 99
62 101
62 103
62 106
62 107
62 108
62 110
62 112
62 113
62 114
62 115
62 118
62 123
62 124
62 125
62 126
62 127
63 0
63 1
63 5
63 7
63 8
63 10
63 11
63 14
63 16
63 17
63 18
63 19
63 21
63 22
63 29
63 34
63 35
63 36
63 38
63 39
63 40
63 41
63 43
63 45
63 46
63 49
63 51
63 53
63 54
63 56
63 61
63 62
63 64
63 67
63 68
63 69
63 70
63 71
63 74
63 77
63 78
63 79
63 81
63 82
63 83
63 84
63 85
63 86
63 87
63 88
63 90
63 92
63 94
63 96
63 97
63 98
63 99
63 101
63 103
63 106
63 107
63 108
63 110
63 112
63 113
63 114
63 115
63 118
63 123
63 124
63 125
63 126
63 127
64 0
64 1
64 5
64 7
64 8
64 10
64 11
64 14
64 16
64 17
64 18
64 19
64 21
64 22
64 29
64 34
64 35
64 36
64 38
64 39
64 40
64 41
64 43
64 45
64 46
64 49
64 51
64 53
64 54
64 56
64 61
64 62
64 63
64 67
64 68
64 69
64 70
64 71
64 74
64 77
64 78
64 79
64 81
64 82
64 83
64 84
64 85
64 86
64 87
64 88
64 90
64 92
64 94
64 96
64 97
64 98
64 99
64 101
64 103
64 106
64 107
64 108
64 110
64 112
64 113
64 114
64 115
64 118
64 123
64 124
64 125
64 126
64 127
65 80
66 72
67 0
67 1
67 5
67 7
67 8
67 10
67 11
67 14
67 16
67 17
67 18
67 19
67 21
67 22
67 29
67 34
67 35
67 36
67 38
67 39
67 40
67 41
67 43
67 45
67 46
67 49
67 51
67 53
67 54
67 56
67 61
67 62
67 63
67 64
67 68
67 69
67 70
67 71
67 74
67 77
67 78
67 79
67 81
67 82
67 83
67 84
67 85
67 86
67 87
67 88
67 90
67 92
67 94
67 96
67 97
67 98
67 99
67 101
67 103
67 106
67 107
67 108
67 110
67 112
67 113
67 114
67 115
67 118
67 123
67 124
67 125
67 126
67 127
68 0
68 1
68 5
68 7
68 8
68 10
68 11
68 14
68 16
68 17
68 18
68 19
68 21
68 22
68 29
68 34
68 35
68 36
68 38
68 39
68 40
68 41
68 43
68 45
68 46
68 49
68 51
68 53
68 54
68 56
68 61
68 62
68 63
68 64
68 67
68 69
68 70
68 71
68 74
68 77
68 78
68 79
68 81
68 82
68 83
68 84
68 85
68 86
68 87
68 88
68 90
68 92
68 94
68 96
68 97
68 98
68 99
68 101
68 103
68 106
68 107
68 108
68 110
68 112
68 113
68 114
68 115
68 118
68 123
68 124
68 125
68 126
68 127
69 0
69 1
69 5
69 7
69 8
69 10
69 11
69 14
69 16
69 17
69 18
69 19
69 21
69 22
69 29
69 34
69 35
69 36
69 38
69 39
69 40
69 41
69 43
69 45
69 46
69 49
69 51
69 53
69 54
69 56
69 61
69 62
69 63
69 64
69 67
69 68
69 70
69 71
69 74
69 77
69 78
69 79
69 81
69 82
69 83
69 84
69 85
69 86
69 87
69 88
69 90
69 92
69 94
69 96
69 97
69 98
69 99
69 101
69 103
69 106
69 107
69 108
69 110
69 112
69 113
69 114
69 115
69 118
69 123
69 124
69 125
69 126
69 127
70 0
70 1
70 5
70 7
70 8
70 10
70 11
70 14
70 16
70 17
70 18
70 19
70 21
70 22
70 29
70 34
70 35
70 36
70 38
70 39
70 40
70 41
70 43
70 45
70 46
70 49
70 51
70 53
70 54
70 56
70 61
70 62
70 63
70 64
70 67
70 68
70 69
70 71
70 74
70 77
70 78
70 79
70 81
70 82
70 83
70 84
70 85
70 86
70 87
70 88
70 90
70 92
70 94
70 96
70 97
70 98
70 99
70 101
70 103
70 106
70 107
70 108
70 110
70 112
70 113
70 114
70 115
70 118
70 123
70 124
70 125
70 126
70 127
71 0
71 1
71 5
71 7
71 8
71 10
71 11
71 14
71 16
71 17
71 18
71 19
71 21
71 22
71 29
71 34
71 35
71 36
71 38
71 39
71 40
71 41
71 43
71 45
71 46
71 49
71 51
71 53
71 54
71 56
71 61
71 62
71 63
71 64
71 67
71 68
71 69
71 70
71 74
71 77
71 78
71 79
71 81
71 82
71 83
71 84
71 85
71 86
71 87
71 88
71 90
71 92
71 94
71 96
71 97
71 98
71 99
71 101
71 103
71 106
71 107
71 108
71 110
71 112
71 113
71 114
71 115
71 118
71 123
71 124
71 125
71 126
71 127
72 66
73 44
74 0
74 1
74 5
74 7
74 8
74 10
74 11
74 14
74 16
74 17
74 18
74 19
74 21
74 22
74 29
74 34
74 35
74 36
74 38
74 39
74 40
74 41
74 43
74 45
74 46
74 49
74 51
74 53
74 54
74 56
74 61
74 62
74 63
74 64
74 67
74 68
74 69
74 70
74 71
74 77
74 78
74 79
74 81
74 82
74 83
74 84
74 85
74 86
74 87
74 88
74 90
74 92
74 94
74 96
74 97
74 98
74 99
74 101
74 103
74 106
74 107
74 108
74 110
74 112
74 113
74 114
74 115
74 118
74 123
74 124
74 125
74 126
74 127
77 0
77 1
77 5
77 7
77 8
77 10
77 11
77 14
77 16
77 17
77 18
77 19
77 21
77 22
77 29
77 34
77 35
77 36
77 38
77 39
77 40
77 41
77 43
77 45
77 46
77 49
77 51
77 53
77 54
77 56
77 61
77 62
77 63
77 64
77 67
77 68
77 69
77 70
77 71
77 74
77 78
77 79
77 81
77 82
77 83
77 84
77 85
77 86
77 87
77 88
77 90
77 92
77 94
77 96
77 97
77 98
77 99
77 101
77 103
77 106
77 107
77 108
77 110
77 112
77 113
77 114
77 115
77 118
77 123
77 124
77 125
77 126
77 127
78 0
78 1
78 5
78 7
78 8
78 10
78 11
78 14
78 16
78 17
78 18
78 19
78 21
78 22
78 29
78 34
78 35
78 36
78 38
78 39
78 40
78 41
78 43
78 45
78 46
78 49
78 51
78 53
78 54
78 56
78 61
78 62
78 63
78 64
78 67
78 68
78 69
78 70
78 71
78 74
78 77
78 79
78 81
78 82
78 83
78 84
78 85
78 86
78 87
78 88
78 90
78 92
78 94
78 96
78 97
78 98
78 99
78 101
78 103
78 106
78 107
78 108
78 110
78 112
78 113
78 114
78 115
78 118
78 123
78 124
78 125
78 126
78 127
79 0
79 1
79 5
79 7
79 8
79 10
79 11
79 14
79 16
79 17
79 18
79 19
79 21
79 22
79 29
79 34
79 35
79 36
79 38
79 39
79 40
79 41
79 43
79 45
79 46
79 49
79 51
79 53
79 54
79 56
79 61
79 62
79 63
79 64
79 67
79 68
79 69
79 70
79 71
79 74
79 77
79 78
79 81
79 82
79 83
79 84
79 85
79 86
79 87
79 88
79 90
79 92
79 94
79 96
79 97
79 98
79 99
79 101
79 103
79 106
79 107
79 108
79 110
79 112
79 113
79 114
79 115
79 118
79 123
79 124
79 125
79 126
79 127
80 65
81 0
81 1
81 5
81 7
81 8
81 10
81 11
81 14
81 16
81 17
81 18
81 19
81 21
81 22
81 29
81 34
81 35
81 36
81 38
81 39
81 40
81 41
81 43
81 45
81 46
81 49
81 51
81 53
81 54
81 56
81 61
81 62
81 63
81 64
81 67
81 68
81 69
81 70
81 71
81 74
81 77
81 78
81 79
81 82
81 83
81 84
81 85
81 86
81 87
81 88
81 90
81 92
81 94
81 96
81 97
81 98
81 99
81 101
81 103
81 106
81 107
81 108
81 110
81 112
81 113
81 114
81 115
81 118
81 123
81 124
81 125
81 126
81 127
82 0
82 1
82 5
82 7
82 8
82 10
82 11
82 14
82 16
82 17
82 18
82 19
82 21
82 22
82 29
82 34
82 35
82 36
82 38
82 39
82 40
82 41
82 43
82 45
82 46
82 49
82 51
82 53
82 54
82 56
82 61
82 62
82 63
82 64
82 67
82 68
82 69
82 70
82 71
82 74
82 77
82 78
82 79
82 81
82 83
82 84
82 85
82 86
82 87
82 88
82 90
82 92
82 94
82 96
82 97
82 98
82 99
82 101
82 103
82 106
82 107
82 108
82 110
82 112
82 113
82 114
82 115
82 118
82 123
82 124
82 125
82 126
82 127
83 0
83 1
83 5
83 7
83 8
83 10
83 11
83 14
83 16
83 17
83 18
83 19
83 21
83 22
83 29
83 34
83 35
83 36
83 38
83 39
83 40
83 41
83 43
83 45
83 46
83 49
83 51
83 53
83 54
83 56
83 61
83 62
83 63
83 64
83 67
83 68
83 69
83 70
83 71
83 74
83 77
83 78
83 79
83 81
83 82
83 84
83 85
83 86
83 87
83 88
83 90
83 92
83 94
83 96
83 97
83 98
83 99
83 101
83 103
83 106
83 107
83 108
83 110
83 112
83 113
83 114
83 115
83 118
83 123
83 124
83 125
83 126
83 127
84 0
84 1
84 5
84 7
84 8
84 10
84 11
84 14
84 16
84 17
84 18
84 19
84 21
84 22
84 29
84 34
84 35
84 36
84 38
84 39
84 40
84 41
84 43
84 45
84 46
84 49
84 51
84 53
84 54
84 56
84 61
84 62
84 63
84 64
84 67
84 68
84 69
84 70
84 71
84 74
84 77
84 78
84 79
84 81
84 82
84 83
84 85
84 86
84 87
84 88
84 90
84 92
84 94
84 96
84 97
84 98
84 99
84 101
84 103
84 106
84 107
84 108
84 110
84 112
84 113
84 114
84 115
84 118
84 123
84 124
84 125
84 126
84 127
85 0
85 1
85 5
85 7
85 8
85 10
85 11
85 14
85 16
85 17
85 18
85 19
85 21
85 22
85 29
85 34
85 35
85 36
85 38
85 39
85 40
85 41
85 43
85 45
85 46
85 49
85 51
85 53
85 54
85 56
85 61
85 62
85 63
85 64
85 67
85 68
85 69
85 70
85 71
85 74
85 77
85 78
85 79
85 81
85 82
85 83
85 84
85 86
85 87
85 88
85 90
85 92
85 94
85 96
85 97
85 98
85 99
85 101
85 103
85 106
85 107
85 108
85 110
85 112
85 113
85 114
85 115
85 118
85 123
85 124
85 125
85 126
85 127
86 0
86 1
86 5
86 7
86 8
86 10
86 11
86 14
86 16
86 17
86 18
86 19
86 21
86 22
86 29
86 34
86 35
86 36
86 38
86 39
86 40
86 41
86 43
86 45
86 46
86 49
86 51
86 53
86 54
86 56
86 61
86 62
86 63
86 64
86 67
86 68
86 69
86 70
86 71
86 74
86 77
86 78
86 79
86 81
86 82
86 83
86 84
86 85
86 87
86 88
86 90
86 92
86 94
86 96
86 97
86 98
86 99
86 101
86 103
86 106
86 107
86 108
86 110
86 112
86 113
86 114
86 115
86 118
86 123
86 124
86 125
86 126
86 127
87 0
87 1
87 5
87 7
87 8
87 10
87 11
87 14
87 16
87 17
87 18
87 19
87 21
87 22
87 29
87 34
87 35
87 36
87 38
87 39
87 40
87 41
87 43
87 45
87 46
87 49
87 51
87 53
87 54
87 56
87 61
87 62
87 63
87 64
87 67
87 68
87 69
87 70
87 71
87 74
87 77
87 78
87 79
87 81
87 82
87 83
87 84
87 85
87 86
87 88
87 90
87 92
87 94
87 96
87 97
87 98
87 99
87 101
87 103
87 106
87 107
87 108
87 110
87 112
87 113
87 114
87 115
87 118
87 123
87 124
87 125
87 126
87 127
88 0
88 1
88 5
88 7
88 8
88 10
88 11
88 14
88 16
88 17
88 18
88 19
88 21
88 22
88 29
88 34
88 35
88 36
88 38
88 39
88 40
88 41
88 43
88 45
88 46
88 49
88 51
88 53
88 54
88 56
88 61
88 62
88 63
88 64
88 67
88 68
88 69
88 70
88 71
88 74
88 77
88 78
88 79
88 81
88 82
88 83
88 84
88 85
88 86
88 87
88 90
88 92
88 94
88 96
88 97
88 98
88 99
88 101
88 103
88 106
88 107
88 108
88 110
88 112
88 113
88 114
88 115
88 118
88 123
88 124
88 125
88 126
88 127
90 0
90 1
90 5
90 7
90 8
90 10
90 11
90 14
90 16
90 17
90 18
90 19
90 21
90 22
90 29
90 34
90 35
90 36
90 38
90 39
90 40
90 41
90 43
90 45
90 46
90 49
90 51
90 53
90 54
90 56
90 61
90 62
90 63
90 64
90 67
90 68
90 69
90 70
90 71
90 74
90 77
90 78
90 79
90 81
90 82
90 83
90 84
90 85
90 86
90 87
90 88
90 92
90 94
90 96
90 97
90 98
90 99
90 101
90 103
90 106
90 107
90 108
90 110
90 112
90 113
90 114
90 115
90 118
90 123
90 124
90 125
90 126
90 127
92 0
92 1
92 5
92 7
92 8
92 10
92 11
92 14
92 16
92 17
92 18
92 19
92 21
92 22
92 29
92 34
92 35
92 36
92 38
92 39
92 40
92 41
92 43
92 45
92 46
92 49
92 51
92 53
92 54
92 56
92 61
92 62
92 63
92 64
92 67
92 68
92 69
92 70
92 71
92 74
92 77
92 78
92 79
92 81
92 82
92 83
92 84
92 85
92 86
92 87
92 88
92 90
92 94
92 96
92 97
92 98
92 99
92 101
92 103
92 106
92 107
92 108
92 110
92 112
92 113
92 114
92 115
92 118
92 123
92 124
92 125
92 126
92 127
94 0
94 1
94 5
94 7
94 8
94 10
94 11
94 14
94 16
94 17
94 18
94 19
94 21
94 22
94 29
94 34
94 35
94 36
94 38
94 39
94 40
94 41
94 43
94 45
94 46
94 49
94 51
94 53
94 54
94 56
94 61
94 62
94 63
94 64
94 67
94 68
94 69
94 70
94 71
94 74
94 77
94 78
94 79
94 81
94 82
94 83
94 84
94 85
94 86
94 87
94 88
94 90
94 92
94 96
94 97
94 98
94 99
94 101
94 103
94 106
94 107
94 108
94 110
94 112
94 113
94 114
94 115
94 118
94 123
94 124
94 125
94 126
94 127
96 0
96 1
96 5
96 7
96 8
96 10
96 11
96 14
96 16
96 17
96 18
96 19
96 21
96 22
96 29
96 34
96 35
96 36
96 38
96 39
96 40
96 41
96 43
96 45
96 46
96 49
96 51
96 53
96 54
96 56
96 61
96 62
96 63
96 64
96 67
96 68
96 69
96 70
96 71
96 74
96 77
96 78
96 79
96 81
96 82
96 83
96 84
96 85
96 86
96 87
96 88
96 90
96 92
96 94
96 97
96 98
96 99
96 101
96 103
96 106
96 107
96 108
96 110
96 112
96 113
96 114
96 115
96 118
96 123
96 124
96 125
96 126
96 127
97 0
97 1
97 5
97 7
97 8
97 10
97 11
97 14
97 16
97 17
97 18
97 19
97 21
97 22
97 29
97 34
97 35
97 36
97 38
97 39
97 40
97 41
97 43
97 45
97 46
97 49
97 51
97 53
97 54
97 56
97 61
97 62
97 63
97 64
97 67
97 68
97 69
97 70
97 71
97 74
97 77
97 78
97 79
97 81
97 82
97 83
97 84
97 85
97 86
97 87
97 88
97 90
97 92
97 94
97 96
97 98
97 99
97 101
97 103
97 106
97 107
97 108
97 110
97 112
97 113
97 114
97 115
97 118
97 123
97 124
97 125
97 126
97 127
98 0
98 1
98 5
98 7
98 8
98 10
98 11
98 14
98 16
98 17
98 18
98 19
98 21
98 22
98 29
98 34
98 35
98 36
98 38
98 39
98 40
98 41
98 43
98 45
98 46
98 49
98 51
98 53
98 54
98 56
98 61
98 62
98 63
98 64
98 67
98 68
98 69
98 70
98 71
98 74
98 77
98 78
98 79
98 81
98 82
98 83
98 84
98 85
98 86
98 87
98 88
98 90
98 92
98 94
98 96
98 97
98 99
98 101
98 103
98 106
98 107
98 108
98 110
98 112
98 113
98 114
98 115
98 118
98 123
98 124
98 125
98 126
98 127
99 0
99 1
99 5
99 7
99 8
99 10
99 11
99 14
99 16
99 17
99 18
99 19
99 21
99 22
99 29
99 34
99 35
99 36
99 38
99 39
99 40
99 41
99 43
99 45
99 46
99 49
99 51
99 53
99 54
99 56
99 61
99 62
99 63
99 64
99 67
99 68
99 69
99 70
99 71
99 74
99 77
99 78
99 79
99 81
99 82
99 83
99 84
99 85
99 86
99 87
99 88
99 90
99 92
99 94
99 96
99 97
99 98
99 101
99 103
99 106
99 107
99 108
99 110
99 112
99 113
99 114
99 115
99 118
99 123
99 124
99 125
99 126
99 127
101 0
101 1
101 5
101 7
101 8
101 10
101 11
101 14
101 16
101 17
101 18
101 19
101 21
101 22
101 29
101 34
101 35
101 36
101 38
101 39
101 40
101 41
101 43
101 45
101 46
101 49
101 51
101 53
101 54
101 56
101 61
101 62
101 63
101 64
101 67
101 68
101 69
101 70
101 71
101 74
101 77
101 78
101 79
101 81
101 82
101 83
101 84
101 85
101 86
101 87
101 88
101 90
101 92
101 94
101 96
101 97
101 98
101 99
101 103
101 106
101 107
101 108
101 110
101 112
101 113
101 114
101 115
101 118
101 123
101 124
101 125
101 126
101 127
102 27
103 0
103 1
103 5
103 7
103 8
103 10
103 11
103 14
103 16
103 17
103 18
103 19
103 21
103 22
103 29
103 34
103 35
103 36
103 38
103 39
103 40
103 41
103 43
103 45
103 46
103 49
103 51
103 53
103 54
103 56
103 61
103 62
103 63
103 64
103 67
103 68
103 69
103 70
103 71
103 74
103 77
103 78
103 79
103 81
103 82
103 83
103 84
103 85
103 86
103 87
103 88
103 90
103 92
103 94
103 96
103 97
103 98
103 99
103 101
103 106
103 107
103 108
103 110
103 112
103 113
103 114
103 115
103 118
103 123
103 124
103 125
103 126
103 127
104 30
106 0
106 1
106 5
106 7
106 8
106 10
106 11
106 14
106 16
106 17
106 18
106 19
106 21
106 22
106 29
106 34
106 35
106 36
106 38
106 39
106 40
106 41
106 43
106 45
106 46
106 49
106 51
106 53
106 54
106 56
106 61
106 62
106 63
106 64
106 67
106 68
106 69
106 70
106 71
106 74
106 77
106 78
106 79
106 81
106 82
106 83
106 84
106 85
106 86
106 87
106 88
106 90
106 92
106 94
106 96
106 97
106 98
106 99
106 101
106 103
106 107
106 108
106 110
106 112
106 113
106 114
106 115
106 118
106 123
106 124
106 125
106 126
106 127
107 0
107 1
107 5
107 7
107 8
107 10
107 11
107 14
107 16
107 17
107 18
107 19
107 21
107 22
107 29
107 34
107 35
107 36
107 38
107 39
107 40
107 41
107 43
107 45
107 46
107 49
107 51
107 53
107 54
107 56
107 61
107 62
107 63
107 64
107 67
107 68
107 69
107 70
107 71
107 74
107 77
107 78
107 79
107 81
107 82
107 83
107 84
107 85
107 86
107 87
107 88
107 90
107 92
107 94
107 96
107 97
107 98
107 99
107 101
107 103
107 106
107 108
107 110
107 112
107 113
107 114
107 115
107 118
107 123
107 124
107 125
107 126
107 127
108 0
108 1
108 5
108 7
108 8
108 10
108 11
108 14
108 16
108 17
108 18
108 19
108 21
108 22
108 29
108 34
108 35
108 36
108 38
108 39
108 40
108 41
108 43
108 45
108 46
108 49
108 51
108 53
108 54
108 56
108 61
108 62
108 63
108 64
108 67
108 68
108 69
108 70
108 71
108 74
108 77
108 78
108 79
108 81
108 82
108 83
108 84
108 85
108 86
108 87
108 88
108 90
108 92
108 94
108 96
108 97
108 98
108 99
108 101
108 103
108 106
108 107
108 110
108 112
108 113
108 114
108 115
108 118
108 123
108 124
108 125
108 126
108 127
110 0
110 1
110 5
110 7
110 8
110 10
110 11
110 14
110 16
110 17
110 18
110 19
110 21
110 22
110 29
110 34
110 35
110 36
110 38
110 39
110 40
110 41
110 43
110 45
110 46
110 49
110 51
110 53
110 54
110 56
110 61
110 62
110 63
110 64
110 67
110 68
110 69
110 70
110 71
110 74
110 77
110 78
110 79
110 81
110 82
110 83
110 84
110 85
110 86
110 87
110 88
110 90
110 92
110 94
110 96
110 97
110 98
110 99
110 101
110 103
110 106
110 107
110 108
110 112
110 113
110 114
110 115
110 118
110 123
110 124
110 125
110 126
110 127
111 2
112 0
112 1
112 5
112 7
112 8
112 10
112 11
112 14
112 16
112 17
112 18
112 19
112 21
112 22
112 29
112 34
112 35
112 36
112 38
112 39
112 40
112 41
112 43
112 45
112 46
112 49
112 51
112 53
112 54
112 56
112 61
112 62
112 63
112 64
112 67
112 68
112 69
112 70
112 71
112 74
112 77
112 78
112 79
112 81
112 82
112 83
112 84
112 85
112 86
112 87
112 88
112 90
112 92
112 94
112 96
112 97
112 98
112 99
112 101
112 103
112 106
112 107
112 108
112 110
112 113
112 114
112 115
112 118
112 123
112 124
112 125
112 126
112 127
113 0
113 1
113 5
113 7
113 8
113 10
113 11
113 14
113 16
113 17
113 18
113 19
113 21
113 22
113 29
113 34
113 35
113 36
113 38
113 39
113 40
113 41
113 43
113 45
113 46
113 49
113 51
113 53
113 54
113 56
113 61
113 62
113 63
113 64
113 67
113 68
113 69
113 70
113 71
113 74
113 77
113 78
113 79
113 81
113 82
113 83
113 84
113 85
113 86
113 87
113 88
113 90
113 92
113 94
113 96
113 97
113 98
113 99
113 101
113 103
113 106
113 107
113 108
113 110
113 112
113 114
113 115
113 118
113 123
113 124
113 125
113 126
113 127
114 0
114 1
114 5
114 7
114 8
114 10
114 11
114 14
114 16
114 17
114 18
114 19
114 21
114 22
114 29
114 34
114 35
114 36
114 38
114 39
114 40
114 41
114 43
114 45
114 46
114 49
114 51
114 53
114 54
114 56
114 61
114 62
114 63
114 64
114 67
114 68
114 69
114 70
114 71
114 74
114 77
114 78
114 79
114 81
114 82
114 83
114 84
114 85
114 86
114 87
114 88
114 90
114 92
114 94
114 96
114 97
114 98
114 99
114 101
114 103
114 106
114 107
114 108
114 110
114 112
114 113
114 115
114 118
114 123
114 124
114 125
114 126
114 127
115 0
115 1
115 5
115 7
115 8
115 10
115 11
115 14
115 16
115 17
115 18
115 19
115 21
115 22
115 29
115 34
115 35
115 36
115 38
115 39
115 40
115 41
115 43
115 45
115 46
115 49
115 51
115 53
115 54
115 56
115 61
115 62
115 63
115 64
115 67
115 68
115 69
115 70
115 71
115 74
115 77
115 78
115 79
115 81
115 82
115 83
115 84
115 85
115 86
115 87
115 88
115 90
115 92
115 94
115 96
115 97
115 98
115 99
115 101
115 103
115 106
115 107
115 108
115 110
115 112
115 113
115 114
115 118
115 123
115 124
115 125
115 126
115 127
116 57
118 0
118 1
118 5
118 7
118 8
118 10
118 11
118 14
118 16
118 17
118 18
118 19
118 21
118 22
118 29
118 34
118 35
118 36
118 38
118 39
118 40
118 41
118 43
118 45
118 46
118 49
118 51
118 53
118 54
118 56
118 61
118 62
118 63
118 64
118 67
118 68
118 69
118 70
118 71
118 74
118 77
118 78
118 79
118 81
118 82
118 83
118 84
118 85
118 86
118 87
118 88
118 90
118 92
118 94
118 96
118 97
118 98
118 99
118 101
118 103
118 106
118 107
118 108
118 110
118 112
118 113
118 114
118 115
118 123
118 124
118 125
118 126
118 127
120 26
120 59
121 50
122 4
122 13
123 0
123 1
123 5
123 7
123 8
123 10
123 11
123 14
123 16
123 17
123 18
123 19
123 21
123 22
123 29
123 34
123 35
123 36
123 38
123 39
123 40
123 41
123 43
123 45
123 46
123 49
123 51
123 53
123 54
123 56
123 61
123 62
123 63
123 64
123 67
123 68
123 69
123 70
123 71
123 74
123 77
123 78
123 79
123 81
123 82
123 83
123 84
123 85
123 86
123 87
123 88
123 90
123 92
123 94
123 96
123 97
123 98
123 99
123 101
123 103
123 106
123 107
123 108
123 110
123 112
123 113
123 114
123 115
123 118
123 124
123 125
123 126
123 127
124 0
124 1
124 5
124 7
124 8
124 10
124 11
124 14
124 16
124 17
124 18
124 19
124 21
124 22
124 29
124 34
124 35
124 36
124 38
124 39
124 40
124 41
124 43
124 45
124 46
124 49
124 51
124 53
124 54
124 56
124 61
124 62
124 63
124 64
124 67
124 68
124 69
124 70
124 71
124 74
124 77
124 78
124 79
124 81
124 82
124 83
124 84
124 85
124 86
124 87
124 88
124 90
124 92
124 94
124 96
124 97
124 98
124 99
124 101
124 103
124 106
124 107
124 108
124 110
124 112
124 113
124 114
124 115
124 118
124 123
124 125
124 126
124 127
125 0
125 1
125 5
125 7
125 8
125 10
125 11
125 14
125 16
125 17
125 18
125 19
125 21
125 22
125 29
125 34
125 35
125 36
125 38
125 39
125 40
125 41
125 43
125 45
125 46
125 49
125 51
125 53
125 54
125 56
125 61
125 62
125 63
125 64
125 67
125 68
125 69
125 70
125 71
125 74
125 77
125 78
125 79
125 81
125 82
125 83
125 84
125 85
125 86
125 87
125 88
125 90
125 92
125 94
125 96
125 97
125 98
125 99
125 101
125 103
125 106
125 107
125 108
125 110
125 112
125 113
125 114
125 115
125 118
125 123
125 124
125 126
125 127
126 0
126 1
126 5
126 7
126 8
126 10
126 11
126 14
126 16
126 17
126 18
126 19
126 21
126 22
126 29
126 34
126 35
126 36
126 38
126 39
126 40
126 41
126 43
126 45
126 46
126 49
126 51
126 53
126 54
126 56
126 61
126 62
126 63
126 64
126 67
126 68
126 69
126 70
126 71
126 74
126 77
126 78
126 79
126 81
126 82
126 83
126 84
126 85
126 86
126 87
126 88
126 90
126 92
126 94
126 96
126 97
126 98
126 99
126 101
126 103
126 106
126 107
126 108
126 110
126 112
126 113
126 114
126 115
126 118
126 123
126 124
126 125
126 127
127 0
127 1
127 5
127 7
127 8
127 10
127 11
127 14
127 16
127 17
127 18
127 19
127 21
127 22
127 29
127 34
127 35
127 36
127 38
127 39
127 40
127 41
127 43
127 45
127 46
127 49
127 51
127 53
127 54
127 56
127 61
127 62
127 63
127 64
127 67
127 68
127 69
127 70
127 71
127 74
127 77
127 78
127 79
127 81
127 82
127 83
127 84
127 85
127 86
127 87
127 88
127 90
127 92
127 94
127 96
127 97
127 98
127 99
127 101
127 103
127 106
127 107
127 108
127 110
127 112
127 113
127 114
127 115
127 118
127 123
127 124
127 125
127 126
