128 4122
1 3
1 5
1 6
1 7
1 8
1 11
1 12
1 14
1 17
1 20
1 21
1 23
1 25
1 29
1 30
1 31
1 32
1 35
1 36
1 38
1 39
1 41
1 42
1 43
1 45
1 46
1 49
1 54
1 55
1 62
1 64
1 65
1 67
1 68
1 69
1 71
1 74
1 77
1 79
1 80
1 81
1 84
1 86
1 87
1 90
1 91
1 94
1 95
1 100
1 101
1 103
1 104
1 105
1 106
1 107
1 109
1 112
1 113
1 115
1 116
1 117
1 124
1 127
2 111
3 1
3 5
3 6
3 7
3 8
3 11
3 12
3 14
3 17
3 20
3 21
3 23
3 25
3 29
3 30
3 31
3 32
3 35
3 36
3 38
3 39
3 41
3 42
3 43
3 45
3 46
3 49
3 54
3 55
3 62
3 64
3 65
3 67
3 68
3 69
3 71
3 74
3 77
3 79
3 80
3 81
3 84
3 86
3 87
3 90
3 91
3 94
3 95
3 100
3 101
3 103
3 104
3 105
3 106
3 107
3 109
3 112
3 113
3 115
3 116
3 117
3 124
3 127
4 13
4 122
5 1
5 3
5 6
5 7
5 8
5 11
5 12
5 14
5 17
5 20
5 21
5 23
5 25
5 29
5 30
5 31
5 32
5 35
5 36
5 38
5 39
5 41
5 42
5 43
5 45
5 46
5 49
5 54
5 55
5 62
5 64
5 65
5 67
5 68
5 69
5 71
5 74
5 77
5 79
5 80
5 81
5 84
5 86
5 87
5 90
5 91
5 94
5 95
5 100
5 101
5 103
5 104
5 105
5 106
5 107
5 109
5 112
5 113
5 115
5 116
5 117
5 124
5 127
6 1
6 3
6 5
6 7
6 8
6 11
6 12
6 14
6 17
6 20
6 21
6 23
6 25
6 29
6 30
6 31
6 32
6 35
6 36
6 38
6 39
6 41
6 42
6 43
6 45
6 46
6 49
6 54
6 55
6 62
6 64
6 65
6 67
6 68
6 69
6 71
6 74
6 77
6 79
6 80
6 81
6 84
6 86
6 87
6 90
6 91
6 94
6 95
6 100
6 101
6 103
6 104
6 105
6 106
6 107
6 109
6 112
6 113
6 115
6 116
6 117
6 124
6 127
7 1
7 3
7 5
7 6
7 8
7 11
7 12
7 14
7 17
7 20
7 21
7 23
7 25
7 29
7 30
7 31
7 32
7 35
7 36
7 38
7 39
7 41
7 42
7 43
7 45
7 46
7 49
7 54
7 55
7 62
7 64
7 65
7 67
7 68
7 69
7 71
7 74
7 77
7 79
7 80
7 81
7 84
7 86
7 87
7 90
7 91
7 94
7 95
7 100
7 101
7 103
7 104
7 105
7 106
7 107
7 109
7 112
7 113
7 115
7 116
7 117
7 124
7 127
8 1
8 3
8 5
8 6
8 7
8 11
8 12
8 14
8 17
8 20
8 21
8 23
8 25
8 29
8 30
8 31
8 32
8 35
8 36
8 38
8 39
8 41
8 42
8 43
8 45
8 46
8 49
8 54
8 55
8 62
8 64
8 65
8 67
8 68
8 69
8 71
8 74
8 77
8 79
8 80
8 81
8 84
8 86
8 87
8 90
8 91
8 94
8 95
8 100
8 101
8 103
8 104
8 105
8 106
8 107
8 109
8 112
8 113
8 115
8 116
8 117
8 124
8 127
9 33
9 48
11 1
11 3
11 5
11 6
11 7
11 8
11 12
11 14
11 17
11 20
11 21
11 23
11 25
11 29
11 30
11 31
11 32
11 35
11 36
11 38
11 39
11 41
11 42
11 43
11 45
11 46
11 49
11 54
11 55
11 62
11 64
11 65
11 67
11 68
11 69
11 71
11 74
11 77
11 79
11 80
11 81
11 84
11 86
11 87
11 90
11 91
11 94
11 95
11 100
11 101
11 103
11 104
11 105
11 106
11 107
11 109
11 112
11 113
11 115
11 116
11 117
11 124
11 127
12 1
12 3
12 5
12 6
12 7
12 8
12 11
12 14
12 17
12 20
12 21
12 23
12 25
12 29
12 30
12 31
12 32
12 35
12 36
12 38
12 39
12 41
12 42
12 43
12 45
12 46
12 49
12 54
12 55
12 62
12 64
12 65
12 67
12 68
12 69
12 71
12 74
12 77
12 79
12 80
12 81
12 84
12 86
12 87
12 90
12 91
12 94
12 95
12 100
12 101
12 103
12 104
12 105
12 106
12 107
12 109
12 112
12 113
12 115
12 116
12 117
12 124
12 127
13 4
13 122
14 1
14 3
14 5
14 6
14 7
14 8
14 11
14 12
14 17
14 20
14 21
14 23
14 25
14 29
14 30
14 31
14 32
14 35
14 36
14 38
14 39
14 41
14 42
14 43
14 45
14 46
14 49
14 54
14 55
14 62
14 64
14 65
14 67
14 68
14 69
14 71
14 74
14 77
14 79
14 80
14 81
14 84
14 86
14 87
14 90
14 91
14 94
14 95
14 100
14 101
14 103
14 104
14 105
14 106
14 107
14 109
14 112
14 113
14 115
14 116
14 117
14 124
14 127
16 18
16 19
16 28
16 70
16 85
16 108
16 110
17 1
17 3
17 5
17 6
17 7
17 8
17 11
17 12
17 14
17 20
17 21
17 23
17 25
17 29
17 30
17 31
17 32
17 35
17 36
17 38
17 39
17 41
17 42
17 43
17 45
17 46
17 49
17 54
17 55
17 62
17 64
17 65
17 67
17 68
17 69
17 71
17 74
17 77
17 79
17 80
17 81
17 84
17 86
17 87
17 90
17 91
17 94
17 95
17 100
17 101
17 103
17 104
17 105
17 106
17 107
17 109
17 112
17 113
17 115
17 116
17 117
17 124
17 127
18 16
18 19
18 70
18 85
18 108
18 110
19 16
19 18
19 28
19 70
19 85
19 108
19 110
20 1
20 3
20 5
20 6
20 7
20 8
20 11
20 12
20 14
20 17
20 21
20 23
20 25
20 29
20 30
20 31
20 32
20 35
20 36
20 38
20 39
20 41
20 42
20 43
20 45
20 46
20 49
20 54
20 55
20 62
20 64
20 65
20 67
20 68
20 69
20 71
20 74
20 77
20 79
20 80
20 81
20 84
20 86
20 87
20 90
20 91
20 94
20 95
20 100
20 101
20 103
20 104
20 105
20 106
20 107
20 109
20 112
20 113
20 115
20 116
20 117
20 124
20 127
21 1
21 3
21 5
21 6
21 7
21 8
21 11
21 12
21 14
21 17
21 20
21 23
21 25
21 29
21 30
21 31
21 32
21 35
21 36
21 38
21 39
21 41
21 42
21 43
21 45
21 46
21 49
21 54
21 55
21 62
21 64
21 65
21 67
21 68
21 69
21 71
21 74
21 77
21 79
21 80
21 81
21 84
21 86
21 87
21 90
21 91
21 94
21 95
21 100
21 101
21 103
21 104
21 105
21 106
21 107
21 109
21 112
21 113
21 115
21 116
21 117
21 124
21 127
22 52
22 63
23 1
23 3
23 5
23 6
23 7
23 8
23 11
23 12
23 14
23 17
23 20
23 21
23 25
23 29
23 30
23 31
23 32
23 35
23 36
23 38
23 39
23 41
23 42
23 43
23 45
23 46
23 49
23 54
23 55
23 62
23 64
23 65
23 67
23 68
23 69
23 71
23 74
23 77
23 79
23 80
23 81
23 84
23 86
23 87
23 90
23 91
23 94
23 95
23 100
23 101
23 103
23 104
23 105
23 106
23 107
23 109
23 112
23 113
23 115
23 116
23 117
23 124
23 127
25 1
25 3
25 5
25 6
25 7
25 8
25 11
25 12
25 14
25 17
25 20
25 21
25 23
25 29
25 30
25 31
25 32
25 35
25 36
25 38
25 39
25 41
25 42
25 43
25 45
25 46
25 49
25 54
25 55
25 62
25 64
25 65
25 67
25 68
25 69
25 71
25 74
25 77
25 79
25 80
25 81
25 84
25 86
25 87
25 90
25 91
25 94
25 95
25 100
25 101
25 103
25 104
25 105
25 106
25 107
25 109
25 112
25 113
25 115
25 116
25 117
25 124
25 127
26 59
26 120
27 102
28 16
28 19
28 85
28 110
29 1
29 3
29 5
29 6
29 7
29 8
29 11
29 12
29 14
29 17
29 20
29 21
29 23
29 25
29 30
29 31
29 32
29 35
29 36
29 38
29 39
29 41
29 42
29 43
29 45
29 46
29 49
29 54
29 55
29 62
29 64
29 65
29 67
29 68
29 69
29 71
29 74
29 77
29 79
29 80
29 81
29 84
29 86
29 87
29 90
29 91
29 94
29 95
29 100
29 101
29 103
29 104
29 105
29 106
29 107
29 109
29 112
29 113
29 115
29 116
29 117
29 124
29 127
30 1
30 3
30 5
30 6
30 7
30 8
30 11
30 12
30 14
30 17
30 20
30 21
30 23
30 25
30 29
30 31
30 32
30 35
30 36
30 38
30 39
30 41
30 42
30 43
30 45
30 46
30 49
30 54
30 55
30 62
30 64
30 65
30 67
30 68
30 69
30 71
30 74
30 77
30 79
30 80
30 81
30 84
30 86
30 87
30 90
30 91
30 94
30 95
30 100
30 101
30 103
30 104
30 105
30 106
30 107
30 109
30 112
30 113
30 115
30 116
30 117
30 124
30 127
31 1
31 3
31 5
31 6
31 7
31 8
31 11
31 12
31 14
31 17
31 20
31 21
31 23
31 25
31 29
31 30
31 32
31 35
31 36
31 38
31 39
31 41
31 42
31 43
31 45
31 46
31 49
31 54
31 55
31 62
31 64
31 65
31 67
31 68
31 69
31 71
31 74
31 77
31 79
31 80
31 81
31 84
31 86
31 87
31 90
31 91
31 94
31 95
31 100
31 101
31 103
31 104
31 105
31 106
31 107
31 109
31 112
31 113
31 115
31 116
31 117
31 124
31 127
32 1
32 3
32 5
32 6
32 7
32 8
32 11
32 12
32 14
32 17
32 20
32 21
32 23
32 25
32 29
32 30
32 31
32 35
32 36
32 38
32 39
32 41
32 42
32 43
32 45
32 46
32 49
32 54
32 55
32 62
32 64
32 65
32 67
32 68
32 69
32 71
32 74
32 77
32 79
32 80
32 81
32 84
32 86
32 87
32 90
32 91
32 94
32 95
32 100
32 101
32 103
32 104
32 105
32 106
32 107
32 109
32 112
32 113
32 115
32 116
32 117
32 124
32 127
33 9
33 48
35 1
35 3
35 5
35 6
35 7
35 8
35 11
35 12
35 14
35 17
35 20
35 21
35 23
35 25
35 29
35 30
35 31
35 32
35 36
35 38
35 39
35 41
35 42
35 43
35 45
35 46
35 49
35 54
35 55
35 62
35 64
35 65
35 67
35 68
35 69
35 71
35 74
35 77
35 79
35 80
35 81
35 84
35 86
35 87
35 90
35 91
35 94
35 95
35 100
35 101
35 103
35 104
35 105
35 106
35 107
35 109
35 112
35 113
35 115
35 116
35 117
35 124
35 127
36 1
36 3
36 5
36 6
36 7
36 8
36 11
36 12
36 14
36 17
36 20
36 21
36 23
36 25
36 29
36 30
36 31
36 32
36 35
36 38
36 39
36 41
36 42
36 43
36 45
36 46
36 49
36 54
36 55
36 62
36 64
36 65
36 67
36 68
36 69
36 71
36 74
36 77
36 79
36 80
36 81
36 84
36 86
36 87
36 90
36 91
36 94
36 95
36 100
36 101
36 103
36 104
36 105
36 106
36 107
36 109
36 112
36 113
36 115
36 116
36 117
36 124
36 127
38 1
38 3
38 5
38 6
38 7
38 8
38 11
38 12
38 14
38 17
38 20
38 21
38 23
38 25
38 29
38 30
38 31
38 32
38 35
38 36
38 39
38 41
38 42
38 43
38 45
38 46
38 49
38 54
38 55
38 62
38 64
38 65
38 67
38 68
38 69
38 71
38 74
38 77
38 79
38 80
38 81
38 84
38 86
38 87
38 90
38 91
38 94
38 95
38 100
38 101
38 103
38 104
38 105
38 106
38 107
38 109
38 112
38 113
38 115
38 116
38 117
38 124
38 127
39 1
39 3
39 5
39 6
39 7
39 8
39 11
39 12
39 14
39 17
39 20
39 21
39 23
39 25
39 29
39 30
39 31
39 32
39 35
39 36
39 38
39 41
39 42
39 43
39 45
39 46
39 49
39 54
39 55
39 62
39 64
39 65
39 67
39 68
39 69
39 71
39 74
39 77
39 79
39 80
39 81
39 84
39 86
39 87
39 90
39 91
39 94
39 95
39 100
39 101
39 103
39 104
39 105
39 106
39 107
39 109
39 112
39 113
39 115
39 116
39 117
39 124
39 127
41 1
41 3
41 5
41 6
41 7
41 8
41 11
41 12
41 14
41 17
41 20
41 21
41 23
41 25
41 29
41 30
41 31
41 32
41 35
41 36
41 38
41 39
41 42
41 43
41 45
41 46
41 49
41 54
41 55
41 62
41 64
41 65
41 67
41 68
41 69
41 71
41 74
41 77
41 79
41 80
41 81
41 84
41 86
41 87
41 90
41 91
41 94
41 95
41 100
41 101
41 103
41 104
41 105
41 106
41 107
41 109
41 112
41 113
41 115
41 116
41 117
41 124
41 127
42 1
42 3
42 5
42 6
42 7
42 8
42 11
42 12
42 14
42 17
42 20
42 21
42 23
42 25
42 29
42 30
42 31
42 32
42 35
42 36
42 38
42 39
42 41
42 43
42 45
42 46
42 49
42 54
42 55
42 62
42 64
42 65
42 67
42 68
42 69
42 71
42 74
42 77
42 79
42 80
42 81
42 84
42 86
42 87
42 90
42 91
42 94
42 95
42 100
42 101
42 103
42 104
42 105
42 106
42 107
42 109
42 112
42 113
42 115
42 116
42 117
42 124
42 127
43 1
43 3
43 5
43 6
43 7
43 8
43 11
43 12
43 14
43 17
43 20
43 21
43 23
43 25
43 29
43 30
43 31
43 32
43 35
43 36
43 38
43 39
43 41
43 42
43 45
43 46
43 49
43 54
43 55
43 62
43 64
43 65
43 67
43 68
43 69
43 71
43 74
43 77
43 79
43 80
43 81
43 84
43 86
43 87
43 90
43 91
43 94
43 95
43 100
43 101
43 103
43 104
43 105
43 106
43 107
43 109
43 112
43 113
43 115
43 116
43 117
43 124
43 127
44 73
45 1
45 3
45 5
45 6
45 7
45 8
45 11
45 12
45 14
45 17
45 20
45 21
45 23
45 25
45 29
45 30
45 31
45 32
45 35
45 36
45 38
45 39
45 41
45 42
45 43
45 46
45 49
45 54
45 55
45 62
45 64
45 65
45 67
45 68
45 69
45 71
45 74
45 77
45 79
45 80
45 81
45 84
45 86
45 87
45 90
45 91
45 94
45 95
45 100
45 101
45 103
45 104
45 105
45 106
45 107
45 109
45 112
45 113
45 115
45 116
45 117
45 124
45 127
46 1
46 3
46 5
46 6
46 7
46 8
46 11
46 12
46 14
46 17
46 20
46 21
46 23
46 25
46 29
46 30
46 31
46 32
46 35
46 36
46 38
46 39
46 41
46 42
46 43
46 45
46 49
46 54
46 55
46 62
46 64
46 65
46 67
46 68
46 69
46 71
46 74
46 77
46 79
46 80
46 81
46 84
46 86
46 87
46 90
46 91
46 94
46 95
46 100
46 101
46 103
46 104
46 105
46 106
46 107
46 109
46 112
46 113
46 115
46 116
46 117
46 124
46 127
48 9
48 33
49 1
49 3
49 5
49 6
49 7
49 8
49 11
49 12
49 14
49 17
49 20
49 21
49 23
49 25
49 29
49 30
49 31
49 32
49 35
49 36
49 38
49 39
49 41
49 42
49 43
49 45
49 46
49 54
49 55
49 62
49 64
49 65
49 67
49 68
49 69
49 71
49 74
49 77
49 79
49 80
49 81
49 84
49 86
49 87
49 90
49 91
49 94
49 95
49 100
49 101
49 103
49 104
49 105
49 106
49 107
49 109
49 112
49 113
49 115
49 116
49 117
49 124
49 127
50 121
51 83
52 22
52 63
54 1
54 3
54 5
54 6
54 7
54 8
54 11
54 12
54 14
54 17
54 20
54 21
54 23
54 25
54 29
54 30
54 31
54 32
54 35
54 36
54 38
54 39
54 41
54 42
54 43
54 45
54 46
54 49
54 55
54 62
54 64
54 65
54 67
54 68
54 69
54 71
54 74
54 77
54 79
54 80
54 81
54 84
54 86
54 87
54 90
54 91
54 94
54 95
54 100
54 101
54 103
54 104
54 105
54 106
54 107
54 109
54 112
54 113
54 115
54 116
54 117
54 124
54 127
55 1
55 3
55 5
55 6
55 7
55 8
55 11
55 12
55 14
55 17
55 20
55 21
55 23
55 25
55 29
55 30
55 31
55 32
55 35
55 36
55 38
55 39
55 41
55 42
55 43
55 45
55 46
55 49
55 54
55 62
55 64
55 65
55 67
55 68
55 69
55 71
55 74
55 77
55 79
55 80
55 81
55 84
55 86
55 87
55 90
55 91
55 94
55 95
55 100
55 101
55 103
55 104
55 105
55 106
55 107
55 109
55 112
55 113
55 115
55 116
55 117
55 124
55 127
59 26
59 120
61 88
62 1
62 3
62 5
62 6
62 7
62 8
62 11
62 12
62 14
62 17
62 20
62 21
62 23
62 25
62 29
62 30
62 31
62 32
62 35
62 36
62 38
62 39
62 41
62 42
62 43
62 45
62 46
62 49
62 54
62 55
62 64
62 65
62 67
62 68
62 69
62 71
62 74
62 77
62 79
62 80
62 81
62 84
62 86
62 87
62 90
62 91
62 94
62 95
62 100
62 101
62 103
62 104
62 105
62 106
62 107
62 109
62 112
62 113
62 115
62 116
62 117
62 124
62 127
63 22
63 52
64 1
64 3
64 5
64 6
64 7
64 8
64 11
64 12
64 14
64 17
64 20
64 21
64 23
64 25
64 29
64 30
64 31
64 32
64 35
64 36
64 38
64 39
64 41
64 42
64 43
64 45
64 46
64 49
64 54
64 55
64 62
64 65
64 67
64 68
64 69
64 71
64 74
64 77
64 79
64 80
64 81
64 84
64 86
64 87
64 90
64 91
64 94
64 95
64 100
64 101
64 103
64 104
64 105
64 106
64 107
64 109
64 112
64 113
64 115
64 116
64 117
64 124
64 127
65 1
65 3
65 5
65 6
65 7
65 8
65 11
65 12
65 14
65 17
65 20
65 21
65 23
65 25
65 29
65 30
65 31
65 32
65 35
65 36
65 38
65 39
65 41
65 42
65 43
65 45
65 46
65 49
65 54
65 55
65 62
65 64
65 67
65 68
65 69
65 71
65 74
65 77
65 79
65 80
65 81
65 84
65 86
65 87
65 90
65 91
65 94
65 95
65 100
65 101
65 103
65 104
65 105
65 106
65 107
65 109
65 112
65 113
65 115
65 116
65 117
65 124
65 127
66 72
67 1
67 3
67 5
67 6
67 7
67 8
67 11
67 12
67 14
67 17
67 20
67 21
67 23
67 25
67 29
67 30
67 31
67 32
67 35
67 36
67 38
67 39
67 41
67 42
67 43
67 45
67 46
67 49
67 54
67 55
67 62
67 64
67 65
67 68
67 69
67 71
67 74
67 77
67 79
67 80
67 81
67 84
67 86
67 87
67 90
67 91
67 94
67 95
67 100
67 101
67 103
67 104
67 105
67 106
67 107
67 109
67 112
67 113
67 115
67 116
67 117
67 124
67 127
68 1
68 3
68 5
68 6
68 7
68 8
68 11
68 12
68 14
68 17
68 20
68 21
68 23
68 25
68 29
68 30
68 31
68 32
68 35
68 36
68 38
68 39
68 41
68 42
68 43
68 45
68 46
68 49
68 54
68 55
68 62
68 64
68 65
68 67
68 69
68 71
68 74
68 77
68 79
68 80
68 81
68 84
68 86
68 87
68 90
68 91
68 94
68 95
68 100
68 101
68 103
68 104
68 105
68 106
68 107
68 109
68 112
68 113
68 115
68 116
68 117
68 124
68 127
69 1
69 3
69 5
69 6
69 7
69 8
69 11
69 12
69 14
69 17
69 20
69 21
69 23
69 25
69 29
69 30
69 31
69 32
69 35
69 36
69 38
69 39
69 41
69 42
69 43
69 45
69 46
69 49
69 54
69 55
69 62
69 64
69 65
69 67
69 68
69 71
69 74
69 77
69 79
69 80
69 81
69 84
69 86
69 87
69 90
69 91
69 94
69 95
69 100
69 101
69 103
69 104
69 105
69 106
69 107
69 109
69 112
69 113
69 115
69 116
69 117
69 124
69 127
70 16
70 18
70 19
70 85
70 108
70 110
71 1
71 3
71 5
71 6
71 7
71 8
71 11
71 12
71 14
71 17
71 20
71 21
71 23
71 25
71 29
71 30
71 31
71 32
71 35
71 36
71 38
71 39
71 41
71 42
71 43
71 45
71 46
71 49
71 54
71 55
71 62
71 64
71 65
71 67
71 68
71 69
71 74
71 77
71 79
71 80
71 81
71 84
71 86
71 87
71 90
71 91
71 94
71 95
71 100
71 101
71 103
71 104
71 105
71 106
71 107
71 109
71 112
71 113
71 115
71 116
71 117
71 124
71 127
72 66
73 44
74 1
74 3
74 5
74 6
74 7
74 8
74 11
74 12
74 14
74 17
74 20
74 21
74 23
74 25
74 29
74 30
74 31
74 32
74 35
74 36
74 38
74 39
74 41
74 42
74 43
74 45
74 46
74 49
74 54
74 55
74 62
74 64
74 65
74 67
74 68
74 69
74 71
74 77
74 79
74 80
74 81
74 84
74 86
74 87
74 90
74 91
74 94
74 95
74 100
74 101
74 103
74 104
74 105
74 106
74 107
74 109
74 112
74 113
74 115
74 116
74 117
74 124
74 127
77 1
77 3
77 5
77 6
77 7
77 8
77 11
77 12
77 14
77 17
77 20
77 21
77 23
77 25
77 29
77 30
77 31
77 32
77 35
77 36
77 38
77 39
77 41
77 42
77 43
77 45
77 46
77 49
77 54
77 55
77 62
77 64
77 65
77 67
77 68
77 69
77 71
77 74
77 79
77 80
77 81
77 84
77 86
77 87
77 90
77 91
77 94
77 95
77 100
77 101
77 103
77 104
77 105
77 106
77 107
77 109
77 112
77 113
77 115
77 116
77 117
77 124
77 127
79 1
79 3
79 5
79 6
79 7
79 8
79 11
79 12
79 14
79 17
79 20
79 21
79 23
79 25
79 29
79 30
79 31
79 32
79 35
79 36
79 38
79 39
79 41
79 42
79 43
79 45
79 46
79 49
79 54
79 55
79 62
79 64
79 65
79 67
79 68
79 69
79 71
79 74
79 77
79 80
79 81
79 84
79 86
79 87
79 90
79 91
79 94
79 95
79 100
79 101
79 103
79 104
79 105
79 106
79 107
79 109
79 112
79 113
79 115
79 116
79 117
79 124
79 127
80 1
80 3
80 5
80 6
80 7
80 8
80 11
80 12
80 14
80 17
80 20
80 21
80 23
80 25
80 29
80 30
80 31
80 32
80 35
80 36
80 38
80 39
80 41
80 42
80 43
80 45
80 46
80 49
80 54
80 55
80 62
80 64
80 65
80 67
80 68
80 69
80 71
80 74
80 77
80 79
80 81
80 84
80 86
80 87
80 90
80 91
80 94
80 95
80 100
80 101
80 103
80 104
80 105
80 106
80 107
80 109
80 112
80 113
80 115
80 116
80 117
80 124
80 127
81 1
81 3
81 5
81 6
81 7
81 8
81 11
81 12
81 14
81 17
81 20
81 21
81 23
81 25
81 29
81 30
81 31
81 32
81 35
81 36
81 38
81 39
81 41
81 42
81 43
81 45
81 46
81 49
81 54
81 55
81 62
81 64
81 65
81 67
81 68
81 69
81 71
81 74
81 77
81 79
81 80
81 84
81 86
81 87
81 90
81 91
81 94
81 95
81 100
81 101
81 103
81 104
81 105
81 106
81 107
81 109
81 112
81 113
81 115
81 116
81 117
81 124
81 127
83 51
84 1
84 3
84 5
84 6
84 7
84 8
84 11
84 12
84 14
84 17
84 20
84 21
84 23
84 25
84 29
84 30
84 31
84 32
84 35
84 36
84 38
84 39
84 41
84 42
84 43
84 45
84 46
84 49
84 54
84 55
84 62
84 64
84 65
84 67
84 68
84 69
84 71
84 74
84 77
84 79
84 80
84 81
84 86
84 87
84 90
84 91
84 94
84 95
84 100
84 101
84 103
84 104
84 105
84 106
84 107
84 109
84 112
84 113
84 115
84 116
84 117
84 124
84 127
85 16
85 18
85 19
85 28
85 70
85 108
85 110
86 1
86 3
86 5
86 6
86 7
86 8
86 11
86 12
86 14
86 17
86 20
86 21
86 23
86 25
86 29
86 30
86 31
86 32
86 35
86 36
86 38
86 39
86 41
86 42
86 43
86 45
86 46
86 49
86 54
86 55
86 62
86 64
86 65
86 67
86 68
86 69
86 71
86 74
86 77
86 79
86 80
86 81
86 84
86 87
86 90
86 91
86 94
86 95
86 100
86 101
86 103
86 104
86 105
86 106
86 107
86 109
86 112
86 113
86 115
86 116
86 117
86 124
86 127
87 1
87 3
87 5
87 6
87 7
87 8
87 11
87 12
87 14
87 17
87 20
87 21
87 23
87 25
87 29
87 30
87 31
87 32
87 35
87 36
87 38
87 39
87 41
87 42
87 43
87 45
87 46
87 49
87 54
87 55
87 62
87 64
87 65
87 67
87 68
87 69
87 71
87 74
87 77
87 79
87 80
87 81
87 84
87 86
87 90
87 91
87 94
87 95
87 100
87 101
87 103
87 104
87 105
87 106
87 107
87 109
87 112
87 113
87 115
87 116
87 117
87 124
87 127
88 61
90 1
90 3
90 5
90 6
90 7
90 8
90 11
90 12
90 14
90 17
90 20
90 21
90 23
90 25
90 29
90 30
90 31
90 32
90 35
90 36
90 38
90 39
90 41
90 42
90 43
90 45
90 46
90 49
90 54
90 55
90 62
90 64
90 65
90 67
90 68
90 69
90 71
90 74
90 77
90 79
90 80
90 81
90 84
90 86
90 87
90 91
90 94
90 95
90 100
90 101
90 103
90 104
90 105
90 106
90 107
90 109
90 112
90 113
90 115
90 116
90 117
90 124
90 127
91 1
91 3
91 5
91 6
91 7
91 8
91 11
91 12
91 14
91 17
91 20
91 21
91 23
91 25
91 29
91 30
91 31
91 32
91 35
91 36
91 38
91 39
91 41
91 42
91 43
91 45
91 46
91 49
91 54
91 55
91 62
91 64
91 65
91 67
91 68
91 69
91 71
91 74
91 77
91 79
91 80
91 81
91 84
91 86
91 87
91 90
91 94
91 95
91 100
91 101
91 103
91 104
91 105
91 106
91 107
91 109
91 112
91 113
91 115
91 116
91 117
91 124
91 127
94 1
94 3
94 5
94 6
94 7
94 8
94 11
94 12
94 14
94 17
94 20
94 21
94 23
94 25
94 29
94 30
94 31
94 32
94 35
94 36
94 38
94 39
94 41
94 42
94 43
94 45
94 46
94 49
94 54
94 55
94 62
94 64
94 65
94 67
94 68
94 69
94 71
94 74
94 77
94 79
94 80
94 81
94 84
94 86
94 87
94 90
94 91
94 95
94 100
94 101
94 103
94 104
94 105
94 106
94 107
94 109
94 112
94 113
94 115
94 116
94 117
94 124
94 127
95 1
95 3
95 5
95 6
95 7
95 8
95 11
95 12
95 14
95 17
95 20
95 21
95 23
95 25
95 29
95 30
95 31
95 32
95 35
95 36
95 38
95 39
95 41
95 42
95 43
95 45
95 46
95 49
95 54
95 55
95 62
95 64
95 65
95 67
95 68
95 69
95 71
95 74
95 77
95 79
95 80
95 81
95 84
95 86
95 87
95 90
95 91
95 94
95 100
95 101
95 103
95 104
95 105
95 106
95 107
95 109
95 112
95 113
95 115
95 116
95 117
95 124
95 127
97 114
100 1
100 3
100 5
100 6
100 7
100 8
100 11
100 12
100 14
100 17
100 20
100 21
100 23
100 25
100 29
100 30
100 31
100 32
100 35
100 36
100 38
100 39
100 41
100 42
100 43
100 45
100 46
100 49
100 54
100 55
100 62
100 64
100 65
100 67
100 68
100 69
100 71
100 74
100 77
100 79
100 80
100 81
100 84
100 86
100 87
100 90
100 91
100 94
100 95
100 101
100 103
100 104
100 105
100 106
100 107
100 109
100 112
100 113
100 115
100 116
100 117
100 124
100 127
101 1
101 3
101 5
101 6
101 7
101 8
101 11
101 12
101 14
101 17
101 20
101 21
101 23
101 25
101 29
101 30
101 31
101 32
101 35
101 36
101 38
101 39
101 41
101 42
101 43
101 45
101 46
101 49
101 54
101 55
101 62
101 64
101 65
101 67
101 68
101 69
101 71
101 74
101 77
101 79
101 80
101 81
101 84
101 86
101 87
101 90
101 91
101 94
101 95
101 100
101 103
101 104
101 105
101 106
101 107
101 109
101 112
101 113
101 115
101 116
101 117
101 124
101 127
102 27
103 1
103 3
103 5
103 6
103 7
103 8
103 11
103 12
103 14
103 17
103 20
103 21
103 23
103 25
103 29
103 30
103 31
103 32
103 35
103 36
103 38
103 39
103 41
103 42
103 43
103 45
103 46
103 49
103 54
103 55
103 62
103 64
103 65
103 67
103 68
103 69
103 71
103 74
103 77
103 79
103 80
103 81
103 84
103 86
103 87
103 90
103 91
103 94
103 95
103 100
103 101
103 104
103 105
103 106
103 107
103 109
103 112
103 113
103 115
103 116
103 117
103 124
103 127
104 1
104 3
104 5
104 6
104 7
104 8
104 11
104 12
104 14
104 17
104 20
104 21
104 23
104 25
104 29
104 30
104 31
104 32
104 35
104 36
104 38
104 39
104 41
104 42
104 43
104 45
104 46
104 49
104 54
104 55
104 62
104 64
104 65
104 67
104 68
104 69
104 71
104 74
104 77
104 79
104 80
104 81
104 84
104 86
104 87
104 90
104 91
104 94
104 95
104 100
104 101
104 103
104 105
104 106
104 107
104 109
104 112
104 113
104 115
104 116
104 117
104 124
104 127
105 1
105 3
105 5
105 6
105 7
105 8
105 11
105 12
105 14
105 17
105 20
105 21
105 23
105 25
105 29
105 30
105 31
105 32
105 35
105 36
105 38
105 39
105 41
105 42
105 43
105 45
105 46
105 49
105 54
105 55
105 62
105 64
105 65
105 67
105 68
105 69
105 71
105 74
105 77
105 79
105 80
105 81
105 84
105 86
105 87
105 90
105 91
105 94
105 95
105 100
105 101
105 103
105 104
105 106
105 107
105 109
105 112
105 113
105 115
105 116
105 117
105 124
105 127
106 1
106 3
106 5
106 6
106 7
106 8
106 11
106 12
106 14
106 17
106 20
106 21
106 23
106 25
106 29
106 30
106 31
106 32
106 35
106 36
106 38
106 39
106 41
106 42
106 43
106 45
106 46
106 49
106 54
106 55
106 62
106 64
106 65
106 67
106 68
106 69
106 71
106 74
106 77
106 79
106 80
106 81
106 84
106 86
106 87
106 90
106 91
106 94
106 95
106 100
106 101
106 103
106 104
106 105
106 107
106 109
106 112
106 113
106 115
106 116
106 117
106 124
106 127
107 1
107 3
107 5
107 6
107 7
107 8
107 11
107 12
107 14
107 17
107 20
107 21
107 23
107 25
107 29
107 30
107 31
107 32
107 35
107 36
107 38
107 39
107 41
107 42
107 43
107 45
107 46
107 49
107 54
107 55
107 62
107 64
107 65
107 67
107 68
107 69
107 71
107 74
107 77
107 79
107 80
107 81
107 84
107 86
107 87
107 90
107 91
107 94
107 95
107 100
107 101
107 103
107 104
107 105
107 106
107 109
107 112
107 113
107 115
107 116
107 117
107 124
107 127
108 16
108 18
108 19
108 70
108 85
108 110
109 1
109 3
109 5
109 6
109 7
109 8
109 11
109 12
109 14
109 17
109 20
109 21
109 23
109 25
109 29
109 30
109 31
109 32
109 35
109 36
109 38
109 39
109 41
109 42
109 43
109 45
109 46
109 49
109 54
109 55
109 62
109 64
109 65
109 67
109 68
109 69
109 71
109 74
109 77
109 79
109 80
109 81
109 84
109 86
109 87
109 90
109 91
109 94
109 95
109 100
109 101
109 103
109 104
109 105
109 106
109 107
109 112
109 113
109 115
109 116
109 117
109 124
109 127
110 16
110 18
110 19
110 28
110 70
110 85
110 108
111 2
112 1
112 3
112 5
112 6
112 7
112 8
112 11
112 12
112 14
112 17
112 20
112 21
112 23
112 25
112 29
112 30
112 31
112 32
112 35
112 36
112 38
112 39
112 41
112 42
112 43
112 45
112 46
112 49
112 54
112 55
112 62
112 64
112 65
112 67
112 68
112 69
112 71
112 74
112 77
112 79
112 80
112 81
112 84
112 86
112 87
112 90
112 91
112 94
112 95
112 100
112 101
112 103
112 104
112 105
112 106
112 107
112 109
112 113
112 115
112 116
112 117
112 124
112 127
113 1
113 3
113 5
113 6
113 7
113 8
113 11
113 12
113 14
113 17
113 20
113 21
113 23
113 25
113 29
113 30
113 31
113 32
113 35
113 36
113 38
113 39
113 41
113 42
113 43
113 45
113 46
113 49
113 54
113 55
113 62
113 64
113 65
113 67
113 68
113 69
113 71
113 74
113 77
113 79
113 80
113 81
113 84
113 86
113 87
113 90
113 91
113 94
113 95
113 100
113 101
113 103
113 104
113 105
113 106
113 107
113 109
113 112
113 115
113 116
113 117
113 124
113 127
114 97
115 1
115 3
115 5
115 6
115 7
115 8
115 11
115 12
115 14
115 17
115 20
115 21
115 23
115 25
115 29
115 30
115 31
115 32
115 35
115 36
115 38
115 39
115 41
115 42
115 43
115 45
115 46
115 49
115 54
115 55
115 62
115 64
115 65
115 67
115 68
115 69
115 71
115 74
115 77
115 79
115 80
115 81
115 84
115 86
115 87
115 90
115 91
115 94
115 95
115 100
115 101
115 103
115 104
115 105
115 106
115 107
115 109
115 112
115 113
115 116
115 117
115 124
115 127
116 1
116 3
116 5
116 6
116 7
116 8
116 11
116 12
116 14
116 17
116 20
116 21
116 23
116 25
116 29
116 30
116 31
116 32
116 35
116 36
116 38
116 39
116 41
116 42
116 43
116 45
116 46
116 49
116 54
116 55
116 62
116 64
116 65
116 67
116 68
116 69
116 71
116 74
116 77
116 79
116 80
116 81
116 84
116 86
116 87
116 90
116 91
116 94
116 95
116 100
116 101
116 103
116 104
116 105
116 106
116 107
116 109
116 112
116 113
116 115
116 117
116 124
116 127
117 1
117 3
117 5
117 6
117 7
117 8
117 11
117 12
117 14
117 17
117 20
117 21
117 23
117 25
117 29
117 30
117 31
117 32
117 35
117 36
117 38
117 39
117 41
117 42
117 43
117 45
117 46
117 49
117 54
117 55
117 62
117 64
117 65
117 67
117 68
117 69
117 71
117 74
117 77
117 79
117 80
117 81
117 84
117 86
117 87
117 90
117 91
117 94
117 95
117 100
117 101
117 103
117 104
117 105
117 106
117 107
117 109
117 112
117 113
117 115
117 116
117 124
117 127
120 26
120 59
121 50
122 4
122 13
124 1
124 3
124 5
124 6
124 7
124 8
124 11
124 12
124 14
124 17
124 20
124 21
124 23
124 25
124 29
124 30
124 31
124 32
124 35
124 36
124 38
124 39
124 41
124 42
124 43
124 45
124 46
124 49
124 54
124 55
124 62
124 64
124 65
124 67
124 68
124 69
124 71
124 74
124 77
124 79
124 80
124 81
124 84
124 86
124 87
124 90
124 91
124 94
124 95
124 100
124 101
124 103
124 104
124 105
124 106
124 107
124 109
124 112
124 113
124 115
124 116
124 117
124 127
127 1
127 3
127 5
127 6
127 7
127 8
127 11
127 12
127 14
127 17
127 20
127 21
127 23
127 25
127 29
127 30
127 31
127 32
127 35
127 36
127 38
127 39
127 41
127 42
127 43
127 45
127 46
127 49
127 54
127 55
127 62
127 64
127 65
127 67
127 68
127 69
127 71
127 74
127 77
127 79
127 80
127 81
127 84
127 86
127 87
127 90
127 91
127 94
127 95
127 100
127 101
127 103
127 104
127 105
127 106
127 107
127 109
127 112
127 113
127 115
127 116
127 117
127 124
