128 5026
0 1
0 2
0 4
0 5
0 7
0 9
0 10
0 12
0 13
0 14
0 16
0 17
0 18
0 19
0 21
0 26
0 27
0 29
0 32
0 35
0 36
0 37
0 43
0 46
0 47
0 49
0 50
0 54
0 56
0 57
0 58
0 59
0 60
0 61
0 65
0 67
0 68
0 70
0 71
0 74
0 76
0 80
0 81
0 82
0 85
0 88
0 90
0 93
0 94
0 97
0 99
0 100
0 101
0 102
0 106
0 108
0 109
0 110
0 111
0 113
0 114
0 115
0 116
0 117
0 120
0 121
0 122
0 123
0 124
0 125
1 0
1 2
1 4
1 5
1 7
1 9
1 10
1 12
1 13
1 14
1 16
1 17
1 18
1 19
1 21
1 26
1 27
1 29
1 32
1 35
1 36
1 37
1 43
1 46
1 47
1 49
1 50
1 54
1 56
1 57
1 58
1 59
1 60
1 61
1 65
1 67
1 68
1 70
1 71
1 74
1 76
1 80
1 81
1 82
1 85
1 88
1 90
1 93
1 94
1 97
1 99
1 100
1 101
1 102
1 106
1 108
1 109
1 110
1 111
1 113
1 114
1 115
1 116
1 117
1 120
1 121
1 122
1 123
1 124
1 125
2 0
2 1
2 4
2 5
2 7
2 9
2 10
2 12
2 13
2 14
2 16
2 17
2 18
2 19
2 21
2 26
2 27
2 29
2 32
2 35
2 36
2 37
2 43
2 46
2 47
2 49
2 50
2 54
2 56
2 57
2 58
2 59
2 60
2 61
2 65
2 67
2 68
2 70
2 71
2 74
2 76
2 80
2 81
2 82
2 85
2 88
2 90
2 93
2 94
2 97
2 99
2 100
2 101
2 102
2 106
2 108
2 109
2 110
2 111
2 113
2 114
2 115
2 116
2 117
2 120
2 121
2 122
2 123
2 124
2 125
3 112
4 0
4 1
4 2
4 5
4 7
4 9
4 10
4 12
4 13
4 14
4 16
4 17
4 18
4 19
4 21
4 26
4 27
4 29
4 32
4 35
4 36
4 37
4 43
4 46
4 47
4 49
4 50
4 54
4 56
4 57
4 58
4 59
4 60
4 61
4 65
4 67
4 68
4 70
4 71
4 74
4 76
4 80
4 81
4 82
4 85
4 88
4 90
4 93
4 94
4 97
4 99
4 100
4 101
4 102
4 106
4 108
4 109
4 110
4 111
4 113
4 114
4 115
4 116
4 117
4 120
4 121
4 122
4 123
4 124
4 125
5 0
5 1
5 2
5 4
5 7
5 9
5 10
5 12
5 13
5 14
5 16
5 17
5 18
5 19
5 21
5 26
5 27
5 29
5 32
5 35
5 36
5 37
5 43
5 46
5 47
5 49
5 50
5 54
5 56
5 57
5 58
5 59
5 60
5 61
5 65
5 67
5 68
5 70
5 71
5 74
5 76
5 80
5 81
5 82
5 85
5 88
5 90
5 93
5 94
5 97
5 99
5 100
5 101
5 102
5 106
5 108
5 109
5 110
5 111
5 113
5 114
5 115
5 116
5 117
5 120
5 121
5 122
5 123
5 124
5 125
7 0
7 1
7 2
7 4
7 5
7 9
7 10
7 12
7 13
7 14
7 16
7 17
7 18
7 19
7 21
7 26
7 27
7 29
7 32
7 35
7 36
7 37
7 43
7 46
7 47
7 49
7 50
7 54
7 56
7 57
7 58
7 59
7 60
7 61
7 65
7 67
7 68
7 70
7 71
7 74
7 76
7 80
7 81
7 82
7 85
7 88
7 90
7 93
7 94
7 97
7 99
7 100
7 101
7 102
7 106
7 108
7 109
7 110
7 111
7 113
7 114
7 115
7 116
7 117
7 120
7 121
7 122
7 123
7 124
7 125
9 0
9 1
9 2
9 4
9 5
9 7
9 10
9 12
9 13
9 14
9 16
9 17
9 18
9 19
9 21
9 26
9 27
9 29
9 32
9 35
9 36
9 37
9 43
9 46
9 47
9 49
9 50
9 54
9 56
9 57
9 58
9 59
9 60
9 61
9 65
9 67
9 68
9 70
9 71
9 74
9 76
9 80
9 81
9 82
9 85
9 88
9 90
9 93
9 94
9 97
9 99
9 100
9 101
9 102
9 106
9 108
9 109
9 110
9 111
9 113
9 114
9 115
9 116
9 117
9 120
9 121
9 122
9 123
9 124
9 125
10 0
10 1
10 2
10 4
10 5
10 7
10 9
10 12
10 13
10 14
10 16
10 17
10 18
10 19
10 21
10 26
10 27
10 29
10 32
10 35
10 36
10 37
10 43
10 46
10 47
10 49
10 50
10 54
10 56
10 57
10 58
10 59
10 60
10 61
10 65
10 67
10 68
10 70
10 71
10 74
10 76
10 80
10 81
10 82
10 85
10 88
10 90
10 93
10 94
10 97
10 99
10 100
10 101
10 102
10 106
10 108
10 109
10 110
10 111
10 113
10 114
10 115
10 116
10 117
10 120
10 121
10 122
10 123
10 124
10 125
11 39
11 52
11 79
11 103
12 0
12 1
12 2
12 4
12 5
12 7
12 9
12 10
12 13
12 14
12 16
12 17
12 18
12 19
12 21
12 26
12 27
12 29
12 32
12 35
12 36
12 37
12 43
12 46
12 47
12 49
12 50
12 54
12 56
12 57
12 58
12 59
12 60
12 61
12 65
12 67
12 68
12 70
12 71
12 74
12 76
12 80
12 81
12 82
12 85
12 88
12 90
12 93
12 94
12 97
12 99
12 100
12 101
12 102
12 106
12 108
12 109
12 110
12 111
12 113
12 114
12 115
12 116
12 117
12 120
12 121
12 122
12 123
12 124
12 125
13 0
13 1
13 2
13 4
13 5
13 7
13 9
13 10
13 12
13 14
13 16
13 17
13 18
13 19
13 21
13 26
13 27
13 29
13 32
13 35
13 36
13 37
13 43
13 46
13 47
13 49
13 50
13 54
13 56
13 57
13 58
13 59
13 60
13 61
13 65
13 67
13 68
13 70
13 71
13 74
13 76
13 80
13 81
13 82
13 85
13 88
13 90
13 93
13 94
13 97
13 99
13 100
13 101
13 102
13 106
13 108
13 109
13 110
13 111
13 113
13 114
13 115
13 116
13 117
13 120
13 121
13 122
13 123
13 124
13 125
14 0
14 1
14 2
14 4
14 5
14 7
14 9
14 10
14 12
14 13
14 16
14 17
14 18
14 19
14 21
14 26
14 27
14 29
14 32
14 35
14 36
14 37
14 43
14 46
14 47
14 49
14 50
14 54
14 56
14 57
14 58
14 59
14 60
14 61
14 65
14 67
14 68
14 70
14 71
14 74
14 76
14 80
14 81
14 82
14 85
14 88
14 90
14 93
14 94
14 97
14 99
14 100
14 101
14 102
14 106
14 108
14 109
14 110
14 111
14 113
14 114
14 115
14 116
14 117
14 120
14 121
14 122
14 123
14 124
14 125
16 0
16 1
16 2
16 4
16 5
16 7
16 9
16 10
16 12
16 13
16 14
16 17
16 18
16 19
16 21
16 26
16 27
16 29
16 32
16 35
16 36
16 37
16 43
16 46
16 47
16 49
16 50
16 54
16 56
16 57
16 58
16 59
16 60
16 61
16 65
16 67
16 68
16 70
16 71
16 74
16 76
16 80
16 81
16 82
16 85
16 88
16 90
16 93
16 94
16 97
16 99
16 100
16 101
16 102
16 106
16 108
16 109
16 110
16 111
16 113
16 114
16 115
16 116
16 117
16 120
16 121
16 122
16 123
16 124
16 125
17 0
17 1
17 2
17 4
17 5
17 7
17 9
17 10
17 12
17 13
17 14
17 16
17 18
17 19
17 21
17 26
17 27
17 29
17 32
17 35
17 36
17 37
17 43
17 46
17 47
17 49
17 50
17 54
17 56
17 57
17 58
17 59
17 60
17 61
17 65
17 67
17 68
17 70
17 71
17 74
17 76
17 80
17 81
17 82
17 85
17 88
17 90
17 93
17 94
17 97
17 99
17 100
17 101
17 102
17 106
17 108
17 109
17 110
17 111
17 113
17 114
17 115
17 116
17 117
17 120
17 121
17 122
17 123
17 124
17 125
18 0
18 1
18 2
18 4
18 5
18 7
18 9
18 10
18 12
18 13
18 14
18 16
18 17
18 19
18 21
18 26
18 27
18 29
18 32
18 35
18 36
18 37
18 43
18 46
18 47
18 49
18 50
18 54
18 56
18 57
18 58
18 59
18 60
18 61
18 65
18 67
18 68
18 70
18 71
18 74
18 76
18 80
18 81
18 82
18 85
18 88
18 90
18 93
18 94
18 97
18 99
18 100
18 101
18 102
18 106
18 108
18 109
18 110
18 111
18 113
18 114
18 115
18 116
18 117
18 120
18 121
18 122
18 123
18 124
18 125
19 0
19 1
19 2
19 4
19 5
19 7
19 9
19 10
19 12
19 13
19 14
19 16
19 17
19 18
19 21
19 26
19 27
19 29
19 32
19 35
19 36
19 37
19 43
19 46
19 47
19 49
19 50
19 54
19 56
19 57
19 58
19 59
19 60
19 61
19 65
19 67
19 68
19 70
19 71
19 74
19 76
19 80
19 81
19 82
19 85
19 88
19 90
19 93
19 94
19 97
19 99
19 100
19 101
19 102
19 106
19 108
19 109
19 110
19 111
19 113
19 114
19 115
19 116
19 117
19 120
19 121
19 122
19 123
19 124
19 125
20 42
21 0
21 1
21 2
21 4
21 5
21 7
21 9
21 10
21 12
21 13
21 14
21 16
21 17
21 18
21 19
21 26
21 27
21 29
21 32
21 35
21 36
21 37
21 43
21 46
21 47
21 49
21 50
21 54
21 56
21 57
21 58
21 59
21 60
21 61
21 65
21 67
21 68
21 70
21 71
21 74
21 76
21 80
21 81
21 82
21 85
21 88
21 90
21 93
21 94
21 97
21 99
21 100
21 101
21 102
21 106
21 108
21 109
21 110
21 111
21 113
21 114
21 115
21 116
21 117
21 120
21 121
21 122
21 123
21 124
21 125
22 63
22 87
24 127
26 0
26 1
26 2
26 4
26 5
26 7
26 9
26 10
26 12
26 13
26 14
26 16
26 17
26 18
26 19
26 21
26 27
26 29
26 32
26 35
26 36
26 37
26 43
26 46
26 47
26 49
26 50
26 54
26 56
26 57
26 58
26 59
26 60
26 61
26 65
26 67
26 68
26 70
26 71
26 74
26 76
26 80
26 81
26 82
26 85
26 88
26 90
26 93
26 94
26 97
26 99
26 100
26 101
26 102
26 106
26 108
26 109
26 110
26 111
26 113
26 114
26 115
26 116
26 117
26 120
26 121
26 122
26 123
26 124
26 125
27 0
27 1
27 2
27 4
27 5
27 7
27 9
27 10
27 12
27 13
27 14
27 16
27 17
27 18
27 19
27 21
27 26
27 29
27 32
27 35
27 36
27 37
27 43
27 46
27 47
27 49
27 50
27 54
27 56
27 57
27 58
27 59
27 60
27 61
27 65
27 67
27 68
27 70
27 71
27 74
27 76
27 80
27 81
27 82
27 85
27 88
27 90
27 93
27 94
27 97
27 99
27 100
27 101
27 102
27 106
27 108
27 109
27 110
27 111
27 113
27 114
27 115
27 116
27 117
27 120
27 121
27 122
27 123
27 124
27 125
28 40
29 0
29 1
29 2
29 4
29 5
29 7
29 9
29 10
29 12
29 13
29 14
29 16
29 17
29 18
29 19
29 21
29 26
29 27
29 32
29 35
29 36
29 37
29 43
29 46
29 47
29 49
29 50
29 54
29 56
29 57
29 58
29 59
29 60
29 61
29 65
29 67
29 68
29 70
29 71
29 74
29 76
29 80
29 81
29 82
29 85
29 88
29 90
29 93
29 94
29 97
29 99
29 100
29 101
29 102
29 106
29 108
29 109
29 110
29 111
29 113
29 114
29 115
29 116
29 117
29 120
29 121
29 122
29 123
29 124
29 125
30 104
31 64
32 0
32 1
32 2
32 4
32 5
32 7
32 9
32 10
32 12
32 13
32 14
32 16
32 17
32 18
32 19
32 21
32 26
32 27
32 29
32 35
32 36
32 37
32 43
32 46
32 47
32 49
32 50
32 54
32 56
32 57
32 58
32 59
32 60
32 61
32 65
32 67
32 68
32 70
32 71
32 74
32 76
32 80
32 81
32 82
32 85
32 88
32 90
32 93
32 94
32 97
32 99
32 100
32 101
32 102
32 106
32 108
32 109
32 110
32 111
32 113
32 114
32 115
32 116
32 117
32 120
32 121
32 122
32 123
32 124
32 125
33 48
35 0
35 1
35 2
35 4
35 5
35 7
35 9
35 10
35 12
35 13
35 14
35 16
35 17
35 18
35 19
35 21
35 26
35 27
35 29
35 32
35 36
35 37
35 43
35 46
35 47
35 49
35 50
35 54
35 56
35 57
35 58
35 59
35 60
35 61
35 65
35 67
35 68
35 70
35 71
35 74
35 76
35 80
35 81
35 82
35 85
35 88
35 90
35 93
35 94
35 97
35 99
35 100
35 101
35 102
35 106
35 108
35 109
35 110
35 111
35 113
35 114
35 115
35 116
35 117
35 120
35 121
35 122
35 123
35 124
35 125
36 0
36 1
36 2
36 4
36 5
36 7
36 9
36 10
36 12
36 13
36 14
36 16
36 17
36 18
36 19
36 21
36 26
36 27
36 29
36 32
36 35
36 37
36 43
36 46
36 47
36 49
36 50
36 54
36 56
36 57
36 58
36 59
36 60
36 61
36 65
36 67
36 68
36 70
36 71
36 74
36 76
36 80
36 81
36 82
36 85
36 88
36 90
36 93
36 94
36 97
36 99
36 100
36 101
36 102
36 106
36 108
36 109
36 110
36 111
36 113
36 114
36 115
36 116
36 117
36 120
36 121
36 122
36 123
36 124
36 125
37 0
37 1
37 2
37 4
37 5
37 7
37 9
37 10
37 12
37 13
37 14
37 16
37 17
37 18
37 19
37 21
37 26
37 27
37 29
37 32
37 35
37 36
37 43
37 46
37 47
37 49
37 50
37 54
37 56
37 57
37 58
37 59
37 60
37 61
37 65
37 67
37 68
37 70
37 71
37 74
37 76
37 80
37 81
37 82
37 85
37 88
37 90
37 93
37 94
37 97
37 99
37 100
37 101
37 102
37 106
37 108
37 109
37 110
37 111
37 113
37 114
37 115
37 116
37 117
37 120
37 121
37 122
37 123
37 124
37 125
38 62
39 11
39 52
39 79
39 103
40 28
41 45
41 84
42 20
43 0
43 1
43 2
43 4
43 5
43 7
43 9
43 10
43 12
43 13
43 14
43 16
43 17
43 18
43 19
43 21
43 26
43 27
43 29
43 32
43 35
43 36
43 37
43 46
43 47
43 49
43 50
43 54
43 56
43 57
43 58
43 59
43 60
43 61
43 65
43 67
43 68
43 70
43 71
43 74
43 76
43 80
43 81
43 82
43 85
43 88
43 90
43 93
43 94
43 97
43 99
43 100
43 101
43 102
43 106
43 108
43 109
43 110
43 111
43 113
43 114
43 115
43 116
43 117
43 120
43 121
43 122
43 123
43 124
43 125
44 73
45 41
45 84
46 0
46 1
46 2
46 4
46 5
46 7
46 9
46 10
46 12
46 13
46 14
46 16
46 17
46 18
46 19
46 21
46 26
46 27
46 29
46 32
46 35
46 36
46 37
46 43
46 47
46 49
46 50
46 54
46 56
46 57
46 58
46 59
46 60
46 61
46 65
46 67
46 68
46 70
46 71
46 74
46 76
46 80
46 81
46 82
46 85
46 88
46 90
46 93
46 94
46 97
46 99
46 100
46 101
46 102
46 106
46 108
46 109
46 110
46 111
46 113
46 114
46 115
46 116
46 117
46 120
46 121
46 122
46 123
46 124
46 125
47 0
47 1
47 2
47 4
47 5
47 7
47 9
47 10
47 12
47 13
47 14
47 16
47 17
47 18
47 19
47 21
47 26
47 27
47 29
47 32
47 35
47 36
47 37
47 43
47 46
47 49
47 50
47 54
47 56
47 57
47 58
47 59
47 60
47 61
47 65
47 67
47 68
47 70
47 71
47 74
47 76
47 80
47 81
47 82
47 85
47 88
47 90
47 93
47 94
47 97
47 99
47 100
47 101
47 102
47 106
47 108
47 109
47 110
47 111
47 113
47 114
47 115
47 116
47 117
47 120
47 121
47 122
47 123
47 124
47 125
48 33
49 0
49 1
49 2
49 4
49 5
49 7
49 9
49 10
49 12
49 13
49 14
49 16
49 17
49 18
49 19
49 21
49 26
49 27
49 29
49 32
49 35
49 36
49 37
49 43
49 46
49 47
49 50
49 54
49 56
49 57
49 58
49 59
49 60
49 61
49 65
49 67
49 68
49 70
49 71
49 74
49 76
49 80
49 81
49 82
49 85
49 88
49 90
49 93
49 94
49 97
49 99
49 100
49 101
49 102
49 106
49 108
49 109
49 110
49 111
49 113
49 114
49 115
49 116
49 117
49 120
49 121
49 122
49 123
49 124
49 125
50 0
50 1
50 2
50 4
50 5
50 7
50 9
50 10
50 12
50 13
50 14
50 16
50 17
50 18
50 19
50 21
50 26
50 27
50 29
50 32
50 35
50 36
50 37
50 43
50 46
50 47
50 49
50 54
50 56
50 57
50 58
50 59
50 60
50 61
50 65
50 67
50 68
50 70
50 71
50 74
50 76
50 80
50 81
50 82
50 85
50 88
50 90
50 93
50 94
50 97
50 99
50 100
50 101
50 102
50 106
50 108
50 109
50 110
50 111
50 113
50 114
50 115
50 116
50 117
50 120
50 121
50 122
50 123
50 124
50 125
51 83
52 11
52 39
52 79
52 103
54 0
54 1
54 2
54 4
54 5
54 7
54 9
54 10
54 12
54 13
54 14
54 16
54 17
54 18
54 19
54 21
54 26
54 27
54 29
54 32
54 35
54 36
54 37
54 43
54 46
54 47
54 49
54 50
54 56
54 57
54 58
54 59
54 60
54 61
54 65
54 67
54 68
54 70
54 71
54 74
54 76
54 80
54 81
54 82
54 85
54 88
54 90
54 93
54 94
54 97
54 99
54 100
54 101
54 102
54 106
54 108
54 109
54 110
54 111
54 113
54 114
54 115
54 116
54 117
54 120
54 121
54 122
54 123
54 124
54 125
56 0
56 1
56 2
56 4
56 5
56 7
56 9
56 10
56 12
56 13
56 14
56 16
56 17
56 18
56 19
56 21
56 26
56 27
56 29
56 32
56 35
56 36
56 37
56 43
56 46
56 47
56 49
56 50
56 54
56 57
56 58
56 59
56 60
56 61
56 65
56 67
56 68
56 70
56 71
56 74
56 76
56 80
56 81
56 82
56 85
56 88
56 90
56 93
56 94
56 97
56 99
56 100
56 101
56 102
56 106
56 108
56 109
56 110
56 111
56 113
56 114
56 115
56 116
56 117
56 120
56 121
56 122
56 123
56 124
56 125
57 0
57 1
57 2
57 4
57 5
57 7
57 9
57 10
57 12
57 13
57 14
57 16
57 17
57 18
57 19
57 21
57 26
57 27
57 29
57 32
57 35
57 36
57 37
57 43
57 46
57 47
57 49
57 50
57 54
57 56
57 58
57 59
57 60
57 61
57 65
57 67
57 68
57 70
57 71
57 74
57 76
57 80
57 81
57 82
57 85
57 88
57 90
57 93
57 94
57 97
57 99
57 100
57 101
57 102
57 106
57 108
57 109
57 110
57 111
57 113
57 114
57 115
57 116
57 117
57 120
57 121
57 122
57 123
57 124
57 125
58 0
58 1
58 2
58 4
58 5
58 7
58 9
58 10
58 12
58 13
58 14
58 16
58 17
58 18
58 19
58 21
58 26
58 27
58 29
58 32
58 35
58 36
58 37
58 43
58 46
58 47
58 49
58 50
58 54
58 56
58 57
58 59
58 60
58 61
58 65
58 67
58 68
58 70
58 71
58 74
58 76
58 80
58 81
58 82
58 85
58 88
58 90
58 93
58 94
58 97
58 99
58 100
58 101
58 102
58 106
58 108
58 109
58 110
58 111
58 113
58 114
58 115
58 116
58 117
58 120
58 121
58 122
58 123
58 124
58 125
59 0
59 1
59 2
59 4
59 5
59 7
59 9
59 10
59 12
59 13
59 14
59 16
59 17
59 18
59 19
59 21
59 26
59 27
59 29
59 32
59 35
59 36
59 37
59 43
59 46
59 47
59 49
59 50
59 54
59 56
59 57
59 58
59 60
59 61
59 65
59 67
59 68
59 70
59 71
59 74
59 76
59 80
59 81
59 82
59 85
59 88
59 90
59 93
59 94
59 97
59 99
59 100
59 101
59 102
59 106
59 108
59 109
59 110
59 111
59 113
59 114
59 115
59 116
59 117
59 120
59 121
59 122
59 123
59 124
59 125
60 0
60 1
60 2
60 4
60 5
60 7
60 9
60 10
60 12
60 13
60 14
60 16
60 17
60 18
60 19
60 21
60 26
60 27
60 29
60 32
60 35
60 36
60 37
60 43
60 46
60 47
60 49
60 50
60 54
60 56
60 57
60 58
60 59
60 61
60 65
60 67
60 68
60 70
60 71
60 74
60 76
60 80
60 81
60 82
60 85
60 88
60 90
60 93
60 94
60 97
60 99
60 100
60 101
60 102
60 106
60 108
60 109
60 110
60 111
60 113
60 114
60 115
60 116
60 117
60 120
60 121
60 122
60 123
60 124
60 125
61 0
61 1
61 2
61 4
61 5
61 7
61 9
61 10
61 12
61 13
61 14
61 16
61 17
61 18
61 19
61 21
61 26
61 27
61 29
61 32
61 35
61 36
61 37
61 43
61 46
61 47
61 49
61 50
61 54
61 56
61 57
61 58
61 59
61 60
61 65
61 67
61 68
61 70
61 71
61 74
61 76
61 80
61 81
61 82
61 85
61 88
61 90
61 93
61 94
61 97
61 99
61 100
61 101
61 102
61 106
61 108
61 109
61 110
61 111
61 113
61 114
61 115
61 116
61 117
61 120
61 121
61 122
61 123
61 124
61 125
62 38
63 22
63 87
64 31
65 0
65 1
65 2
65 4
65 5
65 7
65 9
65 10
65 12
65 13
65 14
65 16
65 17
65 18
65 19
65 21
65 26
65 27
65 29
65 32
65 35
65 36
65 37
65 43
65 46
65 47
65 49
65 50
65 54
65 56
65 57
65 58
65 59
65 60
65 61
65 67
65 68
65 70
65 71
65 74
65 76
65 80
65 81
65 82
65 85
65 88
65 90
65 93
65 94
65 97
65 99
65 100
65 101
65 102
65 106
65 108
65 109
65 110
65 111
65 113
65 114
65 115
65 116
65 117
65 120
65 121
65 122
65 123
65 124
65 125
66 72
67 0
67 1
67 2
67 4
67 5
67 7
67 9
67 10
67 12
67 13
67 14
67 16
67 17
67 18
67 19
67 21
67 26
67 27
67 29
67 32
67 35
67 36
67 37
67 43
67 46
67 47
67 49
67 50
67 54
67 56
67 57
67 58
67 59
67 60
67 61
67 65
67 68
67 70
67 71
67 74
67 76
67 80
67 81
67 82
67 85
67 88
67 90
67 93
67 94
67 97
67 99
67 100
67 101
67 102
67 106
67 108
67 109
67 110
67 111
67 113
67 114
67 115
67 116
67 117
67 120
67 121
67 122
67 123
67 124
67 125
68 0
68 1
68 2
68 4
68 5
68 7
68 9
68 10
68 12
68 13
68 14
68 16
68 17
68 18
68 19
68 21
68 26
68 27
68 29
68 32
68 35
68 36
68 37
68 43
68 46
68 47
68 49
68 50
68 54
68 56
68 57
68 58
68 59
68 60
68 61
68 65
68 67
68 70
68 71
68 74
68 76
68 80
68 81
68 82
68 85
68 88
68 90
68 93
68 94
68 97
68 99
68 100
68 101
68 102
68 106
68 108
68 109
68 110
68 111
68 113
68 114
68 115
68 116
68 117
68 120
68 121
68 122
68 123
68 124
68 125
70 0
70 1
70 2
70 4
70 5
70 7
70 9
70 10
70 12
70 13
70 14
70 16
70 17
70 18
70 19
70 21
70 26
70 27
70 29
70 32
70 35
70 36
70 37
70 43
70 46
70 47
70 49
70 50
70 54
70 56
70 57
70 58
70 59
70 60
70 61
70 65
70 67
70 68
70 71
70 74
70 76
70 80
70 81
70 82
70 85
70 88
70 90
70 93
70 94
70 97
70 99
70 100
70 101
70 102
70 106
70 108
70 109
70 110
70 111
70 113
70 114
70 115
70 116
70 117
70 120
70 121
70 122
70 123
70 124
70 125
71 0
71 1
71 2
71 4
71 5
71 7
71 9
71 10
71 12
71 13
71 14
71 16
71 17
71 18
71 19
71 21
71 26
71 27
71 29
71 32
71 35
71 36
71 37
71 43
71 46
71 47
71 49
71 50
71 54
71 56
71 57
71 58
71 59
71 60
71 61
71 65
71 67
71 68
71 70
71 74
71 76
71 80
71 81
71 82
71 85
71 88
71 90
71 93
71 94
71 97
71 99
71 100
71 101
71 102
71 106
71 108
71 109
71 110
71 111
71 113
71 114
71 115
71 116
71 117
71 120
71 121
71 122
71 123
71 124
71 125
72 66
73 44
74 0
74 1
74 2
74 4
74 5
74 7
74 9
74 10
74 12
74 13
74 14
74 16
74 17
74 18
74 19
74 21
74 26
74 27
74 29
74 32
74 35
74 36
74 37
74 43
74 46
74 47
74 49
74 50
74 54
74 56
74 57
74 58
74 59
74 60
74 61
74 65
74 67
74 68
74 70
74 71
74 76
74 80
74 81
74 82
74 85
74 88
74 90
74 93
74 94
74 97
74 99
74 100
74 101
74 102
74 106
74 108
74 109
74 110
74 111
74 113
74 114
74 115
74 116
74 117
74 120
74 121
74 122
74 123
74 124
74 125
76 0
76 1
76 2
76 4
76 5
76 7
76 9
76 10
76 12
76 13
76 14
76 16
76 17
76 18
76 19
76 21
76 26
76 27
76 29
76 32
76 35
76 36
76 37
76 43
76 46
76 47
76 49
76 50
76 54
76 56
76 57
76 58
76 59
76 60
76 61
76 65
76 67
76 68
76 70
76 71
76 74
76 80
76 81
76 82
76 85
76 88
76 90
76 93
76 94
76 97
76 99
76 100
76 101
76 102
76 106
76 108
76 109
76 110
76 111
76 113
76 114
76 115
76 116
76 117
76 120
76 121
76 122
76 123
76 124
76 125
79 11
79 39
79 52
79 103
80 0
80 1
80 2
80 4
80 5
80 7
80 9
80 10
80 12
80 13
80 14
80 16
80 17
80 18
80 19
80 21
80 26
80 27
80 29
80 32
80 35
80 36
80 37
80 43
80 46
80 47
80 49
80 50
80 54
80 56
80 57
80 58
80 59
80 60
80 61
80 65
80 67
80 68
80 70
80 71
80 74
80 76
80 81
80 82
80 85
80 88
80 90
80 93
80 94
80 97
80 99
80 100
80 101
80 102
80 106
80 108
80 109
80 110
80 111
80 113
80 114
80 115
80 116
80 117
80 120
80 121
80 122
80 123
80 124
80 125
81 0
81 1
81 2
81 4
81 5
81 7
81 9
81 10
81 12
81 13
81 14
81 16
81 17
81 18
81 19
81 21
81 26
81 27
81 29
81 32
81 35
81 36
81 37
81 43
81 46
81 47
81 49
81 50
81 54
81 56
81 57
81 58
81 59
81 60
81 61
81 65
81 67
81 68
81 70
81 71
81 74
81 76
81 80
81 82
81 85
81 88
81 90
81 93
81 94
81 97
81 99
81 100
81 101
81 102
81 106
81 108
81 109
81 110
81 111
81 113
81 114
81 115
81 116
81 117
81 120
81 121
81 122
81 123
81 124
81 125
82 0
82 1
82 2
82 4
82 5
82 7
82 9
82 10
82 12
82 13
82 14
82 16
82 17
82 18
82 19
82 21
82 26
82 27
82 29
82 32
82 35
82 36
82 37
82 43
82 46
82 47
82 49
82 50
82 54
82 56
82 57
82 58
82 59
82 60
82 61
82 65
82 67
82 68
82 70
82 71
82 74
82 76
82 80
82 81
82 85
82 88
82 90
82 93
82 94
82 97
82 99
82 100
82 101
82 102
82 106
82 108
82 109
82 110
82 111
82 113
82 114
82 115
82 116
82 117
82 120
82 121
82 122
82 123
82 124
82 125
83 51
84 41
84 45
85 0
85 1
85 2
85 4
85 5
85 7
85 9
85 10
85 12
85 13
85 14
85 16
85 17
85 18
85 19
85 21
85 26
85 27
85 29
85 32
85 35
85 36
85 37
85 43
85 46
85 47
85 49
85 50
85 54
85 56
85 57
85 58
85 59
85 60
85 61
85 65
85 67
85 68
85 70
85 71
85 74
85 76
85 80
85 81
85 82
85 88
85 90
85 93
85 94
85 97
85 99
85 100
85 101
85 102
85 106
85 108
85 109
85 110
85 111
85 113
85 114
85 115
85 116
85 117
85 120
85 121
85 122
85 123
85 124
85 125
86 103
87 22
87 63
88 0
88 1
88 2
88 4
88 5
88 7
88 9
88 10
88 12
88 13
88 14
88 16
88 17
88 18
88 19
88 21
88 26
88 27
88 29
88 32
88 35
88 36
88 37
88 43
88 46
88 47
88 49
88 50
88 54
88 56
88 57
88 58
88 59
88 60
88 61
88 65
88 67
88 68
88 70
88 71
88 74
88 76
88 80
88 81
88 82
88 85
88 90
88 93
88 94
88 97
88 99
88 100
88 101
88 102
88 106
88 108
88 109
88 110
88 111
88 113
88 114
88 115
88 116
88 117
88 120
88 121
88 122
88 123
88 124
88 125
90 0
90 1
90 2
90 4
90 5
90 7
90 9
90 10
90 12
90 13
90 14
90 16
90 17
90 18
90 19
90 21
90 26
90 27
90 29
90 32
90 35
90 36
90 37
90 43
90 46
90 47
90 49
90 50
90 54
90 56
90 57
90 58
90 59
90 60
90 61
90 65
90 67
90 68
90 70
90 71
90 74
90 76
90 80
90 81
90 82
90 85
90 88
90 93
90 94
90 97
90 99
90 100
90 101
90 102
90 106
90 108
90 109
90 110
90 111
90 113
90 114
90 115
90 116
90 117
90 120
90 121
90 122
90 123
90 124
90 125
93 0
93 1
93 2
93 4
93 5
93 7
93 9
93 10
93 12
93 13
93 14
93 16
93 17
93 18
93 19
93 21
93 26
93 27
93 29
93 32
93 35
93 36
93 37
93 43
93 46
93 47
93 49
93 50
93 54
93 56
93 57
93 58
93 59
93 60
93 61
93 65
93 67
93 68
93 70
93 71
93 74
93 76
93 80
93 81
93 82
93 85
93 88
93 90
93 94
93 97
93 99
93 100
93 101
93 102
93 106
93 108
93 109
93 110
93 111
93 113
93 114
93 115
93 116
93 117
93 120
93 121
93 122
93 123
93 124
93 125
94 0
94 1
94 2
94 4
94 5
94 7
94 9
94 10
94 12
94 13
94 14
94 16
94 17
94 18
94 19
94 21
94 26
94 27
94 29
94 32
94 35
94 36
94 37
94 43
94 46
94 47
94 49
94 50
94 54
94 56
94 57
94 58
94 59
94 60
94 61
94 65
94 67
94 68
94 70
94 71
94 74
94 76
94 80
94 81
94 82
94 85
94 88
94 90
94 93
94 97
94 99
94 100
94 101
94 102
94 106
94 108
94 109
94 110
94 111
94 113
94 114
94 115
94 116
94 117
94 120
94 121
94 122
94 123
94 124
94 125
97 0
97 1
97 2
97 4
97 5
97 7
97 9
97 10
97 12
97 13
97 14
97 16
97 17
97 18
97 19
97 21
97 26
97 27
97 29
97 32
97 35
97 36
97 37
97 43
97 46
97 47
97 49
97 50
97 54
97 56
97 57
97 58
97 59
97 60
97 61
97 65
97 67
97 68
97 70
97 71
97 74
97 76
97 80
97 81
97 82
97 85
97 88
97 90
97 93
97 94
97 99
97 100
97 101
97 102
97 106
97 108
97 109
97 110
97 111
97 113
97 114
97 115
97 116
97 117
97 120
97 121
97 122
97 123
97 124
97 125
99 0
99 1
99 2
99 4
99 5
99 7
99 9
99 10
99 12
99 13
99 14
99 16
99 17
99 18
99 19
99 21
99 26
99 27
99 29
99 32
99 35
99 36
99 37
99 43
99 46
99 47
99 49
99 50
99 54
99 56
99 57
99 58
99 59
99 60
99 61
99 65
99 67
99 68
99 70
99 71
99 74
99 76
99 80
99 81
99 82
99 85
99 88
99 90
99 93
99 94
99 97
99 100
99 101
99 102
99 106
99 108
99 109
99 110
99 111
99 113
99 114
99 115
99 116
99 117
99 120
99 121
99 122
99 123
99 124
99 125
100 0
100 1
100 2
100 4
100 5
100 7
100 9
100 10
100 12
100 13
100 14
100 16
100 17
100 18
100 19
100 21
100 26
100 27
100 29
100 32
100 35
100 36
100 37
100 43
100 46
100 47
100 49
100 50
100 54
100 56
100 57
100 58
100 59
100 60
100 61
100 65
100 67
100 68
100 70
100 71
100 74
100 76
100 80
100 81
100 82
100 85
100 88
100 90
100 93
100 94
100 97
100 99
100 101
100 102
100 106
100 108
100 109
100 110
100 111
100 113
100 114
100 115
100 116
100 117
100 120
100 121
100 122
100 123
100 124
100 125
101 0
101 1
101 2
101 4
101 5
101 7
101 9
101 10
101 12
101 13
101 14
101 16
101 17
101 18
101 19
101 21
101 26
101 27
101 29
101 32
101 35
101 36
101 37
101 43
101 46
101 47
101 49
101 50
101 54
101 56
101 57
101 58
101 59
101 60
101 61
101 65
101 67
101 68
101 70
101 71
101 74
101 76
101 80
101 81
101 82
101 85
101 88
101 90
101 93
101 94
101 97
101 99
101 100
101 102
101 106
101 108
101 109
101 110
101 111
101 113
101 114
101 115
101 116
101 117
101 120
101 121
101 122
101 123
101 124
101 125
102 0
102 1
102 2
102 4
102 5
102 7
102 9
102 10
102 12
102 13
102 14
102 16
102 17
102 18
102 19
102 21
102 26
102 27
102 29
102 32
102 35
102 36
102 37
102 43
102 46
102 47
102 49
102 50
102 54
102 56
102 57
102 58
102 59
102 60
102 61
102 65
102 67
102 68
102 70
102 71
102 74
102 76
102 80
102 81
102 82
102 85
102 88
102 90
102 93
102 94
102 97
102 99
102 100
102 101
102 106
102 108
102 109
102 110
102 111
102 113
102 114
102 115
102 116
102 117
102 120
102 121
102 122
102 123
102 124
102 125
103 11
103 39
103 52
103 79
103 86
104 30
106 0
106 1
106 2
106 4
106 5
106 7
106 9
106 10
106 12
106 13
106 14
106 16
106 17
106 18
106 19
106 21
106 26
106 27
106 29
106 32
106 35
106 36
106 37
106 43
106 46
106 47
106 49
106 50
106 54
106 56
106 57
106 58
106 59
106 60
106 61
106 65
106 67
106 68
106 70
106 71
106 74
106 76
106 80
106 81
106 82
106 85
106 88
106 90
106 93
106 94
106 97
106 99
106 100
106 101
106 102
106 108
106 109
106 110
106 111
106 113
106 114
106 115
106 116
106 117
106 120
106 121
106 122
106 123
106 124
106 125
108 0
108 1
108 2
108 4
108 5
108 7
108 9
108 10
108 12
108 13
108 14
108 16
108 17
108 18
108 19
108 21
108 26
108 27
108 29
108 32
108 35
108 36
108 37
108 43
108 46
108 47
108 49
108 50
108 54
108 56
108 57
108 58
108 59
108 60
108 61
108 65
108 67
108 68
108 70
108 71
108 74
108 76
108 80
108 81
108 82
108 85
108 88
108 90
108 93
108 94
108 97
108 99
108 100
108 101
108 102
108 106
108 109
108 110
108 111
108 113
108 114
108 115
108 116
108 117
108 120
108 121
108 122
108 123
108 124
108 125
109 0
109 1
109 2
109 4
109 5
109 7
109 9
109 10
109 12
109 13
109 14
109 16
109 17
109 18
109 19
109 21
109 26
109 27
109 29
109 32
109 35
109 36
109 37
109 43
109 46
109 47
109 49
109 50
109 54
109 56
109 57
109 58
109 59
109 60
109 61
109 65
109 67
109 68
109 70
109 71
109 74
109 76
109 80
109 81
109 82
109 85
109 88
109 90
109 93
109 94
109 97
109 99
109 100
109 101
109 102
109 106
109 108
109 110
109 111
109 113
109 114
109 115
109 116
109 117
109 120
109 121
109 122
109 123
109 124
109 125
110 0
110 1
110 2
110 4
110 5
110 7
110 9
110 10
110 12
110 13
110 14
110 16
110 17
110 18
110 19
110 21
110 26
110 27
110 29
110 32
110 35
110 36
110 37
110 43
110 46
110 47
110 49
110 50
110 54
110 56
110 57
110 58
110 59
110 60
110 61
110 65
110 67
110 68
110 70
110 71
110 74
110 76
110 80
110 81
110 82
110 85
110 88
110 90
110 93
110 94
110 97
110 99
110 100
110 101
110 102
110 106
110 108
110 109
110 111
110 113
110 114
110 115
110 116
110 117
110 120
110 121
110 122
110 123
110 124
110 125
111 0
111 1
111 2
111 4
111 5
111 7
111 9
111 10
111 12
111 13
111 14
111 16
111 17
111 18
111 19
111 21
111 26
111 27
111 29
111 32
111 35
111 36
111 37
111 43
111 46
111 47
111 49
111 50
111 54
111 56
111 57
111 58
111 59
111 60
111 61
111 65
111 67
111 68
111 70
111 71
111 74
111 76
111 80
111 81
111 82
111 85
111 88
111 90
111 93
111 94
111 97
111 99
111 100
111 101
111 102
111 106
111 108
111 109
111 110
111 113
111 114
111 115
111 116
111 117
111 120
111 121
111 122
111 123
111 124
111 125
112 3
113 0
113 1
113 2
113 4
113 5
113 7
113 9
113 10
113 12
113 13
113 14
113 16
113 17
113 18
113 19
113 21
113 26
113 27
113 29
113 32
113 35
113 36
113 37
113 43
113 46
113 47
113 49
113 50
113 54
113 56
113 57
113 58
113 59
113 60
113 61
113 65
113 67
113 68
113 70
113 71
113 74
113 76
113 80
113 81
113 82
113 85
113 88
113 90
113 93
113 94
113 97
113 99
113 100
113 101
113 102
113 106
113 108
113 109
113 110
113 111
113 114
113 115
113 116
113 117
113 120
113 121
113 122
113 123
113 124
113 125
114 0
114 1
114 2
114 4
114 5
114 7
114 9
114 10
114 12
114 13
114 14
114 16
114 17
114 18
114 19
114 21
114 26
114 27
114 29
114 32
114 35
114 36
114 37
114 43
114 46
114 47
114 49
114 50
114 54
114 56
114 57
114 58
114 59
114 60
114 61
114 65
114 67
114 68
114 70
114 71
114 74
114 76
114 80
114 81
114 82
114 85
114 88
114 90
114 93
114 94
114 97
114 99
114 100
114 101
114 102
114 106
114 108
114 109
114 110
114 111
114 113
114 115
114 116
114 117
114 120
114 121
114 122
114 123
114 124
114 125
115 0
115 1
115 2
115 4
115 5
115 7
115 9
115 10
115 12
115 13
115 14
115 16
115 17
115 18
115 19
115 21
115 26
115 27
115 29
115 32
115 35
115 36
115 37
115 43
115 46
115 47
115 49
115 50
115 54
115 56
115 57
115 58
115 59
115 60
115 61
115 65
115 67
115 68
115 70
115 71
115 74
115 76
115 80
115 81
115 82
115 85
115 88
115 90
115 93
115 94
115 97
115 99
115 100
115 101
115 102
115 106
115 108
115 109
115 110
115 111
115 113
115 114
115 116
115 117
115 120
115 121
115 122
115 123
115 124
115 125
116 0
116 1
116 2
116 4
116 5
116 7
116 9
116 10
116 12
116 13
116 14
116 16
116 17
116 18
116 19
116 21
116 26
116 27
116 29
116 32
116 35
116 36
116 37
116 43
116 46
116 47
116 49
116 50
116 54
116 56
116 57
116 58
116 59
116 60
116 61
116 65
116 67
116 68
116 70
116 71
116 74
116 76
116 80
116 81
116 82
116 85
116 88
116 90
116 93
116 94
116 97
116 99
116 100
116 101
116 102
116 106
116 108
116 109
116 110
116 111
116 113
116 114
116 115
116 117
116 120
116 121
116 122
116 123
116 124
116 125
117 0
117 1
117 2
117 4
117 5
117 7
117 9
117 10
117 12
117 13
117 14
117 16
117 17
117 18
117 19
117 21
117 26
117 27
117 29
117 32
117 35
117 36
117 37
117 43
117 46
117 47
117 49
117 50
117 54
117 56
117 57
117 58
117 59
117 60
117 61
117 65
117 67
117 68
117 70
117 71
117 74
117 76
117 80
117 81
117 82
117 85
117 88
117 90
117 93
117 94
117 97
117 99
117 100
117 101
117 102
117 106
117 108
117 109
117 110
117 111
117 113
117 114
117 115
117 116
117 120
117 121
117 122
117 123
117 124
117 125
120 0
120 1
120 2
120 4
120 5
120 7
120 9
120 10
120 12
120 13
120 14
120 16
120 17
120 18
120 19
120 21
120 26
120 27
120 29
120 32
120 35
120 36
120 37
120 43
120 46
120 47
120 49
120 50
120 54
120 56
120 57
120 58
120 59
120 60
120 61
120 65
120 67
120 68
120 70
120 71
120 74
120 76
120 80
120 81
120 82
120 85
120 88
120 90
120 93
120 94
120 97
120 99
120 100
120 101
120 102
120 106
120 108
120 109
120 110
120 111
120 113
120 114
120 115
120 116
120 117
120 121
120 122
120 123
120 124
120 125
121 0
121 1
121 2
121 4
121 5
121 7
121 9
121 10
121 12
121 13
121 14
121 16
121 17
121 18
121 19
121 21
121 26
121 27
121 29
121 32
121 35
121 36
121 37
121 43
121 46
121 47
121 49
121 50
121 54
121 56
121 57
121 58
121 59
121 60
121 61
121 65
121 67
121 68
121 70
121 71
121 74
121 76
121 80
121 81
121 82
121 85
121 88
121 90
121 93
121 94
121 97
121 99
121 100
121 101
121 102
121 106
121 108
121 109
121 110
121 111
121 113
121 114
121 115
121 116
121 117
121 120
121 122
121 123
121 124
121 125
122 0
122 1
122 2
122 4
122 5
122 7
122 9
122 10
122 12
122 13
122 14
122 16
122 17
122 18
122 19
122 21
122 26
122 27
122 29
122 32
122 35
122 36
122 37
122 43
122 46
122 47
122 49
122 50
122 54
122 56
122 57
122 58
122 59
122 60
122 61
122 65
122 67
122 68
122 70
122 71
122 74
122 76
122 80
122 81
122 82
122 85
122 88
122 90
122 93
122 94
122 97
122 99
122 100
122 101
122 102
122 106
122 108
122 109
122 110
122 111
122 113
122 114
122 115
122 116
122 117
122 120
122 121
122 123
122 124
122 125
123 0
123 1
123 2
123 4
123 5
123 7
123 9
123 10
123 12
123 13
123 14
123 16
123 17
123 18
123 19
123 21
123 26
123 27
123 29
123 32
123 35
123 36
123 37
123 43
123 46
123 47
123 49
123 50
123 54
123 56
123 57
123 58
123 59
123 60
123 61
123 65
123 67
123 68
123 70
123 71
123 74
123 76
123 80
123 81
123 82
123 85
123 88
123 90
123 93
123 94
123 97
123 99
123 100
123 101
123 102
123 106
123 108
123 109
123 110
123 111
123 113
123 114
123 115
123 116
123 117
123 120
123 121
123 122
123 124
123 125
124 0
124 1
124 2
124 4
124 5
124 7
124 9
124 10
124 12
124 13
124 14
124 16
124 17
124 18
124 19
124 21
124 26
124 27
124 29
124 32
124 35
124 36
124 37
124 43
124 46
124 47
124 49
124 50
124 54
124 56
124 57
124 58
124 59
124 60
124 61
124 65
124 67
124 68
124 70
124 71
124 74
124 76
124 80
124 81
124 82
124 85
124 88
124 90
124 93
124 94
124 97
124 99
124 100
124 101
124 102
124 106
124 108
124 109
124 110
124 111
124 113
124 114
124 115
124 116
124 117
124 120
124 121
124 122
124 123
124 125
125 0
125 1
125 2
125 4
125 5
125 7
125 9
125 10
125 12
125 13
125 14
125 16
125 17
125 18
125 19
125 21
125 26
125 27
125 29
125 32
125 35
125 36
125 37
125 43
125 46
125 47
125 49
125 50
125 54
125 56
125 57
125 58
125 59
125 60
125 61
125 65
125 67
125 68
125 70
125 71
125 74
125 76
125 80
125 81
125 82
125 85
125 88
125 90
125 93
125 94
125 97
125 99
125 100
125 101
125 102
125 106
125 108
125 109
125 110
125 111
125 113
125 114
125 115
125 116
125 117
125 120
125 121
125 122
125 123
125 124
127 24
