64 926
1 3
1 8
1 10
1 16
1 17
1 19
1 23
1 24
1 25
1 26
1 28
1 31
1 33
1 34
1 36
1 39
1 42
1 43
1 46
1 47
1 55
1 57
1 58
1 60
3 1
3 8
3 10
3 16
3 17
3 19
3 23
3 24
3 25
3 26
3 28
3 31
3 33
3 34
3 36
3 39
3 42
3 43
3 46
3 47
3 55
3 57
3 58
3 60
4 6
4 7
4 13
4 21
4 30
4 35
4 37
4 38
4 40
4 44
4 48
4 49
4 50
4 52
5 11
5 22
5 29
5 45
5 51
5 54
5 56
5 61
5 63
6 4
6 7
6 13
6 21
6 30
6 35
6 37
6 38
6 40
6 44
6 48
6 49
6 50
6 52
7 4
7 6
7 13
7 21
7 30
7 35
7 37
7 38
7 40
7 44
7 48
7 49
7 50
7 52
8 1
8 3
8 10
8 16
8 17
8 19
8 23
8 24
8 25
8 26
8 28
8 31
8 33
8 34
8 36
8 39
8 42
8 43
8 46
8 47
8 55
8 57
8 58
8 60
9 41
9 62
10 1
10 3
10 8
10 16
10 17
10 19
10 23
10 24
10 25
10 26
10 28
10 31
10 33
10 34
10 36
10 39
10 42
10 43
10 46
10 47
10 55
10 57
10 58
10 60
11 5
11 22
11 29
11 45
11 51
11 54
11 56
11 61
11 63
12 20
12 32
12 59
13 4
13 6
13 7
13 21
13 30
13 35
13 37
13 38
13 40
13 44
13 48
13 49
13 50
13 52
14 53
15 18
15 27
16 1
16 3
16 8
16 10
16 17
16 19
16 23
16 24
16 25
16 26
16 28
16 31
16 33
16 34
16 36
16 39
16 42
16 43
16 46
16 47
16 55
16 57
16 58
16 60
17 1
17 3
17 8
17 10
17 16
17 19
17 23
17 24
17 25
17 26
17 28
17 31
17 33
17 34
17 36
17 39
17 42
17 43
17 46
17 47
17 55
17 57
17 58
17 60
18 15
18 27
19 1
19 3
19 8
19 10
19 16
19 17
19 23
19 24
19 25
19 26
19 28
19 31
19 33
19 34
19 36
19 39
19 42
19 43
19 46
19 47
19 55
19 57
19 58
19 60
20 12
20 32
20 59
21 4
21 6
21 7
21 13
21 30
21 35
21 37
21 38
21 40
21 44
21 48
21 49
21 50
21 52
22 5
22 11
22 29
22 45
22 51
22 54
22 56
22 61
22 63
23 1
23 3
23 8
23 10
23 16
23 17
23 19
23 24
23 25
23 26
23 28
23 31
23 33
23 34
23 36
23 39
23 42
23 43
23 46
23 47
23 55
23 57
23 58
23 60
24 1
24 3
24 8
24 10
24 16
24 17
24 19
24 23
24 25
24 26
24 28
24 31
24 33
24 34
24 36
24 39
24 42
24 43
24 46
24 47
24 55
24 57
24 58
24 60
25 1
25 3
25 8
25 10
25 16
25 17
25 19
25 23
25 24
25 26
25 28
25 31
25 33
25 34
25 36
25 39
25 42
25 43
25 46
25 47
25 55
25 57
25 58
25 60
26 1
26 3
26 8
26 10
26 16
26 17
26 19
26 23
26 24
26 25
26 28
26 31
26 33
26 34
26 36
26 39
26 42
26 43
26 46
26 47
26 55
26 57
26 58
26 60
27 15
27 18
28 1
28 3
28 8
28 10
28 16
28 17
28 19
28 23
28 24
28 25
28 26
28 31
28 33
28 34
28 36
28 39
28 42
28 43
28 46
28 47
28 55
28 57
28 58
28 60
29 5
29 11
29 22
29 45
29 51
29 54
29 56
29 61
29 63
30 4
30 6
30 7
30 13
30 21
30 35
30 37
30 38
30 40
30 44
30 48
30 49
30 50
30 52
31 1
31 3
31 8
31 10
31 16
31 17
31 19
31 23
31 24
31 25
31 26
31 28
31 33
31 34
31 36
31 39
31 42
31 43
31 46
31 47
31 55
31 57
31 58
31 60
32 12
32 20
32 59
33 1
33 3
33 8
33 10
33 16
33 17
33 19
33 23
33 24
33 25
33 26
33 28
33 31
33 34
33 36
33 39
33 42
33 43
33 46
33 47
33 55
33 57
33 58
33 60
34 1
34 3
34 8
34 10
34 16
34 17
34 19
34 23
34 24
34 25
34 26
34 28
34 31
34 33
34 36
34 39
34 42
34 43
34 46
34 47
34 55
34 57
34 58
34 60
35 4
35 6
35 7
35 13
35 21
35 30
35 37
35 38
35 40
35 44
35 48
35 49
35 50
35 52
36 1
36 3
36 8
36 10
36 16
36 17
36 19
36 23
36 24
36 25
36 26
36 28
36 31
36 33
36 34
36 39
36 42
36 43
36 46
36 47
36 55
36 57
36 58
36 60
37 4
37 6
37 7
37 13
37 21
37 30
37 35
37 38
37 40
37 44
37 48
37 49
37 50
37 52
38 4
38 6
38 7
38 13
38 21
38 30
38 35
38 37
38 40
38 44
38 48
38 49
38 50
38 52
39 1
39 3
39 8
39 10
39 16
39 17
39 19
39 23
39 24
39 25
39 26
39 28
39 31
39 33
39 34
39 36
39 42
39 43
39 46
39 47
39 55
39 57
39 58
39 60
40 4
40 6
40 7
40 13
40 21
40 30
40 35
40 37
40 38
40 44
40 48
40 49
40 50
40 52
41 9
41 62
42 1
42 3
42 8
42 10
42 16
42 17
42 19
42 23
42 24
42 25
42 26
42 28
42 31
42 33
42 34
42 36
42 39
42 43
42 46
42 47
42 55
42 57
42 58
42 60
43 1
43 3
43 8
43 10
43 16
43 17
43 19
43 23
43 24
43 25
43 26
43 28
43 31
43 33
43 34
43 36
43 39
43 42
43 46
43 47
43 55
43 57
43 58
43 60
44 4
44 6
44 7
44 13
44 21
44 30
44 35
44 37
44 38
44 40
44 48
44 49
44 50
44 52
45 5
45 11
45 22
45 29
45 51
45 54
45 56
45 61
45 63
46 1
46 3
46 8
46 10
46 16
46 17
46 19
46 23
46 24
46 25
46 26
46 28
46 31
46 33
46 34
46 36
46 39
46 42
46 43
46 47
46 55
46 57
46 58
46 60
47 1
47 3
47 8
47 10
47 16
47 17
47 19
47 23
47 24
47 25
47 26
47 28
47 31
47 33
47 34
47 36
47 39
47 42
47 43
47 46
47 55
47 57
47 58
47 60
48 4
48 6
48 7
48 13
48 21
48 30
48 35
48 37
48 38
48 40
48 44
48 49
48 50
48 52
49 4
49 6
49 7
49 13
49 21
49 30
49 35
49 37
49 38
49 40
49 44
49 48
49 50
49 52
50 4
50 6
50 7
50 13
50 21
50 30
50 35
50 37
50 38
50 40
50 44
50 48
50 49
50 52
51 5
51 11
51 22
51 29
51 45
51 54
51 56
51 61
51 63
52 4
52 6
52 7
52 13
52 21
52 30
52 35
52 37
52 38
52 40
52 44
52 48
52 49
52 50
53 14
54 5
54 11
54 22
54 29
54 45
54 51
54 56
54 61
54 63
55 1
55 3
55 8
55 10
55 16
55 17
55 19
55 23
55 24
55 25
55 26
55 28
55 31
55 33
55 34
55 36
55 39
55 42
55 43
55 46
55 47
55 57
55 58
55 60
56 5
56 11
56 22
56 29
56 45
56 51
56 54
56 61
56 63
57 1
57 3
57 8
57 10
57 16
57 17
57 19
57 23
57 24
57 25
57 26
57 28
57 31
57 33
57 34
57 36
57 39
57 42
57 43
57 46
57 47
57 55
57 58
57 60
58 1
58 3
58 8
58 10
58 16
58 17
58 19
58 23
58 24
58 25
58 26
58 28
58 31
58 33
58 34
58 36
58 39
58 42
58 43
58 46
58 47
58 55
58 57
58 60
59 12
59 20
59 32
60 1
60 3
60 8
60 10
60 16
60 17
60 19
60 23
60 24
60 25
60 26
60 28
60 31
60 33
60 34
60 36
60 39
60 42
60 43
60 46
60 47
60 55
60 57
60 58
61 5
61 11
61 22
61 29
61 45
61 51
61 54
61 56
61 63
62 9
62 41
63 5
63 11
63 22
63 29
63 45
63 51
63 54
63 56
63 61
