32 274
0 4
0 5
0 8
0 10
0 12
0 13
0 14
0 16
0 17
0 19
0 21
0 25
0 26
0 27
0 28
0 29
4 0
4 5
4 8
4 10
4 12
4 13
4 14
4 16
4 17
4 19
4 21
4 25
4 26
4 27
4 28
4 29
5 0
5 4
5 8
5 10
5 12
5 13
5 14
5 16
5 17
5 19
5 21
5 25
5 26
5 27
5 28
5 29
6 30
8 0
8 4
8 5
8 10
8 12
8 13
8 14
8 16
8 17
8 19
8 21
8 25
8 26
8 27
8 28
8 29
10 0
10 4
10 5
10 8
10 12
10 13
10 14
10 16
10 17
10 19
10 21
10 25
10 26
10 27
10 28
10 29
12 0
12 4
12 5
12 8
12 10
12 13
12 14
12 16
12 17
12 19
12 21
12 25
12 26
12 27
12 28
12 29
13 0
13 4
13 5
13 8
13 10
13 12
13 14
13 16
13 17
13 19
13 21
13 25
13 26
13 27
13 28
13 29
14 0
14 4
14 5
14 8
14 10
14 12
14 13
14 16
14 17
14 19
14 21
14 25
14 26
14 27
14 28
14 29
16 0
16 4
16 5
16 8
16 10
16 12
16 13
16 14
16 17
16 19
16 21
16 25
16 26
16 27
16 28
16 29
17 0
17 4
17 5
17 8
17 10
17 12
17 13
17 14
17 16
17 19
17 21
17 25
17 26
17 27
17 28
17 29
19 0
19 4
19 5
19 8
19 10
19 12
19 13
19 14
19 16
19 17
19 21
19 25
19 26
19 27
19 28
19 29
21 0
21 4
21 5
21 8
21 10
21 12
21 13
21 14
21 16
21 17
21 19
21 25
21 26
21 27
21 28
21 29
25 0
25 4
25 5
25 8
25 10
25 12
25 13
25 14
25 16
25 17
25 19
25 21
25 26
25 27
25 28
25 29
26 0
26 4
26 5
26 8
26 10
26 12
26 13
26 14
26 16
26 17
26 19
26 21
26 25
26 27
26 28
26 29
27 0
27 4
27 5
27 8
27 10
27 12
27 13
27 14
27 16
27 17
27 19
27 21
27 25
27 26
27 28
27 29
28 0
28 4
28 5
28 8
28 10
28 12
28 13
28 14
28 16
28 17
28 19
28 21
28 25
28 26
28 27
28 29
29 0
29 4
29 5
29 8
29 10
29 12
29 13
29 14
29 16
29 17
29 19
29 21
29 25
29 26
29 27
29 28
30 6
