256 10820
1 16
1 23
1 28
1 31
1 33
1 39
1 47
1 66
1 72
1 85
1 91
1 92
1 96
1 117
1 119
1 125
1 136
1 150
1 155
1 158
1 159
1 160
1 173
1 186
1 192
1 197
1 199
1 200
1 207
1 208
1 209
1 223
1 226
1 236
1 240
1 252
3 8
3 10
3 17
3 19
3 24
3 25
3 26
3 34
3 36
3 42
3 43
3 46
3 55
3 57
3 58
3 60
3 67
3 76
3 77
3 78
3 84
3 86
3 87
3 101
3 103
3 105
3 108
3 113
3 116
3 122
3 133
3 135
3 140
3 142
3 148
3 151
3 161
3 162
3 175
3 182
3 184
3 189
3 193
3 205
3 214
3 221
3 222
3 224
3 231
3 241
3 245
4 6
4 7
4 13
4 21
4 30
4 35
4 37
4 38
4 40
4 44
4 48
4 49
4 50
4 52
4 64
4 65
4 68
4 82
4 89
4 99
4 102
4 109
4 110
4 111
4 134
4 146
4 149
4 152
4 153
4 163
4 167
4 172
4 174
4 176
4 177
4 181
4 188
4 198
4 201
4 202
4 212
4 213
4 215
4 218
4 220
4 225
4 232
4 246
4 250
4 251
4 253
4 254
5 11
5 22
5 29
5 45
5 51
5 54
5 56
5 61
5 63
5 73
5 74
5 75
5 79
5 80
5 81
5 83
5 88
5 93
5 95
5 98
5 100
5 104
5 106
5 118
5 123
5 126
5 127
5 129
5 132
5 137
5 143
5 147
5 154
5 157
5 169
5 170
5 178
5 187
5 190
5 195
5 203
5 204
5 210
5 216
5 227
5 229
5 230
5 234
5 235
5 237
5 238
5 239
5 242
5 244
5 248
5 249
6 4
6 7
6 13
6 21
6 30
6 35
6 37
6 38
6 40
6 44
6 48
6 49
6 50
6 52
6 64
6 65
6 68
6 82
6 89
6 99
6 102
6 109
6 110
6 111
6 134
6 146
6 149
6 152
6 153
6 163
6 167
6 172
6 174
6 176
6 177
6 181
6 188
6 198
6 201
6 202
6 212
6 213
6 215
6 218
6 220
6 225
6 232
6 246
6 250
6 251
6 253
6 254
7 4
7 6
7 13
7 21
7 30
7 35
7 37
7 38
7 40
7 44
7 48
7 49
7 50
7 52
7 64
7 65
7 68
7 82
7 89
7 99
7 102
7 109
7 110
7 111
7 134
7 146
7 149
7 152
7 153
7 163
7 167
7 172
7 174
7 176
7 177
7 181
7 188
7 198
7 201
7 202
7 212
7 213
7 215
7 218
7 220
7 225
7 232
7 246
7 250
7 251
7 253
7 254
8 3
8 10
8 17
8 19
8 24
8 25
8 26
8 34
8 36
8 42
8 43
8 46
8 55
8 57
8 58
8 60
8 67
8 76
8 77
8 78
8 84
8 86
8 87
8 101
8 103
8 105
8 108
8 113
8 116
8 122
8 133
8 135
8 140
8 142
8 148
8 151
8 161
8 162
8 175
8 182
8 184
8 189
8 193
8 205
8 214
8 221
8 222
8 224
8 231
8 241
8 245
9 41
9 62
9 94
9 112
10 3
10 8
10 17
10 19
10 24
10 25
10 26
10 34
10 36
10 42
10 43
10 46
10 55
10 57
10 58
10 60
10 67
10 76
10 77
10 78
10 84
10 86
10 87
10 101
10 103
10 105
10 108
10 113
10 116
10 122
10 133
10 135
10 140
10 142
10 148
10 151
10 161
10 162
10 175
10 182
10 184
10 189
10 193
10 205
10 214
10 221
10 222
10 224
10 231
10 241
10 245
11 5
11 22
11 29
11 45
11 51
11 54
11 56
11 61
11 63
11 73
11 74
11 75
11 79
11 80
11 81
11 83
11 88
11 93
11 95
11 98
11 100
11 104
11 106
11 118
11 123
11 126
11 127
11 129
11 132
11 137
11 143
11 147
11 154
11 157
11 169
11 170
11 178
11 187
11 190
11 195
11 203
11 204
11 210
11 216
11 227
11 229
11 230
11 234
11 235
11 237
11 238
11 239
11 242
11 244
11 248
11 249
12 20
12 32
12 59
12 69
12 71
12 90
12 97
12 107
12 120
12 121
12 124
12 128
12 130
12 138
12 139
12 156
12 164
12 165
12 171
12 180
12 185
12 191
12 196
12 211
12 217
12 219
12 228
12 243
13 4
13 6
13 7
13 21
13 30
13 35
13 37
13 38
13 40
13 44
13 48
13 49
13 50
13 52
13 64
13 65
13 68
13 82
13 89
13 99
13 102
13 109
13 110
13 111
13 134
13 146
13 149
13 152
13 153
13 163
13 167
13 172
13 174
13 176
13 177
13 181
13 188
13 198
13 201
13 202
13 212
13 213
13 215
13 218
13 220
13 225
13 232
13 246
13 250
13 251
13 253
13 254
14 53
14 131
14 255
15 18
15 27
16 1
16 23
16 28
16 31
16 33
16 39
16 47
16 66
16 72
16 85
16 91
16 92
16 96
16 117
16 119
16 125
16 136
16 150
16 155
16 158
16 159
16 160
16 173
16 186
16 192
16 197
16 199
16 200
16 207
16 208
16 209
16 223
16 226
16 236
16 240
16 252
17 3
17 8
17 10
17 19
17 24
17 25
17 26
17 34
17 36
17 42
17 43
17 46
17 55
17 57
17 58
17 60
17 67
17 76
17 77
17 78
17 84
17 86
17 87
17 101
17 103
17 105
17 108
17 113
17 116
17 122
17 133
17 135
17 140
17 142
17 148
17 151
17 161
17 162
17 175
17 182
17 184
17 189
17 193
17 205
17 214
17 221
17 222
17 224
17 231
17 241
17 245
18 15
18 27
19 3
19 8
19 10
19 17
19 24
19 25
19 26
19 34
19 36
19 42
19 43
19 46
19 55
19 57
19 58
19 60
19 67
19 76
19 77
19 78
19 84
19 86
19 87
19 101
19 103
19 105
19 108
19 113
19 116
19 122
19 133
19 135
19 140
19 142
19 148
19 151
19 161
19 162
19 175
19 182
19 184
19 189
19 193
19 205
19 214
19 221
19 222
19 224
19 231
19 241
19 245
20 12
20 32
20 59
20 69
20 71
20 90
20 97
20 107
20 120
20 121
20 124
20 128
20 130
20 138
20 139
20 156
20 164
20 165
20 171
20 180
20 185
20 191
20 196
20 211
20 217
20 219
20 228
20 243
21 4
21 6
21 7
21 13
21 30
21 35
21 37
21 38
21 40
21 44
21 48
21 49
21 50
21 52
21 64
21 65
21 68
21 82
21 89
21 99
21 102
21 109
21 110
21 111
21 134
21 146
21 149
21 152
21 153
21 163
21 167
21 172
21 174
21 176
21 177
21 181
21 188
21 198
21 201
21 202
21 212
21 213
21 215
21 218
21 220
21 225
21 232
21 246
21 250
21 251
21 253
21 254
22 5
22 11
22 29
22 45
22 51
22 54
22 56
22 61
22 63
22 73
22 74
22 75
22 79
22 80
22 81
22 83
22 88
22 93
22 95
22 98
22 100
22 104
22 106
22 118
22 123
22 126
22 127
22 129
22 132
22 137
22 143
22 147
22 154
22 157
22 169
22 170
22 178
22 187
22 190
22 195
22 203
22 204
22 210
22 216
22 227
22 229
22 230
22 234
22 235
22 237
22 238
22 239
22 242
22 244
22 248
22 249
23 1
23 16
23 28
23 31
23 33
23 39
23 47
23 66
23 72
23 85
23 91
23 92
23 96
23 117
23 119
23 125
23 136
23 150
23 155
23 158
23 159
23 160
23 173
23 186
23 192
23 197
23 199
23 200
23 207
23 208
23 209
23 223
23 226
23 236
23 240
23 252
24 3
24 8
24 10
24 17
24 19
24 25
24 26
24 34
24 36
24 42
24 43
24 46
24 55
24 57
24 58
24 60
24 67
24 76
24 77
24 78
24 84
24 86
24 87
24 101
24 103
24 105
24 108
24 113
24 116
24 122
24 133
24 135
24 140
24 142
24 148
24 151
24 161
24 162
24 175
24 182
24 184
24 189
24 193
24 205
24 214
24 221
24 222
24 224
24 231
24 241
24 245
25 3
25 8
25 10
25 17
25 19
25 24
25 26
25 34
25 36
25 42
25 43
25 46
25 55
25 57
25 58
25 60
25 67
25 76
25 77
25 78
25 84
25 86
25 87
25 101
25 103
25 105
25 108
25 113
25 116
25 122
25 133
25 135
25 140
25 142
25 148
25 151
25 161
25 162
25 175
25 182
25 184
25 189
25 193
25 205
25 214
25 221
25 222
25 224
25 231
25 241
25 245
26 3
26 8
26 10
26 17
26 19
26 24
26 25
26 34
26 36
26 42
26 43
26 46
26 55
26 57
26 58
26 60
26 67
26 76
26 77
26 78
26 84
26 86
26 87
26 101
26 103
26 105
26 108
26 113
26 116
26 122
26 133
26 135
26 140
26 142
26 148
26 151
26 161
26 162
26 175
26 182
26 184
26 189
26 193
26 205
26 214
26 221
26 222
26 224
26 231
26 241
26 245
27 15
27 18
28 1
28 16
28 23
28 31
28 33
28 39
28 47
28 66
28 72
28 85
28 91
28 92
28 96
28 117
28 119
28 125
28 136
28 150
28 155
28 158
28 159
28 160
28 173
28 186
28 192
28 197
28 199
28 200
28 207
28 208
28 209
28 223
28 226
28 236
28 240
28 252
29 5
29 11
29 22
29 45
29 51
29 54
29 56
29 61
29 63
29 73
29 74
29 75
29 79
29 80
29 81
29 83
29 88
29 93
29 95
29 98
29 100
29 104
29 106
29 118
29 123
29 126
29 127
29 129
29 132
29 137
29 143
29 147
29 154
29 157
29 169
29 170
29 178
29 187
29 190
29 195
29 203
29 204
29 210
29 216
29 227
29 229
29 230
29 234
29 235
29 237
29 238
29 239
29 242
29 244
29 248
29 249
30 4
30 6
30 7
30 13
30 21
30 35
30 37
30 38
30 40
30 44
30 48
30 49
30 50
30 52
30 64
30 65
30 68
30 82
30 89
30 99
30 102
30 109
30 110
30 111
30 134
30 146
30 149
30 152
30 153
30 163
30 167
30 172
30 174
30 176
30 177
30 181
30 188
30 198
30 201
30 202
30 212
30 213
30 215
30 218
30 220
30 225
30 232
30 246
30 250
30 251
30 253
30 254
31 1
31 16
31 23
31 28
31 33
31 39
31 47
31 66
31 72
31 85
31 91
31 92
31 96
31 117
31 119
31 125
31 136
31 150
31 155
31 158
31 159
31 160
31 173
31 186
31 192
31 197
31 199
31 200
31 207
31 208
31 209
31 223
31 226
31 236
31 240
31 252
32 12
32 20
32 59
32 69
32 71
32 90
32 97
32 107
32 120
32 121
32 124
32 128
32 130
32 138
32 139
32 156
32 164
32 165
32 171
32 180
32 185
32 191
32 196
32 211
32 217
32 219
32 228
32 243
33 1
33 16
33 23
33 28
33 31
33 39
33 47
33 66
33 72
33 85
33 91
33 92
33 96
33 117
33 119
33 125
33 136
33 150
33 155
33 158
33 159
33 160
33 173
33 186
33 192
33 197
33 199
33 200
33 207
33 208
33 209
33 223
33 226
33 236
33 240
33 252
34 3
34 8
34 10
34 17
34 19
34 24
34 25
34 26
34 36
34 42
34 43
34 46
34 55
34 57
34 58
34 60
34 67
34 76
34 77
34 78
34 84
34 86
34 87
34 101
34 103
34 105
34 108
34 113
34 116
34 122
34 133
34 135
34 140
34 142
34 148
34 151
34 161
34 162
34 175
34 182
34 184
34 189
34 193
34 205
34 214
34 221
34 222
34 224
34 231
34 241
34 245
35 4
35 6
35 7
35 13
35 21
35 30
35 37
35 38
35 40
35 44
35 48
35 49
35 50
35 52
35 64
35 65
35 68
35 82
35 89
35 99
35 102
35 109
35 110
35 111
35 134
35 146
35 149
35 152
35 153
35 163
35 167
35 172
35 174
35 176
35 177
35 181
35 188
35 198
35 201
35 202
35 212
35 213
35 215
35 218
35 220
35 225
35 232
35 246
35 250
35 251
35 253
35 254
36 3
36 8
36 10
36 17
36 19
36 24
36 25
36 26
36 34
36 42
36 43
36 46
36 55
36 57
36 58
36 60
36 67
36 76
36 77
36 78
36 84
36 86
36 87
36 101
36 103
36 105
36 108
36 113
36 116
36 122
36 133
36 135
36 140
36 142
36 148
36 151
36 161
36 162
36 175
36 182
36 184
36 189
36 193
36 205
36 214
36 221
36 222
36 224
36 231
36 241
36 245
37 4
37 6
37 7
37 13
37 21
37 30
37 35
37 38
37 40
37 44
37 48
37 49
37 50
37 52
37 64
37 65
37 68
37 82
37 89
37 99
37 102
37 109
37 110
37 111
37 134
37 146
37 149
37 152
37 153
37 163
37 167
37 172
37 174
37 176
37 177
37 181
37 188
37 198
37 201
37 202
37 212
37 213
37 215
37 218
37 220
37 225
37 232
37 246
37 250
37 251
37 253
37 254
38 4
38 6
38 7
38 13
38 21
38 30
38 35
38 37
38 40
38 44
38 48
38 49
38 50
38 52
38 64
38 65
38 68
38 82
38 89
38 99
38 102
38 109
38 110
38 111
38 134
38 146
38 149
38 152
38 153
38 163
38 167
38 172
38 174
38 176
38 177
38 181
38 188
38 198
38 201
38 202
38 212
38 213
38 215
38 218
38 220
38 225
38 232
38 246
38 250
38 251
38 253
38 254
39 1
39 16
39 23
39 28
39 31
39 33
39 47
39 66
39 72
39 85
39 91
39 92
39 96
39 117
39 119
39 125
39 136
39 150
39 155
39 158
39 159
39 160
39 173
39 186
39 192
39 197
39 199
39 200
39 207
39 208
39 209
39 223
39 226
39 236
39 240
39 252
40 4
40 6
40 7
40 13
40 21
40 30
40 35
40 37
40 38
40 44
40 48
40 49
40 50
40 52
40 64
40 65
40 68
40 82
40 89
40 99
40 102
40 109
40 110
40 111
40 134
40 146
40 149
40 152
40 153
40 163
40 167
40 172
40 174
40 176
40 177
40 181
40 188
40 198
40 201
40 202
40 212
40 213
40 215
40 218
40 220
40 225
40 232
40 246
40 250
40 251
40 253
40 254
41 9
41 62
41 94
41 112
42 3
42 8
42 10
42 17
42 19
42 24
42 25
42 26
42 34
42 36
42 43
42 46
42 55
42 57
42 58
42 60
42 67
42 76
42 77
42 78
42 84
42 86
42 87
42 101
42 103
42 105
42 108
42 113
42 116
42 122
42 133
42 135
42 140
42 142
42 148
42 151
42 161
42 162
42 175
42 182
42 184
42 189
42 193
42 205
42 214
42 221
42 222
42 224
42 231
42 241
42 245
43 3
43 8
43 10
43 17
43 19
43 24
43 25
43 26
43 34
43 36
43 42
43 46
43 55
43 57
43 58
43 60
43 67
43 76
43 77
43 78
43 84
43 86
43 87
43 101
43 103
43 105
43 108
43 113
43 116
43 122
43 133
43 135
43 140
43 142
43 148
43 151
43 161
43 162
43 175
43 182
43 184
43 189
43 193
43 205
43 214
43 221
43 222
43 224
43 231
43 241
43 245
44 4
44 6
44 7
44 13
44 21
44 30
44 35
44 37
44 38
44 40
44 48
44 49
44 50
44 52
44 64
44 65
44 68
44 82
44 89
44 99
44 102
44 109
44 110
44 111
44 134
44 146
44 149
44 152
44 153
44 163
44 167
44 172
44 174
44 176
44 177
44 181
44 188
44 198
44 201
44 202
44 212
44 213
44 215
44 218
44 220
44 225
44 232
44 246
44 250
44 251
44 253
44 254
45 5
45 11
45 22
45 29
45 51
45 54
45 56
45 61
45 63
45 73
45 74
45 75
45 79
45 80
45 81
45 83
45 88
45 93
45 95
45 98
45 100
45 104
45 106
45 118
45 123
45 126
45 127
45 129
45 132
45 137
45 143
45 147
45 154
45 157
45 169
45 170
45 178
45 187
45 190
45 195
45 203
45 204
45 210
45 216
45 227
45 229
45 230
45 234
45 235
45 237
45 238
45 239
45 242
45 244
45 248
45 249
46 3
46 8
46 10
46 17
46 19
46 24
46 25
46 26
46 34
46 36
46 42
46 43
46 55
46 57
46 58
46 60
46 67
46 76
46 77
46 78
46 84
46 86
46 87
46 101
46 103
46 105
46 108
46 113
46 116
46 122
46 133
46 135
46 140
46 142
46 148
46 151
46 161
46 162
46 175
46 182
46 184
46 189
46 193
46 205
46 214
46 221
46 222
46 224
46 231
46 241
46 245
47 1
47 16
47 23
47 28
47 31
47 33
47 39
47 66
47 72
47 85
47 91
47 92
47 96
47 117
47 119
47 125
47 136
47 150
47 155
47 158
47 159
47 160
47 173
47 186
47 192
47 197
47 199
47 200
47 207
47 208
47 209
47 223
47 226
47 236
47 240
47 252
48 4
48 6
48 7
48 13
48 21
48 30
48 35
48 37
48 38
48 40
48 44
48 49
48 50
48 52
48 64
48 65
48 68
48 82
48 89
48 99
48 102
48 109
48 110
48 111
48 134
48 146
48 149
48 152
48 153
48 163
48 167
48 172
48 174
48 176
48 177
48 181
48 188
48 198
48 201
48 202
48 212
48 213
48 215
48 218
48 220
48 225
48 232
48 246
48 250
48 251
48 253
48 254
49 4
49 6
49 7
49 13
49 21
49 30
49 35
49 37
49 38
49 40
49 44
49 48
49 50
49 52
49 64
49 65
49 68
49 82
49 89
49 99
49 102
49 109
49 110
49 111
49 134
49 146
49 149
49 152
49 153
49 163
49 167
49 172
49 174
49 176
49 177
49 181
49 188
49 198
49 201
49 202
49 212
49 213
49 215
49 218
49 220
49 225
49 232
49 246
49 250
49 251
49 253
49 254
50 4
50 6
50 7
50 13
50 21
50 30
50 35
50 37
50 38
50 40
50 44
50 48
50 49
50 52
50 64
50 65
50 68
50 82
50 89
50 99
50 102
50 109
50 110
50 111
50 134
50 146
50 149
50 152
50 153
50 163
50 167
50 172
50 174
50 176
50 177
50 181
50 188
50 198
50 201
50 202
50 212
50 213
50 215
50 218
50 220
50 225
50 232
50 246
50 250
50 251
50 253
50 254
51 5
51 11
51 22
51 29
51 45
51 54
51 56
51 61
51 63
51 73
51 74
51 75
51 79
51 80
51 81
51 83
51 88
51 93
51 95
51 98
51 100
51 104
51 106
51 118
51 123
51 126
51 127
51 129
51 132
51 137
51 143
51 147
51 154
51 157
51 169
51 170
51 178
51 187
51 190
51 195
51 203
51 204
51 210
51 216
51 227
51 229
51 230
51 234
51 235
51 237
51 238
51 239
51 242
51 244
51 248
51 249
52 4
52 6
52 7
52 13
52 21
52 30
52 35
52 37
52 38
52 40
52 44
52 48
52 49
52 50
52 64
52 65
52 68
52 82
52 89
52 99
52 102
52 109
52 110
52 111
52 134
52 146
52 149
52 152
52 153
52 163
52 167
52 172
52 174
52 176
52 177
52 181
52 188
52 198
52 201
52 202
52 212
52 213
52 215
52 218
52 220
52 225
52 232
52 246
52 250
52 251
52 253
52 254
53 14
53 131
53 255
54 5
54 11
54 22
54 29
54 45
54 51
54 56
54 61
54 63
54 73
54 74
54 75
54 79
54 80
54 81
54 83
54 88
54 93
54 95
54 98
54 100
54 104
54 106
54 118
54 123
54 126
54 127
54 129
54 132
54 137
54 143
54 147
54 154
54 157
54 169
54 170
54 178
54 187
54 190
54 195
54 203
54 204
54 210
54 216
54 227
54 229
54 230
54 234
54 235
54 237
54 238
54 239
54 242
54 244
54 248
54 249
55 3
55 8
55 10
55 17
55 19
55 24
55 25
55 26
55 34
55 36
55 42
55 43
55 46
55 57
55 58
55 60
55 67
55 76
55 77
55 78
55 84
55 86
55 87
55 101
55 103
55 105
55 108
55 113
55 116
55 122
55 133
55 135
55 140
55 142
55 148
55 151
55 161
55 162
55 175
55 182
55 184
55 189
55 193
55 205
55 214
55 221
55 222
55 224
55 231
55 241
55 245
56 5
56 11
56 22
56 29
56 45
56 51
56 54
56 61
56 63
56 73
56 74
56 75
56 79
56 80
56 81
56 83
56 88
56 93
56 95
56 98
56 100
56 104
56 106
56 118
56 123
56 126
56 127
56 129
56 132
56 137
56 143
56 147
56 154
56 157
56 169
56 170
56 178
56 187
56 190
56 195
56 203
56 204
56 210
56 216
56 227
56 229
56 230
56 234
56 235
56 237
56 238
56 239
56 242
56 244
56 248
56 249
57 3
57 8
57 10
57 17
57 19
57 24
57 25
57 26
57 34
57 36
57 42
57 43
57 46
57 55
57 58
57 60
57 67
57 76
57 77
57 78
57 84
57 86
57 87
57 101
57 103
57 105
57 108
57 113
57 116
57 122
57 133
57 135
57 140
57 142
57 148
57 151
57 161
57 162
57 175
57 182
57 184
57 189
57 193
57 205
57 214
57 221
57 222
57 224
57 231
57 241
57 245
58 3
58 8
58 10
58 17
58 19
58 24
58 25
58 26
58 34
58 36
58 42
58 43
58 46
58 55
58 57
58 60
58 67
58 76
58 77
58 78
58 84
58 86
58 87
58 101
58 103
58 105
58 108
58 113
58 116
58 122
58 133
58 135
58 140
58 142
58 148
58 151
58 161
58 162
58 175
58 182
58 184
58 189
58 193
58 205
58 214
58 221
58 222
58 224
58 231
58 241
58 245
59 12
59 20
59 32
59 69
59 71
59 90
59 97
59 107
59 120
59 121
59 124
59 128
59 130
59 138
59 139
59 156
59 164
59 165
59 171
59 180
59 185
59 191
59 196
59 211
59 217
59 219
59 228
59 243
60 3
60 8
60 10
60 17
60 19
60 24
60 25
60 26
60 34
60 36
60 42
60 43
60 46
60 55
60 57
60 58
60 67
60 76
60 77
60 78
60 84
60 86
60 87
60 101
60 103
60 105
60 108
60 113
60 116
60 122
60 133
60 135
60 140
60 142
60 148
60 151
60 161
60 162
60 175
60 182
60 184
60 189
60 193
60 205
60 214
60 221
60 222
60 224
60 231
60 241
60 245
61 5
61 11
61 22
61 29
61 45
61 51
61 54
61 56
61 63
61 73
61 74
61 75
61 79
61 80
61 81
61 83
61 88
61 93
61 95
61 98
61 100
61 104
61 106
61 118
61 123
61 126
61 127
61 129
61 132
61 137
61 143
61 147
61 154
61 157
61 169
61 170
61 178
61 187
61 190
61 195
61 203
61 204
61 210
61 216
61 227
61 229
61 230
61 234
61 235
61 237
61 238
61 239
61 242
61 244
61 248
61 249
62 9
62 41
62 94
62 112
63 5
63 11
63 22
63 29
63 45
63 51
63 54
63 56
63 61
63 73
63 74
63 75
63 79
63 80
63 81
63 83
63 88
63 93
63 95
63 98
63 100
63 104
63 106
63 118
63 123
63 126
63 127
63 129
63 132
63 137
63 143
63 147
63 154
63 157
63 169
63 170
63 178
63 187
63 190
63 195
63 203
63 204
63 210
63 216
63 227
63 229
63 230
63 234
63 235
63 237
63 238
63 239
63 242
63 244
63 248
63 249
64 4
64 6
64 7
64 13
64 21
64 30
64 35
64 37
64 38
64 40
64 44
64 48
64 49
64 50
64 52
64 65
64 68
64 82
64 89
64 99
64 102
64 109
64 110
64 111
64 134
64 146
64 149
64 152
64 153
64 163
64 167
64 172
64 174
64 176
64 177
64 181
64 188
64 198
64 201
64 202
64 212
64 213
64 215
64 218
64 220
64 225
64 232
64 246
64 250
64 251
64 253
64 254
65 4
65 6
65 7
65 13
65 21
65 30
65 35
65 37
65 38
65 40
65 44
65 48
65 49
65 50
65 52
65 64
65 68
65 82
65 89
65 99
65 102
65 109
65 110
65 111
65 134
65 146
65 149
65 152
65 153
65 163
65 167
65 172
65 174
65 176
65 177
65 181
65 188
65 198
65 201
65 202
65 212
65 213
65 215
65 218
65 220
65 225
65 232
65 246
65 250
65 251
65 253
65 254
66 1
66 16
66 23
66 28
66 31
66 33
66 39
66 47
66 72
66 85
66 91
66 92
66 96
66 117
66 119
66 125
66 136
66 150
66 155
66 158
66 159
66 160
66 173
66 186
66 192
66 197
66 199
66 200
66 207
66 208
66 209
66 223
66 226
66 236
66 240
66 252
67 3
67 8
67 10
67 17
67 19
67 24
67 25
67 26
67 34
67 36
67 42
67 43
67 46
67 55
67 57
67 58
67 60
67 76
67 77
67 78
67 84
67 86
67 87
67 101
67 103
67 105
67 108
67 113
67 116
67 122
67 133
67 135
67 140
67 142
67 148
67 151
67 161
67 162
67 175
67 182
67 184
67 189
67 193
67 205
67 214
67 221
67 222
67 224
67 231
67 241
67 245
68 4
68 6
68 7
68 13
68 21
68 30
68 35
68 37
68 38
68 40
68 44
68 48
68 49
68 50
68 52
68 64
68 65
68 82
68 89
68 99
68 102
68 109
68 110
68 111
68 134
68 146
68 149
68 152
68 153
68 163
68 167
68 172
68 174
68 176
68 177
68 181
68 188
68 198
68 201
68 202
68 212
68 213
68 215
68 218
68 220
68 225
68 232
68 246
68 250
68 251
68 253
68 254
69 12
69 20
69 32
69 59
69 71
69 90
69 97
69 107
69 120
69 121
69 124
69 128
69 130
69 138
69 139
69 156
69 164
69 165
69 171
69 180
69 185
69 191
69 196
69 211
69 217
69 219
69 228
69 243
70 114
71 12
71 20
71 32
71 59
71 69
71 90
71 97
71 107
71 120
71 121
71 124
71 128
71 130
71 138
71 139
71 156
71 164
71 165
71 171
71 180
71 185
71 191
71 196
71 211
71 217
71 219
71 228
71 243
72 1
72 16
72 23
72 28
72 31
72 33
72 39
72 47
72 66
72 85
72 91
72 92
72 96
72 117
72 119
72 125
72 136
72 150
72 155
72 158
72 159
72 160
72 173
72 186
72 192
72 197
72 199
72 200
72 207
72 208
72 209
72 223
72 226
72 236
72 240
72 252
73 5
73 11
73 22
73 29
73 45
73 51
73 54
73 56
73 61
73 63
73 74
73 75
73 79
73 80
73 81
73 83
73 88
73 93
73 95
73 98
73 100
73 104
73 106
73 118
73 123
73 126
73 127
73 129
73 132
73 137
73 143
73 147
73 154
73 157
73 169
73 170
73 178
73 187
73 190
73 195
73 203
73 204
73 210
73 216
73 227
73 229
73 230
73 234
73 235
73 237
73 238
73 239
73 242
73 244
73 248
73 249
74 5
74 11
74 22
74 29
74 45
74 51
74 54
74 56
74 61
74 63
74 73
74 75
74 79
74 80
74 81
74 83
74 88
74 93
74 95
74 98
74 100
74 104
74 106
74 118
74 123
74 126
74 127
74 129
74 132
74 137
74 143
74 147
74 154
74 157
74 169
74 170
74 178
74 187
74 190
74 195
74 203
74 204
74 210
74 216
74 227
74 229
74 230
74 234
74 235
74 237
74 238
74 239
74 242
74 244
74 248
74 249
75 5
75 11
75 22
75 29
75 45
75 51
75 54
75 56
75 61
75 63
75 73
75 74
75 79
75 80
75 81
75 83
75 88
75 93
75 95
75 98
75 100
75 104
75 106
75 118
75 123
75 126
75 127
75 129
75 132
75 137
75 143
75 147
75 154
75 157
75 169
75 170
75 178
75 187
75 190
75 195
75 203
75 204
75 210
75 216
75 227
75 229
75 230
75 234
75 235
75 237
75 238
75 239
75 242
75 244
75 248
75 249
76 3
76 8
76 10
76 17
76 19
76 24
76 25
76 26
76 34
76 36
76 42
76 43
76 46
76 55
76 57
76 58
76 60
76 67
76 77
76 78
76 84
76 86
76 87
76 101
76 103
76 105
76 108
76 113
76 116
76 122
76 133
76 135
76 140
76 142
76 148
76 151
76 161
76 162
76 175
76 182
76 184
76 189
76 193
76 205
76 214
76 221
76 222
76 224
76 231
76 241
76 245
77 3
77 8
77 10
77 17
77 19
77 24
77 25
77 26
77 34
77 36
77 42
77 43
77 46
77 55
77 57
77 58
77 60
77 67
77 76
77 78
77 84
77 86
77 87
77 101
77 103
77 105
77 108
77 113
77 116
77 122
77 133
77 135
77 140
77 142
77 148
77 151
77 161
77 162
77 175
77 182
77 184
77 189
77 193
77 205
77 214
77 221
77 222
77 224
77 231
77 241
77 245
78 3
78 8
78 10
78 17
78 19
78 24
78 25
78 26
78 34
78 36
78 42
78 43
78 46
78 55
78 57
78 58
78 60
78 67
78 76
78 77
78 84
78 86
78 87
78 101
78 103
78 105
78 108
78 113
78 116
78 122
78 133
78 135
78 140
78 142
78 148
78 151
78 161
78 162
78 175
78 182
78 184
78 189
78 193
78 205
78 214
78 221
78 222
78 224
78 231
78 241
78 245
79 5
79 11
79 22
79 29
79 45
79 51
79 54
79 56
79 61
79 63
79 73
79 74
79 75
79 80
79 81
79 83
79 88
79 93
79 95
79 98
79 100
79 104
79 106
79 118
79 123
79 126
79 127
79 129
79 132
79 137
79 143
79 147
79 154
79 157
79 169
79 170
79 178
79 187
79 190
79 195
79 203
79 204
79 210
79 216
79 227
79 229
79 230
79 234
79 235
79 237
79 238
79 239
79 242
79 244
79 248
79 249
80 5
80 11
80 22
80 29
80 45
80 51
80 54
80 56
80 61
80 63
80 73
80 74
80 75
80 79
80 81
80 83
80 88
80 93
80 95
80 98
80 100
80 104
80 106
80 118
80 123
80 126
80 127
80 129
80 132
80 137
80 143
80 147
80 154
80 157
80 169
80 170
80 178
80 187
80 190
80 195
80 203
80 204
80 210
80 216
80 227
80 229
80 230
80 234
80 235
80 237
80 238
80 239
80 242
80 244
80 248
80 249
81 5
81 11
81 22
81 29
81 45
81 51
81 54
81 56
81 61
81 63
81 73
81 74
81 75
81 79
81 80
81 83
81 88
81 93
81 95
81 98
81 100
81 104
81 106
81 118
81 123
81 126
81 127
81 129
81 132
81 137
81 143
81 147
81 154
81 157
81 169
81 170
81 178
81 187
81 190
81 195
81 203
81 204
81 210
81 216
81 227
81 229
81 230
81 234
81 235
81 237
81 238
81 239
81 242
81 244
81 248
81 249
82 4
82 6
82 7
82 13
82 21
82 30
82 35
82 37
82 38
82 40
82 44
82 48
82 49
82 50
82 52
82 64
82 65
82 68
82 89
82 99
82 102
82 109
82 110
82 111
82 134
82 146
82 149
82 152
82 153
82 163
82 167
82 172
82 174
82 176
82 177
82 181
82 188
82 198
82 201
82 202
82 212
82 213
82 215
82 218
82 220
82 225
82 232
82 246
82 250
82 251
82 253
82 254
83 5
83 11
83 22
83 29
83 45
83 51
83 54
83 56
83 61
83 63
83 73
83 74
83 75
83 79
83 80
83 81
83 88
83 93
83 95
83 98
83 100
83 104
83 106
83 118
83 123
83 126
83 127
83 129
83 132
83 137
83 143
83 147
83 154
83 157
83 169
83 170
83 178
83 187
83 190
83 195
83 203
83 204
83 210
83 216
83 227
83 229
83 230
83 234
83 235
83 237
83 238
83 239
83 242
83 244
83 248
83 249
84 3
84 8
84 10
84 17
84 19
84 24
84 25
84 26
84 34
84 36
84 42
84 43
84 46
84 55
84 57
84 58
84 60
84 67
84 76
84 77
84 78
84 86
84 87
84 101
84 103
84 105
84 108
84 113
84 116
84 122
84 133
84 135
84 140
84 142
84 148
84 151
84 161
84 162
84 175
84 182
84 184
84 189
84 193
84 205
84 214
84 221
84 222
84 224
84 231
84 241
84 245
85 1
85 16
85 23
85 28
85 31
85 33
85 39
85 47
85 66
85 72
85 91
85 92
85 96
85 117
85 119
85 125
85 136
85 150
85 155
85 158
85 159
85 160
85 173
85 186
85 192
85 197
85 199
85 200
85 207
85 208
85 209
85 223
85 226
85 236
85 240
85 252
86 3
86 8
86 10
86 17
86 19
86 24
86 25
86 26
86 34
86 36
86 42
86 43
86 46
86 55
86 57
86 58
86 60
86 67
86 76
86 77
86 78
86 84
86 87
86 101
86 103
86 105
86 108
86 113
86 116
86 122
86 133
86 135
86 140
86 142
86 148
86 151
86 161
86 162
86 175
86 182
86 184
86 189
86 193
86 205
86 214
86 221
86 222
86 224
86 231
86 241
86 245
87 3
87 8
87 10
87 17
87 19
87 24
87 25
87 26
87 34
87 36
87 42
87 43
87 46
87 55
87 57
87 58
87 60
87 67
87 76
87 77
87 78
87 84
87 86
87 101
87 103
87 105
87 108
87 113
87 116
87 122
87 133
87 135
87 140
87 142
87 148
87 151
87 161
87 162
87 175
87 182
87 184
87 189
87 193
87 205
87 214
87 221
87 222
87 224
87 231
87 241
87 245
88 5
88 11
88 22
88 29
88 45
88 51
88 54
88 56
88 61
88 63
88 73
88 74
88 75
88 79
88 80
88 81
88 83
88 93
88 95
88 98
88 100
88 104
88 106
88 118
88 123
88 126
88 127
88 129
88 132
88 137
88 143
88 147
88 154
88 157
88 169
88 170
88 178
88 187
88 190
88 195
88 203
88 204
88 210
88 216
88 227
88 229
88 230
88 234
88 235
88 237
88 238
88 239
88 242
88 244
88 248
88 249
89 4
89 6
89 7
89 13
89 21
89 30
89 35
89 37
89 38
89 40
89 44
89 48
89 49
89 50
89 52
89 64
89 65
89 68
89 82
89 99
89 102
89 109
89 110
89 111
89 134
89 146
89 149
89 152
89 153
89 163
89 167
89 172
89 174
89 176
89 177
89 181
89 188
89 198
89 201
89 202
89 212
89 213
89 215
89 218
89 220
89 225
89 232
89 246
89 250
89 251
89 253
89 254
90 12
90 20
90 32
90 59
90 69
90 71
90 97
90 107
90 120
90 121
90 124
90 128
90 130
90 138
90 139
90 156
90 164
90 165
90 171
90 180
90 185
90 191
90 196
90 211
90 217
90 219
90 228
90 243
91 1
91 16
91 23
91 28
91 31
91 33
91 39
91 47
91 66
91 72
91 85
91 92
91 96
91 117
91 119
91 125
91 136
91 150
91 155
91 158
91 159
91 160
91 173
91 186
91 192
91 197
91 199
91 200
91 207
91 208
91 209
91 223
91 226
91 236
91 240
91 252
92 1
92 16
92 23
92 28
92 31
92 33
92 39
92 47
92 66
92 72
92 85
92 91
92 96
92 117
92 119
92 125
92 136
92 150
92 155
92 158
92 159
92 160
92 173
92 186
92 192
92 197
92 199
92 200
92 207
92 208
92 209
92 223
92 226
92 236
92 240
92 252
93 5
93 11
93 22
93 29
93 45
93 51
93 54
93 56
93 61
93 63
93 73
93 74
93 75
93 79
93 80
93 81
93 83
93 88
93 95
93 98
93 100
93 104
93 106
93 118
93 123
93 126
93 127
93 129
93 132
93 137
93 143
93 147
93 154
93 157
93 169
93 170
93 178
93 187
93 190
93 195
93 203
93 204
93 210
93 216
93 227
93 229
93 230
93 234
93 235
93 237
93 238
93 239
93 242
93 244
93 248
93 249
94 9
94 41
94 62
94 112
95 5
95 11
95 22
95 29
95 45
95 51
95 54
95 56
95 61
95 63
95 73
95 74
95 75
95 79
95 80
95 81
95 83
95 88
95 93
95 98
95 100
95 104
95 106
95 118
95 123
95 126
95 127
95 129
95 132
95 137
95 143
95 147
95 154
95 157
95 169
95 170
95 178
95 187
95 190
95 195
95 203
95 204
95 210
95 216
95 227
95 229
95 230
95 234
95 235
95 237
95 238
95 239
95 242
95 244
95 248
95 249
96 1
96 16
96 23
96 28
96 31
96 33
96 39
96 47
96 66
96 72
96 85
96 91
96 92
96 117
96 119
96 125
96 136
96 150
96 155
96 158
96 159
96 160
96 173
96 186
96 192
96 197
96 199
96 200
96 207
96 208
96 209
96 223
96 226
96 236
96 240
96 252
97 12
97 20
97 32
97 59
97 69
97 71
97 90
97 107
97 120
97 121
97 124
97 128
97 130
97 138
97 139
97 156
97 164
97 165
97 171
97 180
97 185
97 191
97 196
97 211
97 217
97 219
97 228
97 243
98 5
98 11
98 22
98 29
98 45
98 51
98 54
98 56
98 61
98 63
98 73
98 74
98 75
98 79
98 80
98 81
98 83
98 88
98 93
98 95
98 100
98 104
98 106
98 118
98 123
98 126
98 127
98 129
98 132
98 137
98 143
98 147
98 154
98 157
98 169
98 170
98 178
98 187
98 190
98 195
98 203
98 204
98 210
98 216
98 227
98 229
98 230
98 234
98 235
98 237
98 238
98 239
98 242
98 244
98 248
98 249
99 4
99 6
99 7
99 13
99 21
99 30
99 35
99 37
99 38
99 40
99 44
99 48
99 49
99 50
99 52
99 64
99 65
99 68
99 82
99 89
99 102
99 109
99 110
99 111
99 134
99 146
99 149
99 152
99 153
99 163
99 167
99 172
99 174
99 176
99 177
99 181
99 188
99 198
99 201
99 202
99 212
99 213
99 215
99 218
99 220
99 225
99 232
99 246
99 250
99 251
99 253
99 254
100 5
100 11
100 22
100 29
100 45
100 51
100 54
100 56
100 61
100 63
100 73
100 74
100 75
100 79
100 80
100 81
100 83
100 88
100 93
100 95
100 98
100 104
100 106
100 118
100 123
100 126
100 127
100 129
100 132
100 137
100 143
100 147
100 154
100 157
100 169
100 170
100 178
100 187
100 190
100 195
100 203
100 204
100 210
100 216
100 227
100 229
100 230
100 234
100 235
100 237
100 238
100 239
100 242
100 244
100 248
100 249
101 3
101 8
101 10
101 17
101 19
101 24
101 25
101 26
101 34
101 36
101 42
101 43
101 46
101 55
101 57
101 58
101 60
101 67
101 76
101 77
101 78
101 84
101 86
101 87
101 103
101 105
101 108
101 113
101 116
101 122
101 133
101 135
101 140
101 142
101 148
101 151
101 161
101 162
101 175
101 182
101 184
101 189
101 193
101 205
101 214
101 221
101 222
101 224
101 231
101 241
101 245
102 4
102 6
102 7
102 13
102 21
102 30
102 35
102 37
102 38
102 40
102 44
102 48
102 49
102 50
102 52
102 64
102 65
102 68
102 82
102 89
102 99
102 109
102 110
102 111
102 134
102 146
102 149
102 152
102 153
102 163
102 167
102 172
102 174
102 176
102 177
102 181
102 188
102 198
102 201
102 202
102 212
102 213
102 215
102 218
102 220
102 225
102 232
102 246
102 250
102 251
102 253
102 254
103 3
103 8
103 10
103 17
103 19
103 24
103 25
103 26
103 34
103 36
103 42
103 43
103 46
103 55
103 57
103 58
103 60
103 67
103 76
103 77
103 78
103 84
103 86
103 87
103 101
103 105
103 108
103 113
103 116
103 122
103 133
103 135
103 140
103 142
103 148
103 151
103 161
103 162
103 175
103 182
103 184
103 189
103 193
103 205
103 214
103 221
103 222
103 224
103 231
103 241
103 245
104 5
104 11
104 22
104 29
104 45
104 51
104 54
104 56
104 61
104 63
104 73
104 74
104 75
104 79
104 80
104 81
104 83
104 88
104 93
104 95
104 98
104 100
104 106
104 118
104 123
104 126
104 127
104 129
104 132
104 137
104 143
104 147
104 154
104 157
104 169
104 170
104 178
104 187
104 190
104 195
104 203
104 204
104 210
104 216
104 227
104 229
104 230
104 234
104 235
104 237
104 238
104 239
104 242
104 244
104 248
104 249
105 3
105 8
105 10
105 17
105 19
105 24
105 25
105 26
105 34
105 36
105 42
105 43
105 46
105 55
105 57
105 58
105 60
105 67
105 76
105 77
105 78
105 84
105 86
105 87
105 101
105 103
105 108
105 113
105 116
105 122
105 133
105 135
105 140
105 142
105 148
105 151
105 161
105 162
105 175
105 182
105 184
105 189
105 193
105 205
105 214
105 221
105 222
105 224
105 231
105 241
105 245
106 5
106 11
106 22
106 29
106 45
106 51
106 54
106 56
106 61
106 63
106 73
106 74
106 75
106 79
106 80
106 81
106 83
106 88
106 93
106 95
106 98
106 100
106 104
106 118
106 123
106 126
106 127
106 129
106 132
106 137
106 143
106 147
106 154
106 157
106 169
106 170
106 178
106 187
106 190
106 195
106 203
106 204
106 210
106 216
106 227
106 229
106 230
106 234
106 235
106 237
106 238
106 239
106 242
106 244
106 248
106 249
107 12
107 20
107 32
107 59
107 69
107 71
107 90
107 97
107 120
107 121
107 124
107 128
107 130
107 138
107 139
107 156
107 164
107 165
107 171
107 180
107 185
107 191
107 196
107 211
107 217
107 219
107 228
107 243
108 3
108 8
108 10
108 17
108 19
108 24
108 25
108 26
108 34
108 36
108 42
108 43
108 46
108 55
108 57
108 58
108 60
108 67
108 76
108 77
108 78
108 84
108 86
108 87
108 101
108 103
108 105
108 113
108 116
108 122
108 133
108 135
108 140
108 142
108 148
108 151
108 161
108 162
108 175
108 182
108 184
108 189
108 193
108 205
108 214
108 221
108 222
108 224
108 231
108 241
108 245
109 4
109 6
109 7
109 13
109 21
109 30
109 35
109 37
109 38
109 40
109 44
109 48
109 49
109 50
109 52
109 64
109 65
109 68
109 82
109 89
109 99
109 102
109 110
109 111
109 134
109 146
109 149
109 152
109 153
109 163
109 167
109 172
109 174
109 176
109 177
109 181
109 188
109 198
109 201
109 202
109 212
109 213
109 215
109 218
109 220
109 225
109 232
109 246
109 250
109 251
109 253
109 254
110 4
110 6
110 7
110 13
110 21
110 30
110 35
110 37
110 38
110 40
110 44
110 48
110 49
110 50
110 52
110 64
110 65
110 68
110 82
110 89
110 99
110 102
110 109
110 111
110 134
110 146
110 149
110 152
110 153
110 163
110 167
110 172
110 174
110 176
110 177
110 181
110 188
110 198
110 201
110 202
110 212
110 213
110 215
110 218
110 220
110 225
110 232
110 246
110 250
110 251
110 253
110 254
111 4
111 6
111 7
111 13
111 21
111 30
111 35
111 37
111 38
111 40
111 44
111 48
111 49
111 50
111 52
111 64
111 65
111 68
111 82
111 89
111 99
111 102
111 109
111 110
111 134
111 146
111 149
111 152
111 153
111 163
111 167
111 172
111 174
111 176
111 177
111 181
111 188
111 198
111 201
111 202
111 212
111 213
111 215
111 218
111 220
111 225
111 232
111 246
111 250
111 251
111 253
111 254
112 9
112 41
112 62
112 94
113 3
113 8
113 10
113 17
113 19
113 24
113 25
113 26
113 34
113 36
113 42
113 43
113 46
113 55
113 57
113 58
113 60
113 67
113 76
113 77
113 78
113 84
113 86
113 87
113 101
113 103
113 105
113 108
113 116
113 122
113 133
113 135
113 140
113 142
113 148
113 151
113 161
113 162
113 175
113 182
113 184
113 189
113 193
113 205
113 214
113 221
113 222
113 224
113 231
113 241
113 245
114 70
115 144
115 168
115 179
115 194
115 233
116 3
116 8
116 10
116 17
116 19
116 24
116 25
116 26
116 34
116 36
116 42
116 43
116 46
116 55
116 57
116 58
116 60
116 67
116 76
116 77
116 78
116 84
116 86
116 87
116 101
116 103
116 105
116 108
116 113
116 122
116 133
116 135
116 140
116 142
116 148
116 151
116 161
116 162
116 175
116 182
116 184
116 189
116 193
116 205
116 214
116 221
116 222
116 224
116 231
116 241
116 245
117 1
117 16
117 23
117 28
117 31
117 33
117 39
117 47
117 66
117 72
117 85
117 91
117 92
117 96
117 119
117 125
117 136
117 150
117 155
117 158
117 159
117 160
117 173
117 186
117 192
117 197
117 199
117 200
117 207
117 208
117 209
117 223
117 226
117 236
117 240
117 252
118 5
118 11
118 22
118 29
118 45
118 51
118 54
118 56
118 61
118 63
118 73
118 74
118 75
118 79
118 80
118 81
118 83
118 88
118 93
118 95
118 98
118 100
118 104
118 106
118 123
118 126
118 127
118 129
118 132
118 137
118 143
118 147
118 154
118 157
118 169
118 170
118 178
118 187
118 190
118 195
118 203
118 204
118 210
118 216
118 227
118 229
118 230
118 234
118 235
118 237
118 238
118 239
118 242
118 244
118 248
118 249
119 1
119 16
119 23
119 28
119 31
119 33
119 39
119 47
119 66
119 72
119 85
119 91
119 92
119 96
119 117
119 125
119 136
119 150
119 155
119 158
119 159
119 160
119 173
119 186
119 192
119 197
119 199
119 200
119 207
119 208
119 209
119 223
119 226
119 236
119 240
119 252
120 12
120 20
120 32
120 59
120 69
120 71
120 90
120 97
120 107
120 121
120 124
120 128
120 130
120 138
120 139
120 156
120 164
120 165
120 171
120 180
120 185
120 191
120 196
120 211
120 217
120 219
120 228
120 243
121 12
121 20
121 32
121 59
121 69
121 71
121 90
121 97
121 107
121 120
121 124
121 128
121 130
121 138
121 139
121 156
121 164
121 165
121 171
121 180
121 185
121 191
121 196
121 211
121 217
121 219
121 228
121 243
122 3
122 8
122 10
122 17
122 19
122 24
122 25
122 26
122 34
122 36
122 42
122 43
122 46
122 55
122 57
122 58
122 60
122 67
122 76
122 77
122 78
122 84
122 86
122 87
122 101
122 103
122 105
122 108
122 113
122 116
122 133
122 135
122 140
122 142
122 148
122 151
122 161
122 162
122 175
122 182
122 184
122 189
122 193
122 205
122 214
122 221
122 222
122 224
122 231
122 241
122 245
123 5
123 11
123 22
123 29
123 45
123 51
123 54
123 56
123 61
123 63
123 73
123 74
123 75
123 79
123 80
123 81
123 83
123 88
123 93
123 95
123 98
123 100
123 104
123 106
123 118
123 126
123 127
123 129
123 132
123 137
123 143
123 147
123 154
123 157
123 169
123 170
123 178
123 187
123 190
123 195
123 203
123 204
123 210
123 216
123 227
123 229
123 230
123 234
123 235
123 237
123 238
123 239
123 242
123 244
123 248
123 249
124 12
124 20
124 32
124 59
124 69
124 71
124 90
124 97
124 107
124 120
124 121
124 128
124 130
124 138
124 139
124 156
124 164
124 165
124 171
124 180
124 185
124 191
124 196
124 211
124 217
124 219
124 228
124 243
125 1
125 16
125 23
125 28
125 31
125 33
125 39
125 47
125 66
125 72
125 85
125 91
125 92
125 96
125 117
125 119
125 136
125 150
125 155
125 158
125 159
125 160
125 173
125 186
125 192
125 197
125 199
125 200
125 207
125 208
125 209
125 223
125 226
125 236
125 240
125 252
126 5
126 11
126 22
126 29
126 45
126 51
126 54
126 56
126 61
126 63
126 73
126 74
126 75
126 79
126 80
126 81
126 83
126 88
126 93
126 95
126 98
126 100
126 104
126 106
126 118
126 123
126 127
126 129
126 132
126 137
126 143
126 147
126 154
126 157
126 169
126 170
126 178
126 187
126 190
126 195
126 203
126 204
126 210
126 216
126 227
126 229
126 230
126 234
126 235
126 237
126 238
126 239
126 242
126 244
126 248
126 249
127 5
127 11
127 22
127 29
127 45
127 51
127 54
127 56
127 61
127 63
127 73
127 74
127 75
127 79
127 80
127 81
127 83
127 88
127 93
127 95
127 98
127 100
127 104
127 106
127 118
127 123
127 126
127 129
127 132
127 137
127 143
127 147
127 154
127 157
127 169
127 170
127 178
127 187
127 190
127 195
127 203
127 204
127 210
127 216
127 227
127 229
127 230
127 234
127 235
127 237
127 238
127 239
127 242
127 244
127 248
127 249
128 12
128 20
128 32
128 59
128 69
128 71
128 90
128 97
128 107
128 120
128 121
128 124
128 130
128 138
128 139
128 156
128 164
128 165
128 171
128 180
128 185
128 191
128 196
128 211
128 217
128 219
128 228
128 243
129 5
129 11
129 22
129 29
129 45
129 51
129 54
129 56
129 61
129 63
129 73
129 74
129 75
129 79
129 80
129 81
129 83
129 88
129 93
129 95
129 98
129 100
129 104
129 106
129 118
129 123
129 126
129 127
129 132
129 137
129 143
129 147
129 154
129 157
129 169
129 170
129 178
129 187
129 190
129 195
129 203
129 204
129 210
129 216
129 227
129 229
129 230
129 234
129 235
129 237
129 238
129 239
129 242
129 244
129 248
129 249
130 12
130 20
130 32
130 59
130 69
130 71
130 90
130 97
130 107
130 120
130 121
130 124
130 128
130 138
130 139
130 156
130 164
130 165
130 171
130 180
130 185
130 191
130 196
130 211
130 217
130 219
130 228
130 243
131 14
131 53
131 255
132 5
132 11
132 22
132 29
132 45
132 51
132 54
132 56
132 61
132 63
132 73
132 74
132 75
132 79
132 80
132 81
132 83
132 88
132 93
132 95
132 98
132 100
132 104
132 106
132 118
132 123
132 126
132 127
132 129
132 137
132 143
132 147
132 154
132 157
132 169
132 170
132 178
132 187
132 190
132 195
132 203
132 204
132 210
132 216
132 227
132 229
132 230
132 234
132 235
132 237
132 238
132 239
132 242
132 244
132 248
132 249
133 3
133 8
133 10
133 17
133 19
133 24
133 25
133 26
133 34
133 36
133 42
133 43
133 46
133 55
133 57
133 58
133 60
133 67
133 76
133 77
133 78
133 84
133 86
133 87
133 101
133 103
133 105
133 108
133 113
133 116
133 122
133 135
133 140
133 142
133 148
133 151
133 161
133 162
133 175
133 182
133 184
133 189
133 193
133 205
133 214
133 221
133 222
133 224
133 231
133 241
133 245
134 4
134 6
134 7
134 13
134 21
134 30
134 35
134 37
134 38
134 40
134 44
134 48
134 49
134 50
134 52
134 64
134 65
134 68
134 82
134 89
134 99
134 102
134 109
134 110
134 111
134 146
134 149
134 152
134 153
134 163
134 167
134 172
134 174
134 176
134 177
134 181
134 188
134 198
134 201
134 202
134 212
134 213
134 215
134 218
134 220
134 225
134 232
134 246
134 250
134 251
134 253
134 254
135 3
135 8
135 10
135 17
135 19
135 24
135 25
135 26
135 34
135 36
135 42
135 43
135 46
135 55
135 57
135 58
135 60
135 67
135 76
135 77
135 78
135 84
135 86
135 87
135 101
135 103
135 105
135 108
135 113
135 116
135 122
135 133
135 140
135 142
135 148
135 151
135 161
135 162
135 175
135 182
135 184
135 189
135 193
135 205
135 214
135 221
135 222
135 224
135 231
135 241
135 245
136 1
136 16
136 23
136 28
136 31
136 33
136 39
136 47
136 66
136 72
136 85
136 91
136 92
136 96
136 117
136 119
136 125
136 150
136 155
136 158
136 159
136 160
136 173
136 186
136 192
136 197
136 199
136 200
136 207
136 208
136 209
136 223
136 226
136 236
136 240
136 252
137 5
137 11
137 22
137 29
137 45
137 51
137 54
137 56
137 61
137 63
137 73
137 74
137 75
137 79
137 80
137 81
137 83
137 88
137 93
137 95
137 98
137 100
137 104
137 106
137 118
137 123
137 126
137 127
137 129
137 132
137 143
137 147
137 154
137 157
137 169
137 170
137 178
137 187
137 190
137 195
137 203
137 204
137 210
137 216
137 227
137 229
137 230
137 234
137 235
137 237
137 238
137 239
137 242
137 244
137 248
137 249
138 12
138 20
138 32
138 59
138 69
138 71
138 90
138 97
138 107
138 120
138 121
138 124
138 128
138 130
138 139
138 156
138 164
138 165
138 171
138 180
138 185
138 191
138 196
138 211
138 217
138 219
138 228
138 243
139 12
139 20
139 32
139 59
139 69
139 71
139 90
139 97
139 107
139 120
139 121
139 124
139 128
139 130
139 138
139 156
139 164
139 165
139 171
139 180
139 185
139 191
139 196
139 211
139 217
139 219
139 228
139 243
140 3
140 8
140 10
140 17
140 19
140 24
140 25
140 26
140 34
140 36
140 42
140 43
140 46
140 55
140 57
140 58
140 60
140 67
140 76
140 77
140 78
140 84
140 86
140 87
140 101
140 103
140 105
140 108
140 113
140 116
140 122
140 133
140 135
140 142
140 148
140 151
140 161
140 162
140 175
140 182
140 184
140 189
140 193
140 205
140 214
140 221
140 222
140 224
140 231
140 241
140 245
141 145
141 166
142 3
142 8
142 10
142 17
142 19
142 24
142 25
142 26
142 34
142 36
142 42
142 43
142 46
142 55
142 57
142 58
142 60
142 67
142 76
142 77
142 78
142 84
142 86
142 87
142 101
142 103
142 105
142 108
142 113
142 116
142 122
142 133
142 135
142 140
142 148
142 151
142 161
142 162
142 175
142 182
142 184
142 189
142 193
142 205
142 214
142 221
142 222
142 224
142 231
142 241
142 245
143 5
143 11
143 22
143 29
143 45
143 51
143 54
143 56
143 61
143 63
143 73
143 74
143 75
143 79
143 80
143 81
143 83
143 88
143 93
143 95
143 98
143 100
143 104
143 106
143 118
143 123
143 126
143 127
143 129
143 132
143 137
143 147
143 154
143 157
143 169
143 170
143 178
143 187
143 190
143 195
143 203
143 204
143 210
143 216
143 227
143 229
143 230
143 234
143 235
143 237
143 238
143 239
143 242
143 244
143 248
143 249
144 115
144 168
144 179
144 194
144 233
145 141
145 166
146 4
146 6
146 7
146 13
146 21
146 30
146 35
146 37
146 38
146 40
146 44
146 48
146 49
146 50
146 52
146 64
146 65
146 68
146 82
146 89
146 99
146 102
146 109
146 110
146 111
146 134
146 149
146 152
146 153
146 163
146 167
146 172
146 174
146 176
146 177
146 181
146 188
146 198
146 201
146 202
146 212
146 213
146 215
146 218
146 220
146 225
146 232
146 246
146 250
146 251
146 253
146 254
147 5
147 11
147 22
147 29
147 45
147 51
147 54
147 56
147 61
147 63
147 73
147 74
147 75
147 79
147 80
147 81
147 83
147 88
147 93
147 95
147 98
147 100
147 104
147 106
147 118
147 123
147 126
147 127
147 129
147 132
147 137
147 143
147 154
147 157
147 169
147 170
147 178
147 187
147 190
147 195
147 203
147 204
147 210
147 216
147 227
147 229
147 230
147 234
147 235
147 237
147 238
147 239
147 242
147 244
147 248
147 249
148 3
148 8
148 10
148 17
148 19
148 24
148 25
148 26
148 34
148 36
148 42
148 43
148 46
148 55
148 57
148 58
148 60
148 67
148 76
148 77
148 78
148 84
148 86
148 87
148 101
148 103
148 105
148 108
148 113
148 116
148 122
148 133
148 135
148 140
148 142
148 151
148 161
148 162
148 175
148 182
148 184
148 189
148 193
148 205
148 214
148 221
148 222
148 224
148 231
148 241
148 245
149 4
149 6
149 7
149 13
149 21
149 30
149 35
149 37
149 38
149 40
149 44
149 48
149 49
149 50
149 52
149 64
149 65
149 68
149 82
149 89
149 99
149 102
149 109
149 110
149 111
149 134
149 146
149 152
149 153
149 163
149 167
149 172
149 174
149 176
149 177
149 181
149 188
149 198
149 201
149 202
149 212
149 213
149 215
149 218
149 220
149 225
149 232
149 246
149 250
149 251
149 253
149 254
150 1
150 16
150 23
150 28
150 31
150 33
150 39
150 47
150 66
150 72
150 85
150 91
150 92
150 96
150 117
150 119
150 125
150 136
150 155
150 158
150 159
150 160
150 173
150 186
150 192
150 197
150 199
150 200
150 207
150 208
150 209
150 223
150 226
150 236
150 240
150 252
151 3
151 8
151 10
151 17
151 19
151 24
151 25
151 26
151 34
151 36
151 42
151 43
151 46
151 55
151 57
151 58
151 60
151 67
151 76
151 77
151 78
151 84
151 86
151 87
151 101
151 103
151 105
151 108
151 113
151 116
151 122
151 133
151 135
151 140
151 142
151 148
151 161
151 162
151 175
151 182
151 184
151 189
151 193
151 205
151 214
151 221
151 222
151 224
151 231
151 241
151 245
152 4
152 6
152 7
152 13
152 21
152 30
152 35
152 37
152 38
152 40
152 44
152 48
152 49
152 50
152 52
152 64
152 65
152 68
152 82
152 89
152 99
152 102
152 109
152 110
152 111
152 134
152 146
152 149
152 153
152 163
152 167
152 172
152 174
152 176
152 177
152 181
152 188
152 198
152 201
152 202
152 212
152 213
152 215
152 218
152 220
152 225
152 232
152 246
152 250
152 251
152 253
152 254
153 4
153 6
153 7
153 13
153 21
153 30
153 35
153 37
153 38
153 40
153 44
153 48
153 49
153 50
153 52
153 64
153 65
153 68
153 82
153 89
153 99
153 102
153 109
153 110
153 111
153 134
153 146
153 149
153 152
153 163
153 167
153 172
153 174
153 176
153 177
153 181
153 188
153 198
153 201
153 202
153 212
153 213
153 215
153 218
153 220
153 225
153 232
153 246
153 250
153 251
153 253
153 254
154 5
154 11
154 22
154 29
154 45
154 51
154 54
154 56
154 61
154 63
154 73
154 74
154 75
154 79
154 80
154 81
154 83
154 88
154 93
154 95
154 98
154 100
154 104
154 106
154 118
154 123
154 126
154 127
154 129
154 132
154 137
154 143
154 147
154 157
154 169
154 170
154 178
154 187
154 190
154 195
154 203
154 204
154 210
154 216
154 227
154 229
154 230
154 234
154 235
154 237
154 238
154 239
154 242
154 244
154 248
154 249
155 1
155 16
155 23
155 28
155 31
155 33
155 39
155 47
155 66
155 72
155 85
155 91
155 92
155 96
155 117
155 119
155 125
155 136
155 150
155 158
155 159
155 160
155 173
155 186
155 192
155 197
155 199
155 200
155 207
155 208
155 209
155 223
155 226
155 236
155 240
155 252
156 12
156 20
156 32
156 59
156 69
156 71
156 90
156 97
156 107
156 120
156 121
156 124
156 128
156 130
156 138
156 139
156 164
156 165
156 171
156 180
156 185
156 191
156 196
156 211
156 217
156 219
156 228
156 243
157 5
157 11
157 22
157 29
157 45
157 51
157 54
157 56
157 61
157 63
157 73
157 74
157 75
157 79
157 80
157 81
157 83
157 88
157 93
157 95
157 98
157 100
157 104
157 106
157 118
157 123
157 126
157 127
157 129
157 132
157 137
157 143
157 147
157 154
157 169
157 170
157 178
157 187
157 190
157 195
157 203
157 204
157 210
157 216
157 227
157 229
157 230
157 234
157 235
157 237
157 238
157 239
157 242
157 244
157 248
157 249
158 1
158 16
158 23
158 28
158 31
158 33
158 39
158 47
158 66
158 72
158 85
158 91
158 92
158 96
158 117
158 119
158 125
158 136
158 150
158 155
158 159
158 160
158 173
158 186
158 192
158 197
158 199
158 200
158 207
158 208
158 209
158 223
158 226
158 236
158 240
158 252
159 1
159 16
159 23
159 28
159 31
159 33
159 39
159 47
159 66
159 72
159 85
159 91
159 92
159 96
159 117
159 119
159 125
159 136
159 150
159 155
159 158
159 160
159 173
159 186
159 192
159 197
159 199
159 200
159 207
159 208
159 209
159 223
159 226
159 236
159 240
159 252
160 1
160 16
160 23
160 28
160 31
160 33
160 39
160 47
160 66
160 72
160 85
160 91
160 92
160 96
160 117
160 119
160 125
160 136
160 150
160 155
160 158
160 159
160 173
160 186
160 192
160 197
160 199
160 200
160 207
160 208
160 209
160 223
160 226
160 236
160 240
160 252
161 3
161 8
161 10
161 17
161 19
161 24
161 25
161 26
161 34
161 36
161 42
161 43
161 46
161 55
161 57
161 58
161 60
161 67
161 76
161 77
161 78
161 84
161 86
161 87
161 101
161 103
161 105
161 108
161 113
161 116
161 122
161 133
161 135
161 140
161 142
161 148
161 151
161 162
161 175
161 182
161 184
161 189
161 193
161 205
161 214
161 221
161 222
161 224
161 231
161 241
161 245
162 3
162 8
162 10
162 17
162 19
162 24
162 25
162 26
162 34
162 36
162 42
162 43
162 46
162 55
162 57
162 58
162 60
162 67
162 76
162 77
162 78
162 84
162 86
162 87
162 101
162 103
162 105
162 108
162 113
162 116
162 122
162 133
162 135
162 140
162 142
162 148
162 151
162 161
162 175
162 182
162 184
162 189
162 193
162 205
162 214
162 221
162 222
162 224
162 231
162 241
162 245
163 4
163 6
163 7
163 13
163 21
163 30
163 35
163 37
163 38
163 40
163 44
163 48
163 49
163 50
163 52
163 64
163 65
163 68
163 82
163 89
163 99
163 102
163 109
163 110
163 111
163 134
163 146
163 149
163 152
163 153
163 167
163 172
163 174
163 176
163 177
163 181
163 188
163 198
163 201
163 202
163 212
163 213
163 215
163 218
163 220
163 225
163 232
163 246
163 250
163 251
163 253
163 254
164 12
164 20
164 32
164 59
164 69
164 71
164 90
164 97
164 107
164 120
164 121
164 124
164 128
164 130
164 138
164 139
164 156
164 165
164 171
164 180
164 185
164 191
164 196
164 211
164 217
164 219
164 228
164 243
165 12
165 20
165 32
165 59
165 69
165 71
165 90
165 97
165 107
165 120
165 121
165 124
165 128
165 130
165 138
165 139
165 156
165 164
165 171
165 180
165 185
165 191
165 196
165 211
165 217
165 219
165 228
165 243
166 141
166 145
167 4
167 6
167 7
167 13
167 21
167 30
167 35
167 37
167 38
167 40
167 44
167 48
167 49
167 50
167 52
167 64
167 65
167 68
167 82
167 89
167 99
167 102
167 109
167 110
167 111
167 134
167 146
167 149
167 152
167 153
167 163
167 172
167 174
167 176
167 177
167 181
167 188
167 198
167 201
167 202
167 212
167 213
167 215
167 218
167 220
167 225
167 232
167 246
167 250
167 251
167 253
167 254
168 115
168 144
168 179
168 194
168 233
169 5
169 11
169 22
169 29
169 45
169 51
169 54
169 56
169 61
169 63
169 73
169 74
169 75
169 79
169 80
169 81
169 83
169 88
169 93
169 95
169 98
169 100
169 104
169 106
169 118
169 123
169 126
169 127
169 129
169 132
169 137
169 143
169 147
169 154
169 157
169 170
169 178
169 187
169 190
169 195
169 203
169 204
169 210
169 216
169 227
169 229
169 230
169 234
169 235
169 237
169 238
169 239
169 242
169 244
169 248
169 249
170 5
170 11
170 22
170 29
170 45
170 51
170 54
170 56
170 61
170 63
170 73
170 74
170 75
170 79
170 80
170 81
170 83
170 88
170 93
170 95
170 98
170 100
170 104
170 106
170 118
170 123
170 126
170 127
170 129
170 132
170 137
170 143
170 147
170 154
170 157
170 169
170 178
170 187
170 190
170 195
170 203
170 204
170 210
170 216
170 227
170 229
170 230
170 234
170 235
170 237
170 238
170 239
170 242
170 244
170 248
170 249
171 12
171 20
171 32
171 59
171 69
171 71
171 90
171 97
171 107
171 120
171 121
171 124
171 128
171 130
171 138
171 139
171 156
171 164
171 165
171 180
171 185
171 191
171 196
171 211
171 217
171 219
171 228
171 243
172 4
172 6
172 7
172 13
172 21
172 30
172 35
172 37
172 38
172 40
172 44
172 48
172 49
172 50
172 52
172 64
172 65
172 68
172 82
172 89
172 99
172 102
172 109
172 110
172 111
172 134
172 146
172 149
172 152
172 153
172 163
172 167
172 174
172 176
172 177
172 181
172 188
172 198
172 201
172 202
172 212
172 213
172 215
172 218
172 220
172 225
172 232
172 246
172 250
172 251
172 253
172 254
173 1
173 16
173 23
173 28
173 31
173 33
173 39
173 47
173 66
173 72
173 85
173 91
173 92
173 96
173 117
173 119
173 125
173 136
173 150
173 155
173 158
173 159
173 160
173 186
173 192
173 197
173 199
173 200
173 207
173 208
173 209
173 223
173 226
173 236
173 240
173 252
174 4
174 6
174 7
174 13
174 21
174 30
174 35
174 37
174 38
174 40
174 44
174 48
174 49
174 50
174 52
174 64
174 65
174 68
174 82
174 89
174 99
174 102
174 109
174 110
174 111
174 134
174 146
174 149
174 152
174 153
174 163
174 167
174 172
174 176
174 177
174 181
174 188
174 198
174 201
174 202
174 212
174 213
174 215
174 218
174 220
174 225
174 232
174 246
174 250
174 251
174 253
174 254
175 3
175 8
175 10
175 17
175 19
175 24
175 25
175 26
175 34
175 36
175 42
175 43
175 46
175 55
175 57
175 58
175 60
175 67
175 76
175 77
175 78
175 84
175 86
175 87
175 101
175 103
175 105
175 108
175 113
175 116
175 122
175 133
175 135
175 140
175 142
175 148
175 151
175 161
175 162
175 182
175 184
175 189
175 193
175 205
175 214
175 221
175 222
175 224
175 231
175 241
175 245
176 4
176 6
176 7
176 13
176 21
176 30
176 35
176 37
176 38
176 40
176 44
176 48
176 49
176 50
176 52
176 64
176 65
176 68
176 82
176 89
176 99
176 102
176 109
176 110
176 111
176 134
176 146
176 149
176 152
176 153
176 163
176 167
176 172
176 174
176 177
176 181
176 188
176 198
176 201
176 202
176 212
176 213
176 215
176 218
176 220
176 225
176 232
176 246
176 250
176 251
176 253
176 254
177 4
177 6
177 7
177 13
177 21
177 30
177 35
177 37
177 38
177 40
177 44
177 48
177 49
177 50
177 52
177 64
177 65
177 68
177 82
177 89
177 99
177 102
177 109
177 110
177 111
177 134
177 146
177 149
177 152
177 153
177 163
177 167
177 172
177 174
177 176
177 181
177 188
177 198
177 201
177 202
177 212
177 213
177 215
177 218
177 220
177 225
177 232
177 246
177 250
177 251
177 253
177 254
178 5
178 11
178 22
178 29
178 45
178 51
178 54
178 56
178 61
178 63
178 73
178 74
178 75
178 79
178 80
178 81
178 83
178 88
178 93
178 95
178 98
178 100
178 104
178 106
178 118
178 123
178 126
178 127
178 129
178 132
178 137
178 143
178 147
178 154
178 157
178 169
178 170
178 187
178 190
178 195
178 203
178 204
178 210
178 216
178 227
178 229
178 230
178 234
178 235
178 237
178 238
178 239
178 242
178 244
178 248
178 249
179 115
179 144
179 168
179 194
179 233
180 12
180 20
180 32
180 59
180 69
180 71
180 90
180 97
180 107
180 120
180 121
180 124
180 128
180 130
180 138
180 139
180 156
180 164
180 165
180 171
180 185
180 191
180 196
180 211
180 217
180 219
180 228
180 243
181 4
181 6
181 7
181 13
181 21
181 30
181 35
181 37
181 38
181 40
181 44
181 48
181 49
181 50
181 52
181 64
181 65
181 68
181 82
181 89
181 99
181 102
181 109
181 110
181 111
181 134
181 146
181 149
181 152
181 153
181 163
181 167
181 172
181 174
181 176
181 177
181 188
181 198
181 201
181 202
181 212
181 213
181 215
181 218
181 220
181 225
181 232
181 246
181 250
181 251
181 253
181 254
182 3
182 8
182 10
182 17
182 19
182 24
182 25
182 26
182 34
182 36
182 42
182 43
182 46
182 55
182 57
182 58
182 60
182 67
182 76
182 77
182 78
182 84
182 86
182 87
182 101
182 103
182 105
182 108
182 113
182 116
182 122
182 133
182 135
182 140
182 142
182 148
182 151
182 161
182 162
182 175
182 184
182 189
182 193
182 205
182 214
182 221
182 222
182 224
182 231
182 241
182 245
184 3
184 8
184 10
184 17
184 19
184 24
184 25
184 26
184 34
184 36
184 42
184 43
184 46
184 55
184 57
184 58
184 60
184 67
184 76
184 77
184 78
184 84
184 86
184 87
184 101
184 103
184 105
184 108
184 113
184 116
184 122
184 133
184 135
184 140
184 142
184 148
184 151
184 161
184 162
184 175
184 182
184 189
184 193
184 205
184 214
184 221
184 222
184 224
184 231
184 241
184 245
185 12
185 20
185 32
185 59
185 69
185 71
185 90
185 97
185 107
185 120
185 121
185 124
185 128
185 130
185 138
185 139
185 156
185 164
185 165
185 171
185 180
185 191
185 196
185 211
185 217
185 219
185 228
185 243
186 1
186 16
186 23
186 28
186 31
186 33
186 39
186 47
186 66
186 72
186 85
186 91
186 92
186 96
186 117
186 119
186 125
186 136
186 150
186 155
186 158
186 159
186 160
186 173
186 192
186 197
186 199
186 200
186 207
186 208
186 209
186 223
186 226
186 236
186 240
186 252
187 5
187 11
187 22
187 29
187 45
187 51
187 54
187 56
187 61
187 63
187 73
187 74
187 75
187 79
187 80
187 81
187 83
187 88
187 93
187 95
187 98
187 100
187 104
187 106
187 118
187 123
187 126
187 127
187 129
187 132
187 137
187 143
187 147
187 154
187 157
187 169
187 170
187 178
187 190
187 195
187 203
187 204
187 210
187 216
187 227
187 229
187 230
187 234
187 235
187 237
187 238
187 239
187 242
187 244
187 248
187 249
188 4
188 6
188 7
188 13
188 21
188 30
188 35
188 37
188 38
188 40
188 44
188 48
188 49
188 50
188 52
188 64
188 65
188 68
188 82
188 89
188 99
188 102
188 109
188 110
188 111
188 134
188 146
188 149
188 152
188 153
188 163
188 167
188 172
188 174
188 176
188 177
188 181
188 198
188 201
188 202
188 212
188 213
188 215
188 218
188 220
188 225
188 232
188 246
188 250
188 251
188 253
188 254
189 3
189 8
189 10
189 17
189 19
189 24
189 25
189 26
189 34
189 36
189 42
189 43
189 46
189 55
189 57
189 58
189 60
189 67
189 76
189 77
189 78
189 84
189 86
189 87
189 101
189 103
189 105
189 108
189 113
189 116
189 122
189 133
189 135
189 140
189 142
189 148
189 151
189 161
189 162
189 175
189 182
189 184
189 193
189 205
189 214
189 221
189 222
189 224
189 231
189 241
189 245
190 5
190 11
190 22
190 29
190 45
190 51
190 54
190 56
190 61
190 63
190 73
190 74
190 75
190 79
190 80
190 81
190 83
190 88
190 93
190 95
190 98
190 100
190 104
190 106
190 118
190 123
190 126
190 127
190 129
190 132
190 137
190 143
190 147
190 154
190 157
190 169
190 170
190 178
190 187
190 195
190 203
190 204
190 210
190 216
190 227
190 229
190 230
190 234
190 235
190 237
190 238
190 239
190 242
190 244
190 248
190 249
191 12
191 20
191 32
191 59
191 69
191 71
191 90
191 97
191 107
191 120
191 121
191 124
191 128
191 130
191 138
191 139
191 156
191 164
191 165
191 171
191 180
191 185
191 196
191 211
191 217
191 219
191 228
191 243
192 1
192 16
192 23
192 28
192 31
192 33
192 39
192 47
192 66
192 72
192 85
192 91
192 92
192 96
192 117
192 119
192 125
192 136
192 150
192 155
192 158
192 159
192 160
192 173
192 186
192 197
192 199
192 200
192 207
192 208
192 209
192 223
192 226
192 236
192 240
192 252
193 3
193 8
193 10
193 17
193 19
193 24
193 25
193 26
193 34
193 36
193 42
193 43
193 46
193 55
193 57
193 58
193 60
193 67
193 76
193 77
193 78
193 84
193 86
193 87
193 101
193 103
193 105
193 108
193 113
193 116
193 122
193 133
193 135
193 140
193 142
193 148
193 151
193 161
193 162
193 175
193 182
193 184
193 189
193 205
193 214
193 221
193 222
193 224
193 231
193 241
193 245
194 115
194 144
194 168
194 179
194 233
195 5
195 11
195 22
195 29
195 45
195 51
195 54
195 56
195 61
195 63
195 73
195 74
195 75
195 79
195 80
195 81
195 83
195 88
195 93
195 95
195 98
195 100
195 104
195 106
195 118
195 123
195 126
195 127
195 129
195 132
195 137
195 143
195 147
195 154
195 157
195 169
195 170
195 178
195 187
195 190
195 203
195 204
195 210
195 216
195 227
195 229
195 230
195 234
195 235
195 237
195 238
195 239
195 242
195 244
195 248
195 249
196 12
196 20
196 32
196 59
196 69
196 71
196 90
196 97
196 107
196 120
196 121
196 124
196 128
196 130
196 138
196 139
196 156
196 164
196 165
196 171
196 180
196 185
196 191
196 211
196 217
196 219
196 228
196 243
197 1
197 16
197 23
197 28
197 31
197 33
197 39
197 47
197 66
197 72
197 85
197 91
197 92
197 96
197 117
197 119
197 125
197 136
197 150
197 155
197 158
197 159
197 160
197 173
197 186
197 192
197 199
197 200
197 207
197 208
197 209
197 223
197 226
197 236
197 240
197 252
198 4
198 6
198 7
198 13
198 21
198 30
198 35
198 37
198 38
198 40
198 44
198 48
198 49
198 50
198 52
198 64
198 65
198 68
198 82
198 89
198 99
198 102
198 109
198 110
198 111
198 134
198 146
198 149
198 152
198 153
198 163
198 167
198 172
198 174
198 176
198 177
198 181
198 188
198 201
198 202
198 212
198 213
198 215
198 218
198 220
198 225
198 232
198 246
198 250
198 251
198 253
198 254
199 1
199 16
199 23
199 28
199 31
199 33
199 39
199 47
199 66
199 72
199 85
199 91
199 92
199 96
199 117
199 119
199 125
199 136
199 150
199 155
199 158
199 159
199 160
199 173
199 186
199 192
199 197
199 200
199 207
199 208
199 209
199 223
199 226
199 236
199 240
199 252
200 1
200 16
200 23
200 28
200 31
200 33
200 39
200 47
200 66
200 72
200 85
200 91
200 92
200 96
200 117
200 119
200 125
200 136
200 150
200 155
200 158
200 159
200 160
200 173
200 186
200 192
200 197
200 199
200 207
200 208
200 209
200 223
200 226
200 236
200 240
200 252
201 4
201 6
201 7
201 13
201 21
201 30
201 35
201 37
201 38
201 40
201 44
201 48
201 49
201 50
201 52
201 64
201 65
201 68
201 82
201 89
201 99
201 102
201 109
201 110
201 111
201 134
201 146
201 149
201 152
201 153
201 163
201 167
201 172
201 174
201 176
201 177
201 181
201 188
201 198
201 202
201 212
201 213
201 215
201 218
201 220
201 225
201 232
201 246
201 250
201 251
201 253
201 254
202 4
202 6
202 7
202 13
202 21
202 30
202 35
202 37
202 38
202 40
202 44
202 48
202 49
202 50
202 52
202 64
202 65
202 68
202 82
202 89
202 99
202 102
202 109
202 110
202 111
202 134
202 146
202 149
202 152
202 153
202 163
202 167
202 172
202 174
202 176
202 177
202 181
202 188
202 198
202 201
202 212
202 213
202 215
202 218
202 220
202 225
202 232
202 246
202 250
202 251
202 253
202 254
203 5
203 11
203 22
203 29
203 45
203 51
203 54
203 56
203 61
203 63
203 73
203 74
203 75
203 79
203 80
203 81
203 83
203 88
203 93
203 95
203 98
203 100
203 104
203 106
203 118
203 123
203 126
203 127
203 129
203 132
203 137
203 143
203 147
203 154
203 157
203 169
203 170
203 178
203 187
203 190
203 195
203 204
203 210
203 216
203 227
203 229
203 230
203 234
203 235
203 237
203 238
203 239
203 242
203 244
203 248
203 249
204 5
204 11
204 22
204 29
204 45
204 51
204 54
204 56
204 61
204 63
204 73
204 74
204 75
204 79
204 80
204 81
204 83
204 88
204 93
204 95
204 98
204 100
204 104
204 106
204 118
204 123
204 126
204 127
204 129
204 132
204 137
204 143
204 147
204 154
204 157
204 169
204 170
204 178
204 187
204 190
204 195
204 203
204 210
204 216
204 227
204 229
204 230
204 234
204 235
204 237
204 238
204 239
204 242
204 244
204 248
204 249
205 3
205 8
205 10
205 17
205 19
205 24
205 25
205 26
205 34
205 36
205 42
205 43
205 46
205 55
205 57
205 58
205 60
205 67
205 76
205 77
205 78
205 84
205 86
205 87
205 101
205 103
205 105
205 108
205 113
205 116
205 122
205 133
205 135
205 140
205 142
205 148
205 151
205 161
205 162
205 175
205 182
205 184
205 189
205 193
205 214
205 221
205 222
205 224
205 231
205 241
205 245
207 1
207 16
207 23
207 28
207 31
207 33
207 39
207 47
207 66
207 72
207 85
207 91
207 92
207 96
207 117
207 119
207 125
207 136
207 150
207 155
207 158
207 159
207 160
207 173
207 186
207 192
207 197
207 199
207 200
207 208
207 209
207 223
207 226
207 236
207 240
207 252
208 1
208 16
208 23
208 28
208 31
208 33
208 39
208 47
208 66
208 72
208 85
208 91
208 92
208 96
208 117
208 119
208 125
208 136
208 150
208 155
208 158
208 159
208 160
208 173
208 186
208 192
208 197
208 199
208 200
208 207
208 209
208 223
208 226
208 236
208 240
208 252
209 1
209 16
209 23
209 28
209 31
209 33
209 39
209 47
209 66
209 72
209 85
209 91
209 92
209 96
209 117
209 119
209 125
209 136
209 150
209 155
209 158
209 159
209 160
209 173
209 186
209 192
209 197
209 199
209 200
209 207
209 208
209 223
209 226
209 236
209 240
209 252
210 5
210 11
210 22
210 29
210 45
210 51
210 54
210 56
210 61
210 63
210 73
210 74
210 75
210 79
210 80
210 81
210 83
210 88
210 93
210 95
210 98
210 100
210 104
210 106
210 118
210 123
210 126
210 127
210 129
210 132
210 137
210 143
210 147
210 154
210 157
210 169
210 170
210 178
210 187
210 190
210 195
210 203
210 204
210 216
210 227
210 229
210 230
210 234
210 235
210 237
210 238
210 239
210 242
210 244
210 248
210 249
211 12
211 20
211 32
211 59
211 69
211 71
211 90
211 97
211 107
211 120
211 121
211 124
211 128
211 130
211 138
211 139
211 156
211 164
211 165
211 171
211 180
211 185
211 191
211 196
211 217
211 219
211 228
211 243
212 4
212 6
212 7
212 13
212 21
212 30
212 35
212 37
212 38
212 40
212 44
212 48
212 49
212 50
212 52
212 64
212 65
212 68
212 82
212 89
212 99
212 102
212 109
212 110
212 111
212 134
212 146
212 149
212 152
212 153
212 163
212 167
212 172
212 174
212 176
212 177
212 181
212 188
212 198
212 201
212 202
212 213
212 215
212 218
212 220
212 225
212 232
212 246
212 250
212 251
212 253
212 254
213 4
213 6
213 7
213 13
213 21
213 30
213 35
213 37
213 38
213 40
213 44
213 48
213 49
213 50
213 52
213 64
213 65
213 68
213 82
213 89
213 99
213 102
213 109
213 110
213 111
213 134
213 146
213 149
213 152
213 153
213 163
213 167
213 172
213 174
213 176
213 177
213 181
213 188
213 198
213 201
213 202
213 212
213 215
213 218
213 220
213 225
213 232
213 246
213 250
213 251
213 253
213 254
214 3
214 8
214 10
214 17
214 19
214 24
214 25
214 26
214 34
214 36
214 42
214 43
214 46
214 55
214 57
214 58
214 60
214 67
214 76
214 77
214 78
214 84
214 86
214 87
214 101
214 103
214 105
214 108
214 113
214 116
214 122
214 133
214 135
214 140
214 142
214 148
214 151
214 161
214 162
214 175
214 182
214 184
214 189
214 193
214 205
214 221
214 222
214 224
214 231
214 241
214 245
215 4
215 6
215 7
215 13
215 21
215 30
215 35
215 37
215 38
215 40
215 44
215 48
215 49
215 50
215 52
215 64
215 65
215 68
215 82
215 89
215 99
215 102
215 109
215 110
215 111
215 134
215 146
215 149
215 152
215 153
215 163
215 167
215 172
215 174
215 176
215 177
215 181
215 188
215 198
215 201
215 202
215 212
215 213
215 218
215 220
215 225
215 232
215 246
215 250
215 251
215 253
215 254
216 5
216 11
216 22
216 29
216 45
216 51
216 54
216 56
216 61
216 63
216 73
216 74
216 75
216 79
216 80
216 81
216 83
216 88
216 93
216 95
216 98
216 100
216 104
216 106
216 118
216 123
216 126
216 127
216 129
216 132
216 137
216 143
216 147
216 154
216 157
216 169
216 170
216 178
216 187
216 190
216 195
216 203
216 204
216 210
216 227
216 229
216 230
216 234
216 235
216 237
216 238
216 239
216 242
216 244
216 248
216 249
217 12
217 20
217 32
217 59
217 69
217 71
217 90
217 97
217 107
217 120
217 121
217 124
217 128
217 130
217 138
217 139
217 156
217 164
217 165
217 171
217 180
217 185
217 191
217 196
217 211
217 219
217 228
217 243
218 4
218 6
218 7
218 13
218 21
218 30
218 35
218 37
218 38
218 40
218 44
218 48
218 49
218 50
218 52
218 64
218 65
218 68
218 82
218 89
218 99
218 102
218 109
218 110
218 111
218 134
218 146
218 149
218 152
218 153
218 163
218 167
218 172
218 174
218 176
218 177
218 181
218 188
218 198
218 201
218 202
218 212
218 213
218 215
218 220
218 225
218 232
218 246
218 250
218 251
218 253
218 254
219 12
219 20
219 32
219 59
219 69
219 71
219 90
219 97
219 107
219 120
219 121
219 124
219 128
219 130
219 138
219 139
219 156
219 164
219 165
219 171
219 180
219 185
219 191
219 196
219 211
219 217
219 228
219 243
220 4
220 6
220 7
220 13
220 21
220 30
220 35
220 37
220 38
220 40
220 44
220 48
220 49
220 50
220 52
220 64
220 65
220 68
220 82
220 89
220 99
220 102
220 109
220 110
220 111
220 134
220 146
220 149
220 152
220 153
220 163
220 167
220 172
220 174
220 176
220 177
220 181
220 188
220 198
220 201
220 202
220 212
220 213
220 215
220 218
220 225
220 232
220 246
220 250
220 251
220 253
220 254
221 3
221 8
221 10
221 17
221 19
221 24
221 25
221 26
221 34
221 36
221 42
221 43
221 46
221 55
221 57
221 58
221 60
221 67
221 76
221 77
221 78
221 84
221 86
221 87
221 101
221 103
221 105
221 108
221 113
221 116
221 122
221 133
221 135
221 140
221 142
221 148
221 151
221 161
221 162
221 175
221 182
221 184
221 189
221 193
221 205
221 214
221 222
221 224
221 231
221 241
221 245
222 3
222 8
222 10
222 17
222 19
222 24
222 25
222 26
222 34
222 36
222 42
222 43
222 46
222 55
222 57
222 58
222 60
222 67
222 76
222 77
222 78
222 84
222 86
222 87
222 101
222 103
222 105
222 108
222 113
222 116
222 122
222 133
222 135
222 140
222 142
222 148
222 151
222 161
222 162
222 175
222 182
222 184
222 189
222 193
222 205
222 214
222 221
222 224
222 231
222 241
222 245
223 1
223 16
223 23
223 28
223 31
223 33
223 39
223 47
223 66
223 72
223 85
223 91
223 92
223 96
223 117
223 119
223 125
223 136
223 150
223 155
223 158
223 159
223 160
223 173
223 186
223 192
223 197
223 199
223 200
223 207
223 208
223 209
223 226
223 236
223 240
223 252
224 3
224 8
224 10
224 17
224 19
224 24
224 25
224 26
224 34
224 36
224 42
224 43
224 46
224 55
224 57
224 58
224 60
224 67
224 76
224 77
224 78
224 84
224 86
224 87
224 101
224 103
224 105
224 108
224 113
224 116
224 122
224 133
224 135
224 140
224 142
224 148
224 151
224 161
224 162
224 175
224 182
224 184
224 189
224 193
224 205
224 214
224 221
224 222
224 231
224 241
224 245
225 4
225 6
225 7
225 13
225 21
225 30
225 35
225 37
225 38
225 40
225 44
225 48
225 49
225 50
225 52
225 64
225 65
225 68
225 82
225 89
225 99
225 102
225 109
225 110
225 111
225 134
225 146
225 149
225 152
225 153
225 163
225 167
225 172
225 174
225 176
225 177
225 181
225 188
225 198
225 201
225 202
225 212
225 213
225 215
225 218
225 220
225 232
225 246
225 250
225 251
225 253
225 254
226 1
226 16
226 23
226 28
226 31
226 33
226 39
226 47
226 66
226 72
226 85
226 91
226 92
226 96
226 117
226 119
226 125
226 136
226 150
226 155
226 158
226 159
226 160
226 173
226 186
226 192
226 197
226 199
226 200
226 207
226 208
226 209
226 223
226 236
226 240
226 252
227 5
227 11
227 22
227 29
227 45
227 51
227 54
227 56
227 61
227 63
227 73
227 74
227 75
227 79
227 80
227 81
227 83
227 88
227 93
227 95
227 98
227 100
227 104
227 106
227 118
227 123
227 126
227 127
227 129
227 132
227 137
227 143
227 147
227 154
227 157
227 169
227 170
227 178
227 187
227 190
227 195
227 203
227 204
227 210
227 216
227 229
227 230
227 234
227 235
227 237
227 238
227 239
227 242
227 244
227 248
227 249
228 12
228 20
228 32
228 59
228 69
228 71
228 90
228 97
228 107
228 120
228 121
228 124
228 128
228 130
228 138
228 139
228 156
228 164
228 165
228 171
228 180
228 185
228 191
228 196
228 211
228 217
228 219
228 243
229 5
229 11
229 22
229 29
229 45
229 51
229 54
229 56
229 61
229 63
229 73
229 74
229 75
229 79
229 80
229 81
229 83
229 88
229 93
229 95
229 98
229 100
229 104
229 106
229 118
229 123
229 126
229 127
229 129
229 132
229 137
229 143
229 147
229 154
229 157
229 169
229 170
229 178
229 187
229 190
229 195
229 203
229 204
229 210
229 216
229 227
229 230
229 234
229 235
229 237
229 238
229 239
229 242
229 244
229 248
229 249
230 5
230 11
230 22
230 29
230 45
230 51
230 54
230 56
230 61
230 63
230 73
230 74
230 75
230 79
230 80
230 81
230 83
230 88
230 93
230 95
230 98
230 100
230 104
230 106
230 118
230 123
230 126
230 127
230 129
230 132
230 137
230 143
230 147
230 154
230 157
230 169
230 170
230 178
230 187
230 190
230 195
230 203
230 204
230 210
230 216
230 227
230 229
230 234
230 235
230 237
230 238
230 239
230 242
230 244
230 248
230 249
231 3
231 8
231 10
231 17
231 19
231 24
231 25
231 26
231 34
231 36
231 42
231 43
231 46
231 55
231 57
231 58
231 60
231 67
231 76
231 77
231 78
231 84
231 86
231 87
231 101
231 103
231 105
231 108
231 113
231 116
231 122
231 133
231 135
231 140
231 142
231 148
231 151
231 161
231 162
231 175
231 182
231 184
231 189
231 193
231 205
231 214
231 221
231 222
231 224
231 241
231 245
232 4
232 6
232 7
232 13
232 21
232 30
232 35
232 37
232 38
232 40
232 44
232 48
232 49
232 50
232 52
232 64
232 65
232 68
232 82
232 89
232 99
232 102
232 109
232 110
232 111
232 134
232 146
232 149
232 152
232 153
232 163
232 167
232 172
232 174
232 176
232 177
232 181
232 188
232 198
232 201
232 202
232 212
232 213
232 215
232 218
232 220
232 225
232 246
232 250
232 251
232 253
232 254
233 115
233 144
233 168
233 179
233 194
234 5
234 11
234 22
234 29
234 45
234 51
234 54
234 56
234 61
234 63
234 73
234 74
234 75
234 79
234 80
234 81
234 83
234 88
234 93
234 95
234 98
234 100
234 104
234 106
234 118
234 123
234 126
234 127
234 129
234 132
234 137
234 143
234 147
234 154
234 157
234 169
234 170
234 178
234 187
234 190
234 195
234 203
234 204
234 210
234 216
234 227
234 229
234 230
234 235
234 237
234 238
234 239
234 242
234 244
234 248
234 249
235 5
235 11
235 22
235 29
235 45
235 51
235 54
235 56
235 61
235 63
235 73
235 74
235 75
235 79
235 80
235 81
235 83
235 88
235 93
235 95
235 98
235 100
235 104
235 106
235 118
235 123
235 126
235 127
235 129
235 132
235 137
235 143
235 147
235 154
235 157
235 169
235 170
235 178
235 187
235 190
235 195
235 203
235 204
235 210
235 216
235 227
235 229
235 230
235 234
235 237
235 238
235 239
235 242
235 244
235 248
235 249
236 1
236 16
236 23
236 28
236 31
236 33
236 39
236 47
236 66
236 72
236 85
236 91
236 92
236 96
236 117
236 119
236 125
236 136
236 150
236 155
236 158
236 159
236 160
236 173
236 186
236 192
236 197
236 199
236 200
236 207
236 208
236 209
236 223
236 226
236 240
236 252
237 5
237 11
237 22
237 29
237 45
237 51
237 54
237 56
237 61
237 63
237 73
237 74
237 75
237 79
237 80
237 81
237 83
237 88
237 93
237 95
237 98
237 100
237 104
237 106
237 118
237 123
237 126
237 127
237 129
237 132
237 137
237 143
237 147
237 154
237 157
237 169
237 170
237 178
237 187
237 190
237 195
237 203
237 204
237 210
237 216
237 227
237 229
237 230
237 234
237 235
237 238
237 239
237 242
237 244
237 248
237 249
238 5
238 11
238 22
238 29
238 45
238 51
238 54
238 56
238 61
238 63
238 73
238 74
238 75
238 79
238 80
238 81
238 83
238 88
238 93
238 95
238 98
238 100
238 104
238 106
238 118
238 123
238 126
238 127
238 129
238 132
238 137
238 143
238 147
238 154
238 157
238 169
238 170
238 178
238 187
238 190
238 195
238 203
238 204
238 210
238 216
238 227
238 229
238 230
238 234
238 235
238 237
238 239
238 242
238 244
238 248
238 249
239 5
239 11
239 22
239 29
239 45
239 51
239 54
239 56
239 61
239 63
239 73
239 74
239 75
239 79
239 80
239 81
239 83
239 88
239 93
239 95
239 98
239 100
239 104
239 106
239 118
239 123
239 126
239 127
239 129
239 132
239 137
239 143
239 147
239 154
239 157
239 169
239 170
239 178
239 187
239 190
239 195
239 203
239 204
239 210
239 216
239 227
239 229
239 230
239 234
239 235
239 237
239 238
239 242
239 244
239 248
239 249
240 1
240 16
240 23
240 28
240 31
240 33
240 39
240 47
240 66
240 72
240 85
240 91
240 92
240 96
240 117
240 119
240 125
240 136
240 150
240 155
240 158
240 159
240 160
240 173
240 186
240 192
240 197
240 199
240 200
240 207
240 208
240 209
240 223
240 226
240 236
240 252
241 3
241 8
241 10
241 17
241 19
241 24
241 25
241 26
241 34
241 36
241 42
241 43
241 46
241 55
241 57
241 58
241 60
241 67
241 76
241 77
241 78
241 84
241 86
241 87
241 101
241 103
241 105
241 108
241 113
241 116
241 122
241 133
241 135
241 140
241 142
241 148
241 151
241 161
241 162
241 175
241 182
241 184
241 189
241 193
241 205
241 214
241 221
241 222
241 224
241 231
241 245
242 5
242 11
242 22
242 29
242 45
242 51
242 54
242 56
242 61
242 63
242 73
242 74
242 75
242 79
242 80
242 81
242 83
242 88
242 93
242 95
242 98
242 100
242 104
242 106
242 118
242 123
242 126
242 127
242 129
242 132
242 137
242 143
242 147
242 154
242 157
242 169
242 170
242 178
242 187
242 190
242 195
242 203
242 204
242 210
242 216
242 227
242 229
242 230
242 234
242 235
242 237
242 238
242 239
242 244
242 248
242 249
243 12
243 20
243 32
243 59
243 69
243 71
243 90
243 97
243 107
243 120
243 121
243 124
243 128
243 130
243 138
243 139
243 156
243 164
243 165
243 171
243 180
243 185
243 191
243 196
243 211
243 217
243 219
243 228
244 5
244 11
244 22
244 29
244 45
244 51
244 54
244 56
244 61
244 63
244 73
244 74
244 75
244 79
244 80
244 81
244 83
244 88
244 93
244 95
244 98
244 100
244 104
244 106
244 118
244 123
244 126
244 127
244 129
244 132
244 137
244 143
244 147
244 154
244 157
244 169
244 170
244 178
244 187
244 190
244 195
244 203
244 204
244 210
244 216
244 227
244 229
244 230
244 234
244 235
244 237
244 238
244 239
244 242
244 248
244 249
245 3
245 8
245 10
245 17
245 19
245 24
245 25
245 26
245 34
245 36
245 42
245 43
245 46
245 55
245 57
245 58
245 60
245 67
245 76
245 77
245 78
245 84
245 86
245 87
245 101
245 103
245 105
245 108
245 113
245 116
245 122
245 133
245 135
245 140
245 142
245 148
245 151
245 161
245 162
245 175
245 182
245 184
245 189
245 193
245 205
245 214
245 221
245 222
245 224
245 231
245 241
246 4
246 6
246 7
246 13
246 21
246 30
246 35
246 37
246 38
246 40
246 44
246 48
246 49
246 50
246 52
246 64
246 65
246 68
246 82
246 89
246 99
246 102
246 109
246 110
246 111
246 134
246 146
246 149
246 152
246 153
246 163
246 167
246 172
246 174
246 176
246 177
246 181
246 188
246 198
246 201
246 202
246 212
246 213
246 215
246 218
246 220
246 225
246 232
246 250
246 251
246 253
246 254
248 5
248 11
248 22
248 29
248 45
248 51
248 54
248 56
248 61
248 63
248 73
248 74
248 75
248 79
248 80
248 81
248 83
248 88
248 93
248 95
248 98
248 100
248 104
248 106
248 118
248 123
248 126
248 127
248 129
248 132
248 137
248 143
248 147
248 154
248 157
248 169
248 170
248 178
248 187
248 190
248 195
248 203
248 204
248 210
248 216
248 227
248 229
248 230
248 234
248 235
248 237
248 238
248 239
248 242
248 244
248 249
249 5
249 11
249 22
249 29
249 45
249 51
249 54
249 56
249 61
249 63
249 73
249 74
249 75
249 79
249 80
249 81
249 83
249 88
249 93
249 95
249 98
249 100
249 104
249 106
249 118
249 123
249 126
249 127
249 129
249 132
249 137
249 143
249 147
249 154
249 157
249 169
249 170
249 178
249 187
249 190
249 195
249 203
249 204
249 210
249 216
249 227
249 229
249 230
249 234
249 235
249 237
249 238
249 239
249 242
249 244
249 248
250 4
250 6
250 7
250 13
250 21
250 30
250 35
250 37
250 38
250 40
250 44
250 48
250 49
250 50
250 52
250 64
250 65
250 68
250 82
250 89
250 99
250 102
250 109
250 110
250 111
250 134
250 146
250 149
250 152
250 153
250 163
250 167
250 172
250 174
250 176
250 177
250 181
250 188
250 198
250 201
250 202
250 212
250 213
250 215
250 218
250 220
250 225
250 232
250 246
250 251
250 253
250 254
251 4
251 6
251 7
251 13
251 21
251 30
251 35
251 37
251 38
251 40
251 44
251 48
251 49
251 50
251 52
251 64
251 65
251 68
251 82
251 89
251 99
251 102
251 109
251 110
251 111
251 134
251 146
251 149
251 152
251 153
251 163
251 167
251 172
251 174
251 176
251 177
251 181
251 188
251 198
251 201
251 202
251 212
251 213
251 215
251 218
251 220
251 225
251 232
251 246
251 250
251 253
251 254
252 1
252 16
252 23
252 28
252 31
252 33
252 39
252 47
252 66
252 72
252 85
252 91
252 92
252 96
252 117
252 119
252 125
252 136
252 150
252 155
252 158
252 159
252 160
252 173
252 186
252 192
252 197
252 199
252 200
252 207
252 208
252 209
252 223
252 226
252 236
252 240
253 4
253 6
253 7
253 13
253 21
253 30
253 35
253 37
253 38
253 40
253 44
253 48
253 49
253 50
253 52
253 64
253 65
253 68
253 82
253 89
253 99
253 102
253 109
253 110
253 111
253 134
253 146
253 149
253 152
253 153
253 163
253 167
253 172
253 174
253 176
253 177
253 181
253 188
253 198
253 201
253 202
253 212
253 213
253 215
253 218
253 220
253 225
253 232
253 246
253 250
253 251
253 254
254 4
254 6
254 7
254 13
254 21
254 30
254 35
254 37
254 38
254 40
254 44
254 48
254 49
254 50
254 52
254 64
254 65
254 68
254 82
254 89
254 99
254 102
254 109
254 110
254 111
254 134
254 146
254 149
254 152
254 153
254 163
254 167
254 172
254 174
254 176
254 177
254 181
254 188
254 198
254 201
254 202
254 212
254 213
254 215
254 218
254 220
254 225
254 232
254 246
254 250
254 251
254 253
255 14
255 53
255 131
