32 506
2 3
2 4
2 6
2 8
2 9
2 10
2 11
2 13
2 15
2 16
2 17
2 19
2 21
2 23
2 24
2 25
2 26
2 27
2 28
2 29
2 30
2 31
3 2
3 4
3 6
3 8
3 9
3 10
3 11
3 13
3 15
3 16
3 17
3 19
3 21
3 23
3 24
3 25
3 26
3 27
3 28
3 29
3 30
3 31
4 2
4 3
4 6
4 8
4 9
4 10
4 11
4 13
4 15
4 16
4 17
4 19
4 21
4 23
4 24
4 25
4 26
4 27
4 28
4 29
4 30
4 31
6 2
6 3
6 4
6 8
6 9
6 10
6 11
6 13
6 15
6 16
6 17
6 19
6 21
6 23
6 24
6 25
6 26
6 27
6 28
6 29
6 30
6 31
8 2
8 3
8 4
8 6
8 9
8 10
8 11
8 13
8 15
8 16
8 17
8 19
8 21
8 23
8 24
8 25
8 26
8 27
8 28
8 29
8 30
8 31
9 2
9 3
9 4
9 6
9 8
9 10
9 11
9 13
9 15
9 16
9 17
9 19
9 21
9 23
9 24
9 25
9 26
9 27
9 28
9 29
9 30
9 31
10 2
10 3
10 4
10 6
10 8
10 9
10 11
10 13
10 15
10 16
10 17
10 19
10 21
10 23
10 24
10 25
10 26
10 27
10 28
10 29
10 30
10 31
11 2
11 3
11 4
11 6
11 8
11 9
11 10
11 13
11 15
11 16
11 17
11 19
11 21
11 23
11 24
11 25
11 26
11 27
11 28
11 29
11 30
11 31
13 2
13 3
13 4
13 6
13 8
13 9
13 10
13 11
13 15
13 16
13 17
13 19
13 21
13 23
13 24
13 25
13 26
13 27
13 28
13 29
13 30
13 31
15 2
15 3
15 4
15 6
15 8
15 9
15 10
15 11
15 13
15 16
15 17
15 19
15 21
15 23
15 24
15 25
15 26
15 27
15 28
15 29
15 30
15 31
16 2
16 3
16 4
16 6
16 8
16 9
16 10
16 11
16 13
16 15
16 17
16 19
16 21
16 23
16 24
16 25
16 26
16 27
16 28
16 29
16 30
16 31
17 2
17 3
17 4
17 6
17 8
17 9
17 10
17 11
17 13
17 15
17 16
17 19
17 21
17 23
17 24
17 25
17 26
17 27
17 28
17 29
17 30
17 31
19 2
19 3
19 4
19 6
19 8
19 9
19 10
19 11
19 13
19 15
19 16
19 17
19 21
19 23
19 24
19 25
19 26
19 27
19 28
19 29
19 30
19 31
21 2
21 3
21 4
21 6
21 8
21 9
21 10
21 11
21 13
21 15
21 16
21 17
21 19
21 23
21 24
21 25
21 26
21 27
21 28
21 29
21 30
21 31
23 2
23 3
23 4
23 6
23 8
23 9
23 10
23 11
23 13
23 15
23 16
23 17
23 19
23 21
23 24
23 25
23 26
23 27
23 28
23 29
23 30
23 31
24 2
24 3
24 4
24 6
24 8
24 9
24 10
24 11
24 13
24 15
24 16
24 17
24 19
24 21
24 23
24 25
24 26
24 27
24 28
24 29
24 30
24 31
25 2
25 3
25 4
25 6
25 8
25 9
25 10
25 11
25 13
25 15
25 16
25 17
25 19
25 21
25 23
25 24
25 26
25 27
25 28
25 29
25 30
25 31
26 2
26 3
26 4
26 6
26 8
26 9
26 10
26 11
26 13
26 15
26 16
26 17
26 19
26 21
26 23
26 24
26 25
26 27
26 28
26 29
26 30
26 31
27 2
27 3
27 4
27 6
27 8
27 9
27 10
27 11
27 13
27 15
27 16
27 17
27 19
27 21
27 23
27 24
27 25
27 26
27 28
27 29
27 30
27 31
28 2
28 3
28 4
28 6
28 8
28 9
28 10
28 11
28 13
28 15
28 16
28 17
28 19
28 21
28 23
28 24
28 25
28 26
28 27
28 29
28 30
28 31
29 2
29 3
29 4
29 6
29 8
29 9
29 10
29 11
29 13
29 15
29 16
29 17
29 19
29 21
29 23
29 24
29 25
29 26
29 27
29 28
29 30
29 31
30 2
30 3
30 4
30 6
30 8
30 9
30 10
30 11
30 13
30 15
30 16
30 17
30 19
30 21
30 23
30 24
30 25
30 26
30 27
30 28
30 29
30 31
31 2
31 3
31 4
31 6
31 8
31 9
31 10
31 11
31 13
31 15
31 16
31 17
31 19
31 21
31 23
31 24
31 25
31 26
31 27
31 28
31 29
31 30
