32 344
2 3
2 5
2 7
2 8
2 10
2 12
2 16
2 17
2 19
2 21
2 22
2 23
2 24
2 25
2 26
2 28
2 30
2 31
3 2
3 5
3 7
3 8
3 10
3 12
3 16
3 17
3 19
3 21
3 22
3 23
3 24
3 25
3 26
3 28
3 30
3 31
4 13
5 2
5 3
5 7
5 8
5 10
5 12
5 16
5 17
5 19
5 21
5 22
5 23
5 24
5 25
5 26
5 28
5 30
5 31
7 2
7 3
7 5
7 8
7 10
7 12
7 16
7 17
7 19
7 21
7 22
7 23
7 24
7 25
7 26
7 28
7 30
7 31
8 2
8 3
8 5
8 7
8 10
8 12
8 16
8 17
8 19
8 21
8 22
8 23
8 24
8 25
8 26
8 28
8 30
8 31
10 2
10 3
10 5
10 7
10 8
10 12
10 16
10 17
10 19
10 21
10 22
10 23
10 24
10 25
10 26
10 28
10 30
10 31
12 2
12 3
12 5
12 7
12 8
12 10
12 16
12 17
12 19
12 21
12 22
12 23
12 24
12 25
12 26
12 28
12 30
12 31
13 4
16 2
16 3
16 5
16 7
16 8
16 10
16 12
16 17
16 19
16 21
16 22
16 23
16 24
16 25
16 26
16 28
16 30
16 31
17 2
17 3
17 5
17 7
17 8
17 10
17 12
17 16
17 19
17 21
17 22
17 23
17 24
17 25
17 26
17 28
17 30
17 31
19 2
19 3
19 5
19 7
19 8
19 10
19 12
19 16
19 17
19 21
19 22
19 23
19 24
19 25
19 26
19 28
19 30
19 31
21 2
21 3
21 5
21 7
21 8
21 10
21 12
21 16
21 17
21 19
21 22
21 23
21 24
21 25
21 26
21 28
21 30
21 31
22 2
22 3
22 5
22 7
22 8
22 10
22 12
22 16
22 17
22 19
22 21
22 23
22 24
22 25
22 26
22 28
22 30
22 31
23 2
23 3
23 5
23 7
23 8
23 10
23 12
23 16
23 17
23 19
23 21
23 22
23 24
23 25
23 26
23 28
23 30
23 31
24 2
24 3
24 5
24 7
24 8
24 10
24 12
24 16
24 17
24 19
24 21
24 22
24 23
24 25
24 26
24 28
24 30
24 31
25 2
25 3
25 5
25 7
25 8
25 10
25 12
25 16
25 17
25 19
25 21
25 22
25 23
25 24
25 26
25 28
25 30
25 31
26 2
26 3
26 5
26 7
26 8
26 10
26 12
26 16
26 17
26 19
26 21
26 22
26 23
26 24
26 25
26 28
26 30
26 31
28 2
28 3
28 5
28 7
28 8
28 10
28 12
28 16
28 17
28 19
28 21
28 22
28 23
28 24
28 25
28 26
28 30
28 31
30 2
30 3
30 5
30 7
30 8
30 10
30 12
30 16
30 17
30 19
30 21
30 22
30 23
30 24
30 25
30 26
30 28
30 31
31 2
31 3
31 5
31 7
31 8
31 10
31 12
31 16
31 17
31 19
31 21
31 22
31 23
31 24
31 25
31 26
31 28
31 30
