128 3965
0 1
0 3
0 4
0 6
0 12
0 13
0 18
0 20
0 21
0 22
0 23
0 24
0 26
0 27
0 30
0 31
0 32
0 33
0 34
0 36
0 42
0 43
0 44
0 46
0 48
0 49
0 51
0 52
0 53
0 56
0 58
0 59
0 61
0 63
0 67
0 69
0 70
0 71
0 73
0 74
0 75
0 78
0 80
0 82
0 83
0 88
0 90
0 92
0 97
0 102
0 104
0 105
0 107
0 108
0 114
0 115
0 118
0 119
0 120
0 122
0 126
0 127
1 0
1 3
1 4
1 6
1 12
1 13
1 18
1 20
1 21
1 22
1 23
1 24
1 26
1 27
1 30
1 31
1 32
1 33
1 34
1 36
1 42
1 43
1 44
1 46
1 48
1 49
1 51
1 52
1 53
1 56
1 58
1 59
1 61
1 63
1 67
1 69
1 70
1 71
1 73
1 74
1 75
1 78
1 80
1 82
1 83
1 88
1 90
1 92
1 97
1 102
1 104
1 105
1 107
1 108
1 114
1 115
1 118
1 119
1 120
1 122
1 126
1 127
2 111
3 0
3 1
3 4
3 6
3 12
3 13
3 18
3 20
3 21
3 22
3 23
3 24
3 26
3 27
3 30
3 31
3 32
3 33
3 34
3 36
3 42
3 43
3 44
3 46
3 48
3 49
3 51
3 52
3 53
3 56
3 58
3 59
3 61
3 63
3 67
3 69
3 70
3 71
3 73
3 74
3 75
3 78
3 80
3 82
3 83
3 88
3 90
3 92
3 97
3 102
3 104
3 105
3 107
3 108
3 114
3 115
3 118
3 119
3 120
3 122
3 126
3 127
4 0
4 1
4 3
4 6
4 12
4 13
4 18
4 20
4 21
4 22
4 23
4 24
4 26
4 27
4 30
4 31
4 32
4 33
4 34
4 36
4 42
4 43
4 44
4 46
4 48
4 49
4 51
4 52
4 53
4 56
4 58
4 59
4 61
4 63
4 67
4 69
4 70
4 71
4 73
4 74
4 75
4 78
4 80
4 82
4 83
4 88
4 90
4 92
4 97
4 102
4 104
4 105
4 107
4 108
4 114
4 115
4 118
4 119
4 120
4 122
4 126
4 127
6 0
6 1
6 3
6 4
6 12
6 13
6 18
6 20
6 21
6 22
6 23
6 24
6 26
6 27
6 30
6 31
6 32
6 33
6 34
6 36
6 42
6 43
6 44
6 46
6 48
6 49
6 51
6 52
6 53
6 56
6 58
6 59
6 61
6 63
6 67
6 69
6 70
6 71
6 73
6 74
6 75
6 78
6 80
6 82
6 83
6 88
6 90
6 92
6 97
6 102
6 104
6 105
6 107
6 108
6 114
6 115
6 118
6 119
6 120
6 122
6 126
6 127
7 94
7 106
7 113
11 39
11 79
11 103
11 113
12 0
12 1
12 3
12 4
12 6
12 13
12 18
12 20
12 21
12 22
12 23
12 24
12 26
12 27
12 30
12 31
12 32
12 33
12 34
12 36
12 42
12 43
12 44
12 46
12 48
12 49
12 51
12 52
12 53
12 56
12 58
12 59
12 61
12 63
12 67
12 69
12 70
12 71
12 73
12 74
12 75
12 78
12 80
12 82
12 83
12 88
12 90
12 92
12 97
12 102
12 104
12 105
12 107
12 108
12 114
12 115
12 118
12 119
12 120
12 122
12 126
12 127
13 0
13 1
13 3
13 4
13 6
13 12
13 18
13 20
13 21
13 22
13 23
13 24
13 26
13 27
13 30
13 31
13 32
13 33
13 34
13 36
13 42
13 43
13 44
13 46
13 48
13 49
13 51
13 52
13 53
13 56
13 58
13 59
13 61
13 63
13 67
13 69
13 70
13 71
13 73
13 74
13 75
13 78
13 80
13 82
13 83
13 88
13 90
13 92
13 97
13 102
13 104
13 105
13 107
13 108
13 114
13 115
13 118
13 119
13 120
13 122
13 126
13 127
14 35
18 0
18 1
18 3
18 4
18 6
18 12
18 13
18 20
18 21
18 22
18 23
18 24
18 26
18 27
18 30
18 31
18 32
18 33
18 34
18 36
18 42
18 43
18 44
18 46
18 48
18 49
18 51
18 52
18 53
18 56
18 58
18 59
18 61
18 63
18 67
18 69
18 70
18 71
18 73
18 74
18 75
18 78
18 80
18 82
18 83
18 88
18 90
18 92
18 97
18 102
18 104
18 105
18 107
18 108
18 114
18 115
18 118
18 119
18 120
18 122
18 126
18 127
20 0
20 1
20 3
20 4
20 6
20 12
20 13
20 18
20 21
20 22
20 23
20 24
20 26
20 27
20 30
20 31
20 32
20 33
20 34
20 36
20 42
20 43
20 44
20 46
20 48
20 49
20 51
20 52
20 53
20 56
20 58
20 59
20 61
20 63
20 67
20 69
20 70
20 71
20 73
20 74
20 75
20 78
20 80
20 82
20 83
20 88
20 90
20 92
20 97
20 102
20 104
20 105
20 107
20 108
20 114
20 115
20 118
20 119
20 120
20 122
20 126
20 127
21 0
21 1
21 3
21 4
21 6
21 12
21 13
21 18
21 20
21 22
21 23
21 24
21 26
21 27
21 30
21 31
21 32
21 33
21 34
21 36
21 42
21 43
21 44
21 46
21 48
21 49
21 51
21 52
21 53
21 56
21 58
21 59
21 61
21 63
21 67
21 69
21 70
21 71
21 73
21 74
21 75
21 78
21 80
21 82
21 83
21 88
21 90
21 92
21 97
21 102
21 104
21 105
21 107
21 108
21 114
21 115
21 118
21 119
21 120
21 122
21 126
21 127
22 0
22 1
22 3
22 4
22 6
22 12
22 13
22 18
22 20
22 21
22 23
22 24
22 26
22 27
22 30
22 31
22 32
22 33
22 34
22 36
22 42
22 43
22 44
22 46
22 48
22 49
22 51
22 52
22 53
22 56
22 58
22 59
22 61
22 63
22 67
22 69
22 70
22 71
22 73
22 74
22 75
22 78
22 80
22 82
22 83
22 88
22 90
22 92
22 97
22 102
22 104
22 105
22 107
22 108
22 114
22 115
22 118
22 119
22 120
22 122
22 126
22 127
23 0
23 1
23 3
23 4
23 6
23 12
23 13
23 18
23 20
23 21
23 22
23 24
23 26
23 27
23 30
23 31
23 32
23 33
23 34
23 36
23 42
23 43
23 44
23 46
23 48
23 49
23 51
23 52
23 53
23 56
23 58
23 59
23 61
23 63
23 67
23 69
23 70
23 71
23 73
23 74
23 75
23 78
23 80
23 82
23 83
23 88
23 90
23 92
23 97
23 102
23 104
23 105
23 107
23 108
23 114
23 115
23 118
23 119
23 120
23 122
23 126
23 127
24 0
24 1
24 3
24 4
24 6
24 12
24 13
24 18
24 20
24 21
24 22
24 23
24 26
24 27
24 30
24 31
24 32
24 33
24 34
24 36
24 42
24 43
24 44
24 46
24 48
24 49
24 51
24 52
24 53
24 56
24 58
24 59
24 61
24 63
24 67
24 69
24 70
24 71
24 73
24 74
24 75
24 78
24 80
24 82
24 83
24 88
24 90
24 92
24 97
24 102
24 104
24 105
24 107
24 108
24 114
24 115
24 118
24 119
24 120
24 122
24 126
24 127
25 41
25 45
25 84
26 0
26 1
26 3
26 4
26 6
26 12
26 13
26 18
26 20
26 21
26 22
26 23
26 24
26 27
26 30
26 31
26 32
26 33
26 34
26 36
26 42
26 43
26 44
26 46
26 48
26 49
26 51
26 52
26 53
26 56
26 58
26 59
26 61
26 63
26 67
26 69
26 70
26 71
26 73
26 74
26 75
26 78
26 80
26 82
26 83
26 88
26 90
26 92
26 97
26 102
26 104
26 105
26 107
26 108
26 114
26 115
26 118
26 119
26 120
26 122
26 126
26 127
27 0
27 1
27 3
27 4
27 6
27 12
27 13
27 18
27 20
27 21
27 22
27 23
27 24
27 26
27 30
27 31
27 32
27 33
27 34
27 36
27 42
27 43
27 44
27 46
27 48
27 49
27 51
27 52
27 53
27 56
27 58
27 59
27 61
27 63
27 67
27 69
27 70
27 71
27 73
27 74
27 75
27 78
27 80
27 82
27 83
27 88
27 90
27 92
27 97
27 102
27 104
27 105
27 107
27 108
27 114
27 115
27 118
27 119
27 120
27 122
27 126
27 127
28 50
28 121
30 0
30 1
30 3
30 4
30 6
30 12
30 13
30 18
30 20
30 21
30 22
30 23
30 24
30 26
30 27
30 31
30 32
30 33
30 34
30 36
30 42
30 43
30 44
30 46
30 48
30 49
30 51
30 52
30 53
30 56
30 58
30 59
30 61
30 63
30 67
30 69
30 70
30 71
30 73
30 74
30 75
30 78
30 80
30 82
30 83
30 88
30 90
30 92
30 97
30 102
30 104
30 105
30 107
30 108
30 114
30 115
30 118
30 119
30 120
30 122
30 126
30 127
31 0
31 1
31 3
31 4
31 6
31 12
31 13
31 18
31 20
31 21
31 22
31 23
31 24
31 26
31 27
31 30
31 32
31 33
31 34
31 36
31 42
31 43
31 44
31 46
31 48
31 49
31 51
31 52
31 53
31 56
31 58
31 59
31 61
31 63
31 67
31 69
31 70
31 71
31 73
31 74
31 75
31 78
31 80
31 82
31 83
31 88
31 90
31 92
31 97
31 102
31 104
31 105
31 107
31 108
31 114
31 115
31 118
31 119
31 120
31 122
31 126
31 127
32 0
32 1
32 3
32 4
32 6
32 12
32 13
32 18
32 20
32 21
32 22
32 23
32 24
32 26
32 27
32 30
32 31
32 33
32 34
32 36
32 42
32 43
32 44
32 46
32 48
32 49
32 51
32 52
32 53
32 56
32 58
32 59
32 61
32 63
32 67
32 69
32 70
32 71
32 73
32 74
32 75
32 78
32 80
32 82
32 83
32 88
32 90
32 92
32 97
32 102
32 104
32 105
32 107
32 108
32 114
32 115
32 118
32 119
32 120
32 122
32 126
32 127
33 0
33 1
33 3
33 4
33 6
33 12
33 13
33 18
33 20
33 21
33 22
33 23
33 24
33 26
33 27
33 30
33 31
33 32
33 34
33 36
33 42
33 43
33 44
33 46
33 48
33 49
33 51
33 52
33 53
33 56
33 58
33 59
33 61
33 63
33 67
33 69
33 70
33 71
33 73
33 74
33 75
33 78
33 80
33 82
33 83
33 88
33 90
33 92
33 97
33 102
33 104
33 105
33 107
33 108
33 114
33 115
33 118
33 119
33 120
33 122
33 126
33 127
34 0
34 1
34 3
34 4
34 6
34 12
34 13
34 18
34 20
34 21
34 22
34 23
34 24
34 26
34 27
34 30
34 31
34 32
34 33
34 36
34 42
34 43
34 44
34 46
34 48
34 49
34 51
34 52
34 53
34 56
34 58
34 59
34 61
34 63
34 67
34 69
34 70
34 71
34 73
34 74
34 75
34 78
34 80
34 82
34 83
34 88
34 90
34 92
34 97
34 102
34 104
34 105
34 107
34 108
34 114
34 115
34 118
34 119
34 120
34 122
34 126
34 127
35 14
36 0
36 1
36 3
36 4
36 6
36 12
36 13
36 18
36 20
36 21
36 22
36 23
36 24
36 26
36 27
36 30
36 31
36 32
36 33
36 34
36 42
36 43
36 44
36 46
36 48
36 49
36 51
36 52
36 53
36 56
36 58
36 59
36 61
36 63
36 67
36 69
36 70
36 71
36 73
36 74
36 75
36 78
36 80
36 82
36 83
36 88
36 90
36 92
36 97
36 102
36 104
36 105
36 107
36 108
36 114
36 115
36 118
36 119
36 120
36 122
36 126
36 127
38 62
39 11
39 79
39 103
40 64
41 25
41 45
41 84
42 0
42 1
42 3
42 4
42 6
42 12
42 13
42 18
42 20
42 21
42 22
42 23
42 24
42 26
42 27
42 30
42 31
42 32
42 33
42 34
42 36
42 43
42 44
42 46
42 48
42 49
42 51
42 52
42 53
42 56
42 58
42 59
42 61
42 63
42 67
42 69
42 70
42 71
42 73
42 74
42 75
42 78
42 80
42 82
42 83
42 88
42 90
42 92
42 97
42 102
42 104
42 105
42 107
42 108
42 114
42 115
42 118
42 119
42 120
42 122
42 126
42 127
43 0
43 1
43 3
43 4
43 6
43 12
43 13
43 18
43 20
43 21
43 22
43 23
43 24
43 26
43 27
43 30
43 31
43 32
43 33
43 34
43 36
43 42
43 44
43 46
43 48
43 49
43 51
43 52
43 53
43 56
43 58
43 59
43 61
43 63
43 67
43 69
43 70
43 71
43 73
43 74
43 75
43 78
43 80
43 82
43 83
43 88
43 90
43 92
43 97
43 102
43 104
43 105
43 107
43 108
43 114
43 115
43 118
43 119
43 120
43 122
43 126
43 127
44 0
44 1
44 3
44 4
44 6
44 12
44 13
44 18
44 20
44 21
44 22
44 23
44 24
44 26
44 27
44 30
44 31
44 32
44 33
44 34
44 36
44 42
44 43
44 46
44 48
44 49
44 51
44 52
44 53
44 56
44 58
44 59
44 61
44 63
44 67
44 69
44 70
44 71
44 73
44 74
44 75
44 78
44 80
44 82
44 83
44 88
44 90
44 92
44 97
44 102
44 104
44 105
44 107
44 108
44 114
44 115
44 118
44 119
44 120
44 122
44 126
44 127
45 25
45 41
45 84
46 0
46 1
46 3
46 4
46 6
46 12
46 13
46 18
46 20
46 21
46 22
46 23
46 24
46 26
46 27
46 30
46 31
46 32
46 33
46 34
46 36
46 42
46 43
46 44
46 48
46 49
46 51
46 52
46 53
46 56
46 58
46 59
46 61
46 63
46 67
46 69
46 70
46 71
46 73
46 74
46 75
46 78
46 80
46 82
46 83
46 88
46 90
46 92
46 97
46 102
46 104
46 105
46 107
46 108
46 114
46 115
46 118
46 119
46 120
46 122
46 126
46 127
48 0
48 1
48 3
48 4
48 6
48 12
48 13
48 18
48 20
48 21
48 22
48 23
48 24
48 26
48 27
48 30
48 31
48 32
48 33
48 34
48 36
48 42
48 43
48 44
48 46
48 49
48 51
48 52
48 53
48 56
48 58
48 59
48 61
48 63
48 67
48 69
48 70
48 71
48 73
48 74
48 75
48 78
48 80
48 82
48 83
48 88
48 90
48 92
48 97
48 102
48 104
48 105
48 107
48 108
48 114
48 115
48 118
48 119
48 120
48 122
48 126
48 127
49 0
49 1
49 3
49 4
49 6
49 12
49 13
49 18
49 20
49 21
49 22
49 23
49 24
49 26
49 27
49 30
49 31
49 32
49 33
49 34
49 36
49 42
49 43
49 44
49 46
49 48
49 51
49 52
49 53
49 56
49 58
49 59
49 61
49 63
49 67
49 69
49 70
49 71
49 73
49 74
49 75
49 78
49 80
49 82
49 83
49 88
49 90
49 92
49 97
49 102
49 104
49 105
49 107
49 108
49 114
49 115
49 118
49 119
49 120
49 122
49 126
49 127
50 28
50 121
51 0
51 1
51 3
51 4
51 6
51 12
51 13
51 18
51 20
51 21
51 22
51 23
51 24
51 26
51 27
51 30
51 31
51 32
51 33
51 34
51 36
51 42
51 43
51 44
51 46
51 48
51 49
51 52
51 53
51 56
51 58
51 59
51 61
51 63
51 67
51 69
51 70
51 71
51 73
51 74
51 75
51 78
51 80
51 82
51 83
51 88
51 90
51 92
51 97
51 102
51 104
51 105
51 107
51 108
51 114
51 115
51 118
51 119
51 120
51 122
51 126
51 127
52 0
52 1
52 3
52 4
52 6
52 12
52 13
52 18
52 20
52 21
52 22
52 23
52 24
52 26
52 27
52 30
52 31
52 32
52 33
52 34
52 36
52 42
52 43
52 44
52 46
52 48
52 49
52 51
52 53
52 56
52 58
52 59
52 61
52 63
52 67
52 69
52 70
52 71
52 73
52 74
52 75
52 78
52 80
52 82
52 83
52 88
52 90
52 92
52 97
52 102
52 104
52 105
52 107
52 108
52 114
52 115
52 118
52 119
52 120
52 122
52 126
52 127
53 0
53 1
53 3
53 4
53 6
53 12
53 13
53 18
53 20
53 21
53 22
53 23
53 24
53 26
53 27
53 30
53 31
53 32
53 33
53 34
53 36
53 42
53 43
53 44
53 46
53 48
53 49
53 51
53 52
53 56
53 58
53 59
53 61
53 63
53 67
53 69
53 70
53 71
53 73
53 74
53 75
53 78
53 80
53 82
53 83
53 88
53 90
53 92
53 97
53 102
53 104
53 105
53 107
53 108
53 114
53 115
53 118
53 119
53 120
53 122
53 126
53 127
54 124
56 0
56 1
56 3
56 4
56 6
56 12
56 13
56 18
56 20
56 21
56 22
56 23
56 24
56 26
56 27
56 30
56 31
56 32
56 33
56 34
56 36
56 42
56 43
56 44
56 46
56 48
56 49
56 51
56 52
56 53
56 58
56 59
56 61
56 63
56 67
56 69
56 70
56 71
56 73
56 74
56 75
56 78
56 80
56 82
56 83
56 88
56 90
56 92
56 97
56 102
56 104
56 105
56 107
56 108
56 114
56 115
56 118
56 119
56 120
56 122
56 126
56 127
58 0
58 1
58 3
58 4
58 6
58 12
58 13
58 18
58 20
58 21
58 22
58 23
58 24
58 26
58 27
58 30
58 31
58 32
58 33
58 34
58 36
58 42
58 43
58 44
58 46
58 48
58 49
58 51
58 52
58 53
58 56
58 59
58 61
58 63
58 67
58 69
58 70
58 71
58 73
58 74
58 75
58 78
58 80
58 82
58 83
58 88
58 90
58 92
58 97
58 102
58 104
58 105
58 107
58 108
58 114
58 115
58 118
58 119
58 120
58 122
58 126
58 127
59 0
59 1
59 3
59 4
59 6
59 12
59 13
59 18
59 20
59 21
59 22
59 23
59 24
59 26
59 27
59 30
59 31
59 32
59 33
59 34
59 36
59 42
59 43
59 44
59 46
59 48
59 49
59 51
59 52
59 53
59 56
59 58
59 61
59 63
59 67
59 69
59 70
59 71
59 73
59 74
59 75
59 78
59 80
59 82
59 83
59 88
59 90
59 92
59 97
59 102
59 104
59 105
59 107
59 108
59 114
59 115
59 118
59 119
59 120
59 122
59 126
59 127
61 0
61 1
61 3
61 4
61 6
61 12
61 13
61 18
61 20
61 21
61 22
61 23
61 24
61 26
61 27
61 30
61 31
61 32
61 33
61 34
61 36
61 42
61 43
61 44
61 46
61 48
61 49
61 51
61 52
61 53
61 56
61 58
61 59
61 63
61 67
61 69
61 70
61 71
61 73
61 74
61 75
61 78
61 80
61 82
61 83
61 88
61 90
61 92
61 97
61 102
61 104
61 105
61 107
61 108
61 114
61 115
61 118
61 119
61 120
61 122
61 126
61 127
62 38
63 0
63 1
63 3
63 4
63 6
63 12
63 13
63 18
63 20
63 21
63 22
63 23
63 24
63 26
63 27
63 30
63 31
63 32
63 33
63 34
63 36
63 42
63 43
63 44
63 46
63 48
63 49
63 51
63 52
63 53
63 56
63 58
63 59
63 61
63 67
63 69
63 70
63 71
63 73
63 74
63 75
63 78
63 80
63 82
63 83
63 88
63 90
63 92
63 97
63 102
63 104
63 105
63 107
63 108
63 114
63 115
63 118
63 119
63 120
63 122
63 126
63 127
64 40
66 72
67 0
67 1
67 3
67 4
67 6
67 12
67 13
67 18
67 20
67 21
67 22
67 23
67 24
67 26
67 27
67 30
67 31
67 32
67 33
67 34
67 36
67 42
67 43
67 44
67 46
67 48
67 49
67 51
67 52
67 53
67 56
67 58
67 59
67 61
67 63
67 69
67 70
67 71
67 73
67 74
67 75
67 78
67 80
67 82
67 83
67 88
67 90
67 92
67 97
67 102
67 104
67 105
67 107
67 108
67 114
67 115
67 118
67 119
67 120
67 122
67 126
67 127
69 0
69 1
69 3
69 4
69 6
69 12
69 13
69 18
69 20
69 21
69 22
69 23
69 24
69 26
69 27
69 30
69 31
69 32
69 33
69 34
69 36
69 42
69 43
69 44
69 46
69 48
69 49
69 51
69 52
69 53
69 56
69 58
69 59
69 61
69 63
69 67
69 70
69 71
69 73
69 74
69 75
69 78
69 80
69 82
69 83
69 88
69 90
69 92
69 97
69 102
69 104
69 105
69 107
69 108
69 114
69 115
69 118
69 119
69 120
69 122
69 126
69 127
70 0
70 1
70 3
70 4
70 6
70 12
70 13
70 18
70 20
70 21
70 22
70 23
70 24
70 26
70 27
70 30
70 31
70 32
70 33
70 34
70 36
70 42
70 43
70 44
70 46
70 48
70 49
70 51
70 52
70 53
70 56
70 58
70 59
70 61
70 63
70 67
70 69
70 71
70 73
70 74
70 75
70 78
70 80
70 82
70 83
70 88
70 90
70 92
70 97
70 102
70 104
70 105
70 107
70 108
70 114
70 115
70 118
70 119
70 120
70 122
70 126
70 127
71 0
71 1
71 3
71 4
71 6
71 12
71 13
71 18
71 20
71 21
71 22
71 23
71 24
71 26
71 27
71 30
71 31
71 32
71 33
71 34
71 36
71 42
71 43
71 44
71 46
71 48
71 49
71 51
71 52
71 53
71 56
71 58
71 59
71 61
71 63
71 67
71 69
71 70
71 73
71 74
71 75
71 78
71 80
71 82
71 83
71 88
71 90
71 92
71 97
71 102
71 104
71 105
71 107
71 108
71 114
71 115
71 118
71 119
71 120
71 122
71 126
71 127
72 66
73 0
73 1
73 3
73 4
73 6
73 12
73 13
73 18
73 20
73 21
73 22
73 23
73 24
73 26
73 27
73 30
73 31
73 32
73 33
73 34
73 36
73 42
73 43
73 44
73 46
73 48
73 49
73 51
73 52
73 53
73 56
73 58
73 59
73 61
73 63
73 67
73 69
73 70
73 71
73 74
73 75
73 78
73 80
73 82
73 83
73 88
73 90
73 92
73 97
73 102
73 104
73 105
73 107
73 108
73 114
73 115
73 118
73 119
73 120
73 122
73 126
73 127
74 0
74 1
74 3
74 4
74 6
74 12
74 13
74 18
74 20
74 21
74 22
74 23
74 24
74 26
74 27
74 30
74 31
74 32
74 33
74 34
74 36
74 42
74 43
74 44
74 46
74 48
74 49
74 51
74 52
74 53
74 56
74 58
74 59
74 61
74 63
74 67
74 69
74 70
74 71
74 73
74 75
74 78
74 80
74 82
74 83
74 88
74 90
74 92
74 97
74 102
74 104
74 105
74 107
74 108
74 114
74 115
74 118
74 119
74 120
74 122
74 126
74 127
75 0
75 1
75 3
75 4
75 6
75 12
75 13
75 18
75 20
75 21
75 22
75 23
75 24
75 26
75 27
75 30
75 31
75 32
75 33
75 34
75 36
75 42
75 43
75 44
75 46
75 48
75 49
75 51
75 52
75 53
75 56
75 58
75 59
75 61
75 63
75 67
75 69
75 70
75 71
75 73
75 74
75 78
75 80
75 82
75 83
75 88
75 90
75 92
75 97
75 102
75 104
75 105
75 107
75 108
75 114
75 115
75 118
75 119
75 120
75 122
75 126
75 127
78 0
78 1
78 3
78 4
78 6
78 12
78 13
78 18
78 20
78 21
78 22
78 23
78 24
78 26
78 27
78 30
78 31
78 32
78 33
78 34
78 36
78 42
78 43
78 44
78 46
78 48
78 49
78 51
78 52
78 53
78 56
78 58
78 59
78 61
78 63
78 67
78 69
78 70
78 71
78 73
78 74
78 75
78 80
78 82
78 83
78 88
78 90
78 92
78 97
78 102
78 104
78 105
78 107
78 108
78 114
78 115
78 118
78 119
78 120
78 122
78 126
78 127
79 11
79 39
79 103
80 0
80 1
80 3
80 4
80 6
80 12
80 13
80 18
80 20
80 21
80 22
80 23
80 24
80 26
80 27
80 30
80 31
80 32
80 33
80 34
80 36
80 42
80 43
80 44
80 46
80 48
80 49
80 51
80 52
80 53
80 56
80 58
80 59
80 61
80 63
80 67
80 69
80 70
80 71
80 73
80 74
80 75
80 78
80 82
80 83
80 88
80 90
80 92
80 97
80 102
80 104
80 105
80 107
80 108
80 114
80 115
80 118
80 119
80 120
80 122
80 126
80 127
81 101
82 0
82 1
82 3
82 4
82 6
82 12
82 13
82 18
82 20
82 21
82 22
82 23
82 24
82 26
82 27
82 30
82 31
82 32
82 33
82 34
82 36
82 42
82 43
82 44
82 46
82 48
82 49
82 51
82 52
82 53
82 56
82 58
82 59
82 61
82 63
82 67
82 69
82 70
82 71
82 73
82 74
82 75
82 78
82 80
82 83
82 88
82 90
82 92
82 97
82 102
82 104
82 105
82 107
82 108
82 114
82 115
82 118
82 119
82 120
82 122
82 126
82 127
83 0
83 1
83 3
83 4
83 6
83 12
83 13
83 18
83 20
83 21
83 22
83 23
83 24
83 26
83 27
83 30
83 31
83 32
83 33
83 34
83 36
83 42
83 43
83 44
83 46
83 48
83 49
83 51
83 52
83 53
83 56
83 58
83 59
83 61
83 63
83 67
83 69
83 70
83 71
83 73
83 74
83 75
83 78
83 80
83 82
83 88
83 90
83 92
83 97
83 102
83 104
83 105
83 107
83 108
83 114
83 115
83 118
83 119
83 120
83 122
83 126
83 127
84 25
84 41
84 45
88 0
88 1
88 3
88 4
88 6
88 12
88 13
88 18
88 20
88 21
88 22
88 23
88 24
88 26
88 27
88 30
88 31
88 32
88 33
88 34
88 36
88 42
88 43
88 44
88 46
88 48
88 49
88 51
88 52
88 53
88 56
88 58
88 59
88 61
88 63
88 67
88 69
88 70
88 71
88 73
88 74
88 75
88 78
88 80
88 82
88 83
88 90
88 92
88 97
88 102
88 104
88 105
88 107
88 108
88 114
88 115
88 118
88 119
88 120
88 122
88 126
88 127
89 99
90 0
90 1
90 3
90 4
90 6
90 12
90 13
90 18
90 20
90 21
90 22
90 23
90 24
90 26
90 27
90 30
90 31
90 32
90 33
90 34
90 36
90 42
90 43
90 44
90 46
90 48
90 49
90 51
90 52
90 53
90 56
90 58
90 59
90 61
90 63
90 67
90 69
90 70
90 71
90 73
90 74
90 75
90 78
90 80
90 82
90 83
90 88
90 92
90 97
90 102
90 104
90 105
90 107
90 108
90 114
90 115
90 118
90 119
90 120
90 122
90 126
90 127
92 0
92 1
92 3
92 4
92 6
92 12
92 13
92 18
92 20
92 21
92 22
92 23
92 24
92 26
92 27
92 30
92 31
92 32
92 33
92 34
92 36
92 42
92 43
92 44
92 46
92 48
92 49
92 51
92 52
92 53
92 56
92 58
92 59
92 61
92 63
92 67
92 69
92 70
92 71
92 73
92 74
92 75
92 78
92 80
92 82
92 83
92 88
92 90
92 97
92 102
92 104
92 105
92 107
92 108
92 114
92 115
92 118
92 119
92 120
92 122
92 126
92 127
94 7
94 106
94 113
97 0
97 1
97 3
97 4
97 6
97 12
97 13
97 18
97 20
97 21
97 22
97 23
97 24
97 26
97 27
97 30
97 31
97 32
97 33
97 34
97 36
97 42
97 43
97 44
97 46
97 48
97 49
97 51
97 52
97 53
97 56
97 58
97 59
97 61
97 63
97 67
97 69
97 70
97 71
97 73
97 74
97 75
97 78
97 80
97 82
97 83
97 88
97 90
97 92
97 102
97 104
97 105
97 107
97 108
97 114
97 115
97 118
97 119
97 120
97 122
97 126
97 127
99 89
101 81
102 0
102 1
102 3
102 4
102 6
102 12
102 13
102 18
102 20
102 21
102 22
102 23
102 24
102 26
102 27
102 30
102 31
102 32
102 33
102 34
102 36
102 42
102 43
102 44
102 46
102 48
102 49
102 51
102 52
102 53
102 56
102 58
102 59
102 61
102 63
102 67
102 69
102 70
102 71
102 73
102 74
102 75
102 78
102 80
102 82
102 83
102 88
102 90
102 92
102 97
102 104
102 105
102 107
102 108
102 114
102 115
102 118
102 119
102 120
102 122
102 126
102 127
103 11
103 39
103 79
104 0
104 1
104 3
104 4
104 6
104 12
104 13
104 18
104 20
104 21
104 22
104 23
104 24
104 26
104 27
104 30
104 31
104 32
104 33
104 34
104 36
104 42
104 43
104 44
104 46
104 48
104 49
104 51
104 52
104 53
104 56
104 58
104 59
104 61
104 63
104 67
104 69
104 70
104 71
104 73
104 74
104 75
104 78
104 80
104 82
104 83
104 88
104 90
104 92
104 97
104 102
104 105
104 107
104 108
104 114
104 115
104 118
104 119
104 120
104 122
104 126
104 127
105 0
105 1
105 3
105 4
105 6
105 12
105 13
105 18
105 20
105 21
105 22
105 23
105 24
105 26
105 27
105 30
105 31
105 32
105 33
105 34
105 36
105 42
105 43
105 44
105 46
105 48
105 49
105 51
105 52
105 53
105 56
105 58
105 59
105 61
105 63
105 67
105 69
105 70
105 71
105 73
105 74
105 75
105 78
105 80
105 82
105 83
105 88
105 90
105 92
105 97
105 102
105 104
105 107
105 108
105 114
105 115
105 118
105 119
105 120
105 122
105 126
105 127
106 7
106 94
106 113
107 0
107 1
107 3
107 4
107 6
107 12
107 13
107 18
107 20
107 21
107 22
107 23
107 24
107 26
107 27
107 30
107 31
107 32
107 33
107 34
107 36
107 42
107 43
107 44
107 46
107 48
107 49
107 51
107 52
107 53
107 56
107 58
107 59
107 61
107 63
107 67
107 69
107 70
107 71
107 73
107 74
107 75
107 78
107 80
107 82
107 83
107 88
107 90
107 92
107 97
107 102
107 104
107 105
107 108
107 114
107 115
107 118
107 119
107 120
107 122
107 126
107 127
108 0
108 1
108 3
108 4
108 6
108 12
108 13
108 18
108 20
108 21
108 22
108 23
108 24
108 26
108 27
108 30
108 31
108 32
108 33
108 34
108 36
108 42
108 43
108 44
108 46
108 48
108 49
108 51
108 52
108 53
108 56
108 58
108 59
108 61
108 63
108 67
108 69
108 70
108 71
108 73
108 74
108 75
108 78
108 80
108 82
108 83
108 88
108 90
108 92
108 97
108 102
108 104
108 105
108 107
108 114
108 115
108 118
108 119
108 120
108 122
108 126
108 127
111 2
113 7
113 94
113 106
114 0
114 1
114 3
114 4
114 6
114 12
114 13
114 18
114 20
114 21
114 22
114 23
114 24
114 26
114 27
114 30
114 31
114 32
114 33
114 34
114 36
114 42
114 43
114 44
114 46
114 48
114 49
114 51
114 52
114 53
114 56
114 58
114 59
114 61
114 63
114 67
114 69
114 70
114 71
114 73
114 74
114 75
114 78
114 80
114 82
114 83
114 88
114 90
114 92
114 97
114 102
114 104
114 105
114 107
114 108
114 115
114 118
114 119
114 120
114 122
114 126
114 127
115 0
115 1
115 3
115 4
115 6
115 12
115 13
115 18
115 20
115 21
115 22
115 23
115 24
115 26
115 27
115 30
115 31
115 32
115 33
115 34
115 36
115 42
115 43
115 44
115 46
115 48
115 49
115 51
115 52
115 53
115 56
115 58
115 59
115 61
115 63
115 67
115 69
115 70
115 71
115 73
115 74
115 75
115 78
115 80
115 82
115 83
115 88
115 90
115 92
115 97
115 102
115 104
115 105
115 107
115 108
115 114
115 118
115 119
115 120
115 122
115 126
115 127
118 0
118 1
118 3
118 4
118 6
118 12
118 13
118 18
118 20
118 21
118 22
118 23
118 24
118 26
118 27
118 30
118 31
118 32
118 33
118 34
118 36
118 42
118 43
118 44
118 46
118 48
118 49
118 51
118 52
118 53
118 56
118 58
118 59
118 61
118 63
118 67
118 69
118 70
118 71
118 73
118 74
118 75
118 78
118 80
118 82
118 83
118 88
118 90
118 92
118 97
118 102
118 104
118 105
118 107
118 108
118 114
118 115
118 119
118 120
118 122
118 126
118 127
119 0
119 1
119 3
119 4
119 6
119 12
119 13
119 18
119 20
119 21
119 22
119 23
119 24
119 26
119 27
119 30
119 31
119 32
119 33
119 34
119 36
119 42
119 43
119 44
119 46
119 48
119 49
119 51
119 52
119 53
119 56
119 58
119 59
119 61
119 63
119 67
119 69
119 70
119 71
119 73
119 74
119 75
119 78
119 80
119 82
119 83
119 88
119 90
119 92
119 97
119 102
119 104
119 105
119 107
119 108
119 114
119 115
119 118
119 120
119 122
119 126
119 127
120 0
120 1
120 3
120 4
120 6
120 12
120 13
120 18
120 20
120 21
120 22
120 23
120 24
120 26
120 27
120 30
120 31
120 32
120 33
120 34
120 36
120 42
120 43
120 44
120 46
120 48
120 49
120 51
120 52
120 53
120 56
120 58
120 59
120 61
120 63
120 67
120 69
120 70
120 71
120 73
120 74
120 75
120 78
120 80
120 82
120 83
120 88
120 90
120 92
120 97
120 102
120 104
120 105
120 107
120 108
120 114
120 115
120 118
120 119
120 122
120 126
120 127
121 28
121 50
122 0
122 1
122 3
122 4
122 6
122 12
122 13
122 18
122 20
122 21
122 22
122 23
122 24
122 26
122 27
122 30
122 31
122 32
122 33
122 34
122 36
122 42
122 43
122 44
122 46
122 48
122 49
122 51
122 52
122 53
122 56
122 58
122 59
122 61
122 63
122 67
122 69
122 70
122 71
122 73
122 74
122 75
122 78
122 80
122 82
122 83
122 88
122 90
122 92
122 97
122 102
122 104
122 105
122 107
122 108
122 114
122 115
122 118
122 119
122 120
122 126
122 127
124 54
126 0
126 1
126 3
126 4
126 6
126 12
126 13
126 18
126 20
126 21
126 22
126 23
126 24
126 26
126 27
126 30
126 31
126 32
126 33
126 34
126 36
126 42
126 43
126 44
126 46
126 48
126 49
126 51
126 52
126 53
126 56
126 58
126 59
126 61
126 63
126 67
126 69
126 70
126 71
126 73
126 74
126 75
126 78
126 80
126 82
126 83
126 88
126 90
126 92
126 97
126 102
126 104
126 105
126 107
126 108
126 114
126 115
126 118
126 119
126 120
126 122
126 127
127 0
127 1
127 3
127 4
127 6
127 12
127 13
127 18
127 20
127 21
127 22
127 23
127 24
127 26
127 27
127 30
127 31
127 32
127 33
127 34
127 36
127 42
127 43
127 44
127 46
127 48
127 49
127 51
127 52
127 53
127 56
127 58
127 59
127 61
127 63
127 67
127 69
127 70
127 71
127 73
127 74
127 75
127 78
127 80
127 82
127 83
127 88
127 90
127 92
127 97
127 102
127 104
127 105
127 107
127 108
127 114
127 115
127 118
127 119
127 120
127 122
127 126
