64 1729
0 2
0 4
0 8
0 9
0 10
0 11
0 12
0 13
0 14
0 15
0 17
0 18
0 20
0 21
0 22
0 23
0 25
0 26
0 27
0 30
0 31
0 33
0 35
0 36
0 39
0 40
0 41
0 42
0 43
0 44
0 45
0 46
0 48
0 49
0 50
0 54
0 57
0 58
0 59
0 60
0 63
2 0
2 4
2 8
2 9
2 10
2 11
2 12
2 13
2 14
2 15
2 17
2 18
2 20
2 21
2 22
2 23
2 25
2 26
2 27
2 30
2 31
2 33
2 35
2 36
2 39
2 40
2 41
2 42
2 43
2 44
2 45
2 46
2 48
2 49
2 50
2 54
2 57
2 58
2 59
2 60
2 63
4 0
4 2
4 8
4 9
4 10
4 11
4 12
4 13
4 14
4 15
4 17
4 18
4 20
4 21
4 22
4 23
4 25
4 26
4 27
4 30
4 31
4 33
4 35
4 36
4 39
4 40
4 41
4 42
4 43
4 44
4 45
4 46
4 48
4 49
4 50
4 54
4 57
4 58
4 59
4 60
4 63
8 0
8 2
8 4
8 9
8 10
8 11
8 12
8 13
8 14
8 15
8 17
8 18
8 20
8 21
8 22
8 23
8 25
8 26
8 27
8 30
8 31
8 33
8 35
8 36
8 39
8 40
8 41
8 42
8 43
8 44
8 45
8 46
8 48
8 49
8 50
8 54
8 57
8 58
8 59
8 60
8 63
9 0
9 2
9 4
9 8
9 10
9 11
9 12
9 13
9 14
9 15
9 17
9 18
9 20
9 21
9 22
9 23
9 25
9 26
9 27
9 30
9 31
9 33
9 35
9 36
9 39
9 40
9 41
9 42
9 43
9 44
9 45
9 46
9 48
9 49
9 50
9 54
9 57
9 58
9 59
9 60
9 63
10 0
10 2
10 4
10 8
10 9
10 11
10 12
10 13
10 14
10 15
10 17
10 18
10 20
10 21
10 22
10 23
10 25
10 26
10 27
10 30
10 31
10 33
10 35
10 36
10 39
10 40
10 41
10 42
10 43
10 44
10 45
10 46
10 48
10 49
10 50
10 54
10 57
10 58
10 59
10 60
10 63
11 0
11 2
11 4
11 8
11 9
11 10
11 12
11 13
11 14
11 15
11 17
11 18
11 20
11 21
11 22
11 23
11 25
11 26
11 27
11 30
11 31
11 33
11 35
11 36
11 39
11 40
11 41
11 42
11 43
11 44
11 45
11 46
11 48
11 49
11 50
11 54
11 57
11 58
11 59
11 60
11 63
12 0
12 2
12 4
12 8
12 9
12 10
12 11
12 13
12 14
12 15
12 17
12 18
12 20
12 21
12 22
12 23
12 25
12 26
12 27
12 30
12 31
12 33
12 35
12 36
12 39
12 40
12 41
12 42
12 43
12 44
12 45
12 46
12 48
12 49
12 50
12 54
12 57
12 58
12 59
12 60
12 63
13 0
13 2
13 4
13 8
13 9
13 10
13 11
13 12
13 14
13 15
13 17
13 18
13 20
13 21
13 22
13 23
13 25
13 26
13 27
13 30
13 31
13 33
13 35
13 36
13 39
13 40
13 41
13 42
13 43
13 44
13 45
13 46
13 48
13 49
13 50
13 54
13 57
13 58
13 59
13 60
13 63
14 0
14 2
14 4
14 8
14 9
14 10
14 11
14 12
14 13
14 15
14 17
14 18
14 20
14 21
14 22
14 23
14 25
14 26
14 27
14 30
14 31
14 33
14 35
14 36
14 39
14 40
14 41
14 42
14 43
14 44
14 45
14 46
14 48
14 49
14 50
14 54
14 57
14 58
14 59
14 60
14 63
15 0
15 2
15 4
15 8
15 9
15 10
15 11
15 12
15 13
15 14
15 17
15 18
15 20
15 21
15 22
15 23
15 25
15 26
15 27
15 30
15 31
15 33
15 35
15 36
15 39
15 40
15 41
15 42
15 43
15 44
15 45
15 46
15 48
15 49
15 50
15 54
15 57
15 58
15 59
15 60
15 63
16 19
16 55
17 0
17 2
17 4
17 8
17 9
17 10
17 11
17 12
17 13
17 14
17 15
17 18
17 20
17 21
17 22
17 23
17 25
17 26
17 27
17 30
17 31
17 33
17 35
17 36
17 39
17 40
17 41
17 42
17 43
17 44
17 45
17 46
17 48
17 49
17 50
17 54
17 57
17 58
17 59
17 60
17 63
18 0
18 2
18 4
18 8
18 9
18 10
18 11
18 12
18 13
18 14
18 15
18 17
18 20
18 21
18 22
18 23
18 25
18 26
18 27
18 30
18 31
18 33
18 35
18 36
18 39
18 40
18 41
18 42
18 43
18 44
18 45
18 46
18 48
18 49
18 50
18 54
18 57
18 58
18 59
18 60
18 63
19 16
20 0
20 2
20 4
20 8
20 9
20 10
20 11
20 12
20 13
20 14
20 15
20 17
20 18
20 21
20 22
20 23
20 25
20 26
20 27
20 30
20 31
20 33
20 35
20 36
20 39
20 40
20 41
20 42
20 43
20 44
20 45
20 46
20 48
20 49
20 50
20 54
20 57
20 58
20 59
20 60
20 63
21 0
21 2
21 4
21 8
21 9
21 10
21 11
21 12
21 13
21 14
21 15
21 17
21 18
21 20
21 22
21 23
21 25
21 26
21 27
21 30
21 31
21 33
21 35
21 36
21 39
21 40
21 41
21 42
21 43
21 44
21 45
21 46
21 48
21 49
21 50
21 54
21 57
21 58
21 59
21 60
21 63
22 0
22 2
22 4
22 8
22 9
22 10
22 11
22 12
22 13
22 14
22 15
22 17
22 18
22 20
22 21
22 23
22 25
22 26
22 27
22 30
22 31
22 33
22 35
22 36
22 39
22 40
22 41
22 42
22 43
22 44
22 45
22 46
22 48
22 49
22 50
22 54
22 57
22 58
22 59
22 60
22 63
23 0
23 2
23 4
23 8
23 9
23 10
23 11
23 12
23 13
23 14
23 15
23 17
23 18
23 20
23 21
23 22
23 25
23 26
23 27
23 30
23 31
23 33
23 35
23 36
23 39
23 40
23 41
23 42
23 43
23 44
23 45
23 46
23 48
23 49
23 50
23 54
23 57
23 58
23 59
23 60
23 63
25 0
25 2
25 4
25 8
25 9
25 10
25 11
25 12
25 13
25 14
25 15
25 17
25 18
25 20
25 21
25 22
25 23
25 26
25 27
25 30
25 31
25 33
25 35
25 36
25 39
25 40
25 41
25 42
25 43
25 44
25 45
25 46
25 48
25 49
25 50
25 54
25 57
25 58
25 59
25 60
25 63
26 0
26 2
26 4
26 8
26 9
26 10
26 11
26 12
26 13
26 14
26 15
26 17
26 18
26 20
26 21
26 22
26 23
26 25
26 27
26 30
26 31
26 33
26 35
26 36
26 39
26 40
26 41
26 42
26 43
26 44
26 45
26 46
26 48
26 49
26 50
26 54
26 57
26 58
26 59
26 60
26 63
27 0
27 2
27 4
27 8
27 9
27 10
27 11
27 12
27 13
27 14
27 15
27 17
27 18
27 20
27 21
27 22
27 23
27 25
27 26
27 30
27 31
27 33
27 35
27 36
27 39
27 40
27 41
27 42
27 43
27 44
27 45
27 46
27 48
27 49
27 50
27 54
27 57
27 58
27 59
27 60
27 63
30 0
30 2
30 4
30 8
30 9
30 10
30 11
30 12
30 13
30 14
30 15
30 17
30 18
30 20
30 21
30 22
30 23
30 25
30 26
30 27
30 31
30 33
30 35
30 36
30 39
30 40
30 41
30 42
30 43
30 44
30 45
30 46
30 48
30 49
30 50
30 54
30 57
30 58
30 59
30 60
30 63
31 0
31 2
31 4
31 8
31 9
31 10
31 11
31 12
31 13
31 14
31 15
31 17
31 18
31 20
31 21
31 22
31 23
31 25
31 26
31 27
31 30
31 33
31 35
31 36
31 39
31 40
31 41
31 42
31 43
31 44
31 45
31 46
31 48
31 49
31 50
31 54
31 57
31 58
31 59
31 60
31 63
33 0
33 2
33 4
33 8
33 9
33 10
33 11
33 12
33 13
33 14
33 15
33 17
33 18
33 20
33 21
33 22
33 23
33 25
33 26
33 27
33 30
33 31
33 35
33 36
33 39
33 40
33 41
33 42
33 43
33 44
33 45
33 46
33 48
33 49
33 50
33 54
33 57
33 58
33 59
33 60
33 63
35 0
35 2
35 4
35 8
35 9
35 10
35 11
35 12
35 13
35 14
35 15
35 17
35 18
35 20
35 21
35 22
35 23
35 25
35 26
35 27
35 30
35 31
35 33
35 36
35 39
35 40
35 41
35 42
35 43
35 44
35 45
35 46
35 48
35 49
35 50
35 54
35 57
35 58
35 59
35 60
35 63
36 0
36 2
36 4
36 8
36 9
36 10
36 11
36 12
36 13
36 14
36 15
36 17
36 18
36 20
36 21
36 22
36 23
36 25
36 26
36 27
36 30
36 31
36 33
36 35
36 39
36 40
36 41
36 42
36 43
36 44
36 45
36 46
36 48
36 49
36 50
36 54
36 57
36 58
36 59
36 60
36 63
38 62
39 0
39 2
39 4
39 8
39 9
39 10
39 11
39 12
39 13
39 14
39 15
39 17
39 18
39 20
39 21
39 22
39 23
39 25
39 26
39 27
39 30
39 31
39 33
39 35
39 36
39 40
39 41
39 42
39 43
39 44
39 45
39 46
39 48
39 49
39 50
39 54
39 57
39 58
39 59
39 60
39 63
40 0
40 2
40 4
40 8
40 9
40 10
40 11
40 12
40 13
40 14
40 15
40 17
40 18
40 20
40 21
40 22
40 23
40 25
40 26
40 27
40 30
40 31
40 33
40 35
40 36
40 39
40 41
40 42
40 43
40 44
40 45
40 46
40 48
40 49
40 50
40 54
40 57
40 58
40 59
40 60
40 63
41 0
41 2
41 4
41 8
41 9
41 10
41 11
41 12
41 13
41 14
41 15
41 17
41 18
41 20
41 21
41 22
41 23
41 25
41 26
41 27
41 30
41 31
41 33
41 35
41 36
41 39
41 40
41 42
41 43
41 44
41 45
41 46
41 48
41 49
41 50
41 54
41 57
41 58
41 59
41 60
41 63
42 0
42 2
42 4
42 8
42 9
42 10
42 11
42 12
42 13
42 14
42 15
42 17
42 18
42 20
42 21
42 22
42 23
42 25
42 26
42 27
42 30
42 31
42 33
42 35
42 36
42 39
42 40
42 41
42 43
42 44
42 45
42 46
42 48
42 49
42 50
42 54
42 57
42 58
42 59
42 60
42 63
43 0
43 2
43 4
43 8
43 9
43 10
43 11
43 12
43 13
43 14
43 15
43 17
43 18
43 20
43 21
43 22
43 23
43 25
43 26
43 27
43 30
43 31
43 33
43 35
43 36
43 39
43 40
43 41
43 42
43 44
43 45
43 46
43 48
43 49
43 50
43 54
43 57
43 58
43 59
43 60
43 63
44 0
44 2
44 4
44 8
44 9
44 10
44 11
44 12
44 13
44 14
44 15
44 17
44 18
44 20
44 21
44 22
44 23
44 25
44 26
44 27
44 30
44 31
44 33
44 35
44 36
44 39
44 40
44 41
44 42
44 43
44 45
44 46
44 48
44 49
44 50
44 54
44 57
44 58
44 59
44 60
44 63
45 0
45 2
45 4
45 8
45 9
45 10
45 11
45 12
45 13
45 14
45 15
45 17
45 18
45 20
45 21
45 22
45 23
45 25
45 26
45 27
45 30
45 31
45 33
45 35
45 36
45 39
45 40
45 41
45 42
45 43
45 44
45 46
45 48
45 49
45 50
45 54
45 57
45 58
45 59
45 60
45 63
46 0
46 2
46 4
46 8
46 9
46 10
46 11
46 12
46 13
46 14
46 15
46 17
46 18
46 20
46 21
46 22
46 23
46 25
46 26
46 27
46 30
46 31
46 33
46 35
46 36
46 39
46 40
46 41
46 42
46 43
46 44
46 45
46 48
46 49
46 50
46 54
46 57
46 58
46 59
46 60
46 63
47 61
48 0
48 2
48 4
48 8
48 9
48 10
48 11
48 12
48 13
48 14
48 15
48 17
48 18
48 20
48 21
48 22
48 23
48 25
48 26
48 27
48 30
48 31
48 33
48 35
48 36
48 39
48 40
48 41
48 42
48 43
48 44
48 45
48 46
48 49
48 50
48 54
48 57
48 58
48 59
48 60
48 63
49 0
49 2
49 4
49 8
49 9
49 10
49 11
49 12
49 13
49 14
49 15
49 17
49 18
49 20
49 21
49 22
49 23
49 25
49 26
49 27
49 30
49 31
49 33
49 35
49 36
49 39
49 40
49 41
49 42
49 43
49 44
49 45
49 46
49 48
49 50
49 54
49 57
49 58
49 59
49 60
49 63
50 0
50 2
50 4
50 8
50 9
50 10
50 11
50 12
50 13
50 14
50 15
50 17
50 18
50 20
50 21
50 22
50 23
50 25
50 26
50 27
50 30
50 31
50 33
50 35
50 36
50 39
50 40
50 41
50 42
50 43
50 44
50 45
50 46
50 48
50 49
50 54
50 57
50 58
50 59
50 60
50 63
54 0
54 2
54 4
54 8
54 9
54 10
54 11
54 12
54 13
54 14
54 15
54 17
54 18
54 20
54 21
54 22
54 23
54 25
54 26
54 27
54 30
54 31
54 33
54 35
54 36
54 39
54 40
54 41
54 42
54 43
54 44
54 45
54 46
54 48
54 49
54 50
54 57
54 58
54 59
54 60
54 63
57 0
57 2
57 4
57 8
57 9
57 10
57 11
57 12
57 13
57 14
57 15
57 17
57 18
57 20
57 21
57 22
57 23
57 25
57 26
57 27
57 30
57 31
57 33
57 35
57 36
57 39
57 40
57 41
57 42
57 43
57 44
57 45
57 46
57 48
57 49
57 50
57 54
57 58
57 59
57 60
57 63
58 0
58 2
58 4
58 8
58 9
58 10
58 11
58 12
58 13
58 14
58 15
58 17
58 18
58 20
58 21
58 22
58 23
58 25
58 26
58 27
58 30
58 31
58 33
58 35
58 36
58 39
58 40
58 41
58 42
58 43
58 44
58 45
58 46
58 48
58 49
58 50
58 54
58 57
58 59
58 60
58 63
59 0
59 2
59 4
59 8
59 9
59 10
59 11
59 12
59 13
59 14
59 15
59 17
59 18
59 20
59 21
59 22
59 23
59 25
59 26
59 27
59 30
59 31
59 33
59 35
59 36
59 39
59 40
59 41
59 42
59 43
59 44
59 45
59 46
59 48
59 49
59 50
59 54
59 57
59 58
59 60
59 63
60 0
60 2
60 4
60 8
60 9
60 10
60 11
60 12
60 13
60 14
60 15
60 17
60 18
60 20
60 21
60 22
60 23
60 25
60 26
60 27
60 30
60 31
60 33
60 35
60 36
60 39
60 40
60 41
60 42
60 43
60 44
60 45
60 46
60 48
60 49
60 50
60 54
60 57
60 58
60 59
60 63
61 47
62 38
63 0
63 2
63 4
63 8
63 9
63 10
63 11
63 12
63 13
63 14
63 15
63 17
63 18
63 20
63 21
63 22
63 23
63 25
63 26
63 27
63 30
63 31
63 33
63 35
63 36
63 39
63 40
63 41
63 42
63 43
63 44
63 45
63 46
63 48
63 49
63 50
63 54
63 57
63 58
63 59
63 60
