64 1348
0 2
0 4
0 6
0 9
0 10
0 12
0 13
0 14
0 15
0 18
0 20
0 23
0 24
0 25
0 29
0 30
0 31
0 32
0 33
0 34
0 35
0 36
0 41
0 42
0 43
0 45
0 46
0 47
0 48
0 49
0 53
0 54
0 55
0 56
0 58
0 61
2 0
2 4
2 6
2 9
2 10
2 12
2 13
2 14
2 15
2 18
2 20
2 23
2 24
2 25
2 29
2 30
2 31
2 32
2 33
2 34
2 35
2 36
2 41
2 42
2 43
2 45
2 46
2 47
2 48
2 49
2 53
2 54
2 55
2 56
2 58
2 61
3 8
4 0
4 2
4 6
4 9
4 10
4 12
4 13
4 14
4 15
4 18
4 20
4 23
4 24
4 25
4 29
4 30
4 31
4 32
4 33
4 34
4 35
4 36
4 41
4 42
4 43
4 45
4 46
4 47
4 48
4 49
4 53
4 54
4 55
4 56
4 58
4 61
6 0
6 2
6 4
6 9
6 10
6 12
6 13
6 14
6 15
6 18
6 20
6 23
6 24
6 25
6 29
6 30
6 31
6 32
6 33
6 34
6 35
6 36
6 41
6 42
6 43
6 45
6 46
6 47
6 48
6 49
6 53
6 54
6 55
6 56
6 58
6 61
8 3
9 0
9 2
9 4
9 6
9 10
9 12
9 13
9 14
9 15
9 18
9 20
9 23
9 24
9 25
9 29
9 30
9 31
9 32
9 33
9 34
9 35
9 36
9 41
9 42
9 43
9 45
9 46
9 47
9 48
9 49
9 53
9 54
9 55
9 56
9 58
9 61
10 0
10 2
10 4
10 6
10 9
10 12
10 13
10 14
10 15
10 18
10 20
10 23
10 24
10 25
10 29
10 30
10 31
10 32
10 33
10 34
10 35
10 36
10 41
10 42
10 43
10 45
10 46
10 47
10 48
10 49
10 53
10 54
10 55
10 56
10 58
10 61
11 39
12 0
12 2
12 4
12 6
12 9
12 10
12 13
12 14
12 15
12 18
12 20
12 23
12 24
12 25
12 29
12 30
12 31
12 32
12 33
12 34
12 35
12 36
12 41
12 42
12 43
12 45
12 46
12 47
12 48
12 49
12 53
12 54
12 55
12 56
12 58
12 61
13 0
13 2
13 4
13 6
13 9
13 10
13 12
13 14
13 15
13 18
13 20
13 23
13 24
13 25
13 29
13 30
13 31
13 32
13 33
13 34
13 35
13 36
13 41
13 42
13 43
13 45
13 46
13 47
13 48
13 49
13 53
13 54
13 55
13 56
13 58
13 61
14 0
14 2
14 4
14 6
14 9
14 10
14 12
14 13
14 15
14 18
14 20
14 23
14 24
14 25
14 29
14 30
14 31
14 32
14 33
14 34
14 35
14 36
14 41
14 42
14 43
14 45
14 46
14 47
14 48
14 49
14 53
14 54
14 55
14 56
14 58
14 61
15 0
15 2
15 4
15 6
15 9
15 10
15 12
15 13
15 14
15 18
15 20
15 23
15 24
15 25
15 29
15 30
15 31
15 32
15 33
15 34
15 35
15 36
15 41
15 42
15 43
15 45
15 46
15 47
15 48
15 49
15 53
15 54
15 55
15 56
15 58
15 61
16 19
18 0
18 2
18 4
18 6
18 9
18 10
18 12
18 13
18 14
18 15
18 20
18 23
18 24
18 25
18 29
18 30
18 31
18 32
18 33
18 34
18 35
18 36
18 41
18 42
18 43
18 45
18 46
18 47
18 48
18 49
18 53
18 54
18 55
18 56
18 58
18 61
19 16
20 0
20 2
20 4
20 6
20 9
20 10
20 12
20 13
20 14
20 15
20 18
20 23
20 24
20 25
20 29
20 30
20 31
20 32
20 33
20 34
20 35
20 36
20 41
20 42
20 43
20 45
20 46
20 47
20 48
20 49
20 53
20 54
20 55
20 56
20 58
20 61
22 63
23 0
23 2
23 4
23 6
23 9
23 10
23 12
23 13
23 14
23 15
23 18
23 20
23 24
23 25
23 29
23 30
23 31
23 32
23 33
23 34
23 35
23 36
23 41
23 42
23 43
23 45
23 46
23 47
23 48
23 49
23 53
23 54
23 55
23 56
23 58
23 61
24 0
24 2
24 4
24 6
24 9
24 10
24 12
24 13
24 14
24 15
24 18
24 20
24 23
24 25
24 29
24 30
24 31
24 32
24 33
24 34
24 35
24 36
24 41
24 42
24 43
24 45
24 46
24 47
24 48
24 49
24 53
24 54
24 55
24 56
24 58
24 61
25 0
25 2
25 4
25 6
25 9
25 10
25 12
25 13
25 14
25 15
25 18
25 20
25 23
25 24
25 29
25 30
25 31
25 32
25 33
25 34
25 35
25 36
25 41
25 42
25 43
25 45
25 46
25 47
25 48
25 49
25 53
25 54
25 55
25 56
25 58
25 61
26 59
28 38
28 62
29 0
29 2
29 4
29 6
29 9
29 10
29 12
29 13
29 14
29 15
29 18
29 20
29 23
29 24
29 25
29 30
29 31
29 32
29 33
29 34
29 35
29 36
29 41
29 42
29 43
29 45
29 46
29 47
29 48
29 49
29 53
29 54
29 55
29 56
29 58
29 61
30 0
30 2
30 4
30 6
30 9
30 10
30 12
30 13
30 14
30 15
30 18
30 20
30 23
30 24
30 25
30 29
30 31
30 32
30 33
30 34
30 35
30 36
30 41
30 42
30 43
30 45
30 46
30 47
30 48
30 49
30 53
30 54
30 55
30 56
30 58
30 61
31 0
31 2
31 4
31 6
31 9
31 10
31 12
31 13
31 14
31 15
31 18
31 20
31 23
31 24
31 25
31 29
31 30
31 32
31 33
31 34
31 35
31 36
31 41
31 42
31 43
31 45
31 46
31 47
31 48
31 49
31 53
31 54
31 55
31 56
31 58
31 61
32 0
32 2
32 4
32 6
32 9
32 10
32 12
32 13
32 14
32 15
32 18
32 20
32 23
32 24
32 25
32 29
32 30
32 31
32 33
32 34
32 35
32 36
32 41
32 42
32 43
32 45
32 46
32 47
32 48
32 49
32 53
32 54
32 55
32 56
32 58
32 61
33 0
33 2
33 4
33 6
33 9
33 10
33 12
33 13
33 14
33 15
33 18
33 20
33 23
33 24
33 25
33 29
33 30
33 31
33 32
33 34
33 35
33 36
33 41
33 42
33 43
33 45
33 46
33 47
33 48
33 49
33 53
33 54
33 55
33 56
33 58
33 61
34 0
34 2
34 4
34 6
34 9
34 10
34 12
34 13
34 14
34 15
34 18
34 20
34 23
34 24
34 25
34 29
34 30
34 31
34 32
34 33
34 35
34 36
34 41
34 42
34 43
34 45
34 46
34 47
34 48
34 49
34 53
34 54
34 55
34 56
34 58
34 61
35 0
35 2
35 4
35 6
35 9
35 10
35 12
35 13
35 14
35 15
35 18
35 20
35 23
35 24
35 25
35 29
35 30
35 31
35 32
35 33
35 34
35 36
35 41
35 42
35 43
35 45
35 46
35 47
35 48
35 49
35 53
35 54
35 55
35 56
35 58
35 61
36 0
36 2
36 4
36 6
36 9
36 10
36 12
36 13
36 14
36 15
36 18
36 20
36 23
36 24
36 25
36 29
36 30
36 31
36 32
36 33
36 34
36 35
36 41
36 42
36 43
36 45
36 46
36 47
36 48
36 49
36 53
36 54
36 55
36 56
36 58
36 61
38 28
38 62
39 11
41 0
41 2
41 4
41 6
41 9
41 10
41 12
41 13
41 14
41 15
41 18
41 20
41 23
41 24
41 25
41 29
41 30
41 31
41 32
41 33
41 34
41 35
41 36
41 42
41 43
41 45
41 46
41 47
41 48
41 49
41 53
41 54
41 55
41 56
41 58
41 61
42 0
42 2
42 4
42 6
42 9
42 10
42 12
42 13
42 14
42 15
42 18
42 20
42 23
42 24
42 25
42 29
42 30
42 31
42 32
42 33
42 34
42 35
42 36
42 41
42 43
42 45
42 46
42 47
42 48
42 49
42 53
42 54
42 55
42 56
42 58
42 61
43 0
43 2
43 4
43 6
43 9
43 10
43 12
43 13
43 14
43 15
43 18
43 20
43 23
43 24
43 25
43 29
43 30
43 31
43 32
43 33
43 34
43 35
43 36
43 41
43 42
43 45
43 46
43 47
43 48
43 49
43 53
43 54
43 55
43 56
43 58
43 61
45 0
45 2
45 4
45 6
45 9
45 10
45 12
45 13
45 14
45 15
45 18
45 20
45 23
45 24
45 25
45 29
45 30
45 31
45 32
45 33
45 34
45 35
45 36
45 41
45 42
45 43
45 46
45 47
45 48
45 49
45 53
45 54
45 55
45 56
45 58
45 61
46 0
46 2
46 4
46 6
46 9
46 10
46 12
46 13
46 14
46 15
46 18
46 20
46 23
46 24
46 25
46 29
46 30
46 31
46 32
46 33
46 34
46 35
46 36
46 41
46 42
46 43
46 45
46 47
46 48
46 49
46 53
46 54
46 55
46 56
46 58
46 61
47 0
47 2
47 4
47 6
47 9
47 10
47 12
47 13
47 14
47 15
47 18
47 20
47 23
47 24
47 25
47 29
47 30
47 31
47 32
47 33
47 34
47 35
47 36
47 41
47 42
47 43
47 45
47 46
47 48
47 49
47 53
47 54
47 55
47 56
47 58
47 61
48 0
48 2
48 4
48 6
48 9
48 10
48 12
48 13
48 14
48 15
48 18
48 20
48 23
48 24
48 25
48 29
48 30
48 31
48 32
48 33
48 34
48 35
48 36
48 41
48 42
48 43
48 45
48 46
48 47
48 49
48 53
48 54
48 55
48 56
48 58
48 61
49 0
49 2
49 4
49 6
49 9
49 10
49 12
49 13
49 14
49 15
49 18
49 20
49 23
49 24
49 25
49 29
49 30
49 31
49 32
49 33
49 34
49 35
49 36
49 41
49 42
49 43
49 45
49 46
49 47
49 48
49 53
49 54
49 55
49 56
49 58
49 61
53 0
53 2
53 4
53 6
53 9
53 10
53 12
53 13
53 14
53 15
53 18
53 20
53 23
53 24
53 25
53 29
53 30
53 31
53 32
53 33
53 34
53 35
53 36
53 41
53 42
53 43
53 45
53 46
53 47
53 48
53 49
53 54
53 55
53 56
53 58
53 61
54 0
54 2
54 4
54 6
54 9
54 10
54 12
54 13
54 14
54 15
54 18
54 20
54 23
54 24
54 25
54 29
54 30
54 31
54 32
54 33
54 34
54 35
54 36
54 41
54 42
54 43
54 45
54 46
54 47
54 48
54 49
54 53
54 55
54 56
54 58
54 61
55 0
55 2
55 4
55 6
55 9
55 10
55 12
55 13
55 14
55 15
55 18
55 20
55 23
55 24
55 25
55 29
55 30
55 31
55 32
55 33
55 34
55 35
55 36
55 41
55 42
55 43
55 45
55 46
55 47
55 48
55 49
55 53
55 54
55 56
55 58
55 61
56 0
56 2
56 4
56 6
56 9
56 10
56 12
56 13
56 14
56 15
56 18
56 20
56 23
56 24
56 25
56 29
56 30
56 31
56 32
56 33
56 34
56 35
56 36
56 41
56 42
56 43
56 45
56 46
56 47
56 48
56 49
56 53
56 54
56 55
56 58
56 61
58 0
58 2
58 4
58 6
58 9
58 10
58 12
58 13
58 14
58 15
58 18
58 20
58 23
58 24
58 25
58 29
58 30
58 31
58 32
58 33
58 34
58 35
58 36
58 41
58 42
58 43
58 45
58 46
58 47
58 48
58 49
58 53
58 54
58 55
58 56
58 61
59 26
61 0
61 2
61 4
61 6
61 9
61 10
61 12
61 13
61 14
61 15
61 18
61 20
61 23
61 24
61 25
61 29
61 30
61 31
61 32
61 33
61 34
61 35
61 36
61 41
61 42
61 43
61 45
61 46
61 47
61 48
61 49
61 53
61 54
61 55
61 56
61 58
62 28
62 38
63 22
