1024 105210
1 817
1 875
2 317
2 319
2 321
2 326
2 337
2 340
2 343
2 344
2 350
2 385
2 388
2 397
2 412
2 423
2 452
2 454
2 456
2 457
2 461
2 499
2 508
2 513
2 535
2 537
2 546
2 550
2 555
2 562
2 569
2 570
2 585
2 586
2 595
2 602
2 614
2 618
2 619
2 622
2 649
2 653
2 665
2 668
2 686
2 702
2 709
2 713
2 728
2 731
2 739
2 742
2 746
2 757
2 765
2 766
2 768
2 776
2 786
2 815
2 817
2 826
2 827
2 828
2 837
2 842
2 844
2 846
2 847
2 850
2 868
2 874
2 875
2 877
2 884
2 888
2 890
2 896
2 897
2 919
2 928
2 947
3 817
3 875
4 317
4 321
4 340
4 343
4 344
4 350
4 385
4 388
4 452
4 454
4 456
4 457
4 461
4 499
4 513
4 535
4 537
4 546
4 555
4 562
4 569
4 570
4 585
4 595
4 602
4 618
4 622
4 649
4 653
4 665
4 668
4 709
4 713
4 728
4 731
4 739
4 742
4 746
4 757
4 765
4 776
4 786
4 815
4 827
4 828
4 837
4 844
4 846
4 850
4 874
4 877
4 884
4 888
4 890
4 896
4 919
4 947
7 10
7 17
7 18
7 62
7 100
7 272
7 380
7 433
7 437
7 439
7 445
7 536
7 592
7 648
7 677
7 993
7 1002
7 1003
7 1011
7 1018
7 1019
10 17
10 18
10 380
10 433
10 437
10 439
10 445
10 536
10 592
10 648
10 677
10 1003
10 1011
13 7
13 10
13 17
13 18
13 22
13 25
13 62
13 100
13 272
13 380
13 433
13 437
13 439
13 445
13 536
13 592
13 648
13 677
13 993
13 1002
13 1003
13 1011
13 1018
13 1019
17 18
17 433
17 437
17 439
17 445
17 536
17 592
17 677
17 1011
18 433
18 437
18 439
18 445
18 592
18 677
19 7
19 10
19 13
19 17
19 18
19 22
19 25
19 30
19 62
19 272
19 380
19 433
19 437
19 439
19 445
19 536
19 592
19 648
19 677
19 993
19 1002
19 1003
19 1011
19 1018
19 1019
22 7
22 10
22 17
22 18
22 62
22 100
22 272
22 380
22 433
22 437
22 439
22 445
22 536
22 592
22 648
22 677
22 993
22 1002
22 1003
22 1011
22 1018
22 1019
25 7
25 10
25 17
25 18
25 22
25 62
25 100
25 272
25 380
25 433
25 437
25 439
25 445
25 536
25 592
25 648
25 677
25 993
25 1002
25 1003
25 1011
25 1018
25 1019
26 7
26 10
26 13
26 15
26 17
26 18
26 19
26 22
26 25
26 30
26 31
26 62
26 272
26 380
26 433
26 437
26 439
26 445
26 536
26 592
26 648
26 677
26 993
26 1002
26 1003
26 1011
26 1018
26 1019
30 536
30 592
30 648
30 677
45 343
45 828
45 844
45 874
53 42
53 59
53 65
53 66
53 127
53 140
53 142
53 205
53 208
53 210
53 217
53 247
53 322
53 983
53 986
54 0
54 200
54 336
54 722
54 756
58 722
58 756
59 42
59 61
59 93
59 126
59 205
59 208
59 212
59 322
59 327
59 963
66 42
66 59
66 65
66 127
66 140
66 142
66 205
66 208
66 210
66 217
66 247
66 983
66 986
67 317
67 319
67 321
67 326
67 337
67 340
67 343
67 344
67 350
67 356
67 385
67 388
67 397
67 401
67 412
67 423
67 452
67 454
67 456
67 457
67 461
67 499
67 506
67 508
67 513
67 527
67 535
67 537
67 546
67 550
67 555
67 562
67 569
67 570
67 585
67 586
67 595
67 602
67 614
67 618
67 619
67 622
67 649
67 653
67 665
67 668
67 686
67 687
67 702
67 709
67 713
67 728
67 731
67 739
67 742
67 746
67 747
67 749
67 757
67 761
67 765
67 766
67 768
67 776
67 786
67 791
67 805
67 809
67 815
67 817
67 826
67 827
67 828
67 837
67 842
67 844
67 846
67 847
67 850
67 851
67 868
67 874
67 875
67 877
67 884
67 888
67 890
67 896
67 897
67 910
67 919
67 926
67 928
67 939
67 947
73 74
73 216
73 560
73 615
73 640
76 79
76 81
76 82
76 90
76 91
76 95
76 200
76 336
76 722
81 79
81 82
81 91
81 95
81 200
81 722
84 817
84 875
88 722
89 817
89 875
90 79
90 81
90 82
90 91
90 95
90 200
90 722
93 61
94 76
94 78
94 79
94 81
94 82
94 90
94 91
94 95
94 137
94 200
94 336
94 722
94 756
105 128
105 134
105 193
105 196
105 203
105 209
105 213
105 231
105 232
105 240
105 243
105 246
105 249
105 253
105 264
105 269
105 270
105 275
105 279
105 284
105 285
105 289
105 290
105 292
105 294
105 295
105 301
105 302
105 305
105 306
105 307
105 308
105 313
105 314
105 335
105 349
105 355
105 393
105 402
105 418
105 469
105 528
105 542
105 567
105 624
105 641
105 706
105 886
110 163
110 225
110 226
110 278
110 394
116 129
120 0
120 58
120 722
120 756
121 73
121 74
121 86
121 216
121 560
121 615
121 620
121 640
124 817
124 875
126 963
126 984
127 42
127 61
127 93
127 126
127 205
127 208
127 212
127 322
127 327
127 963
134 203
134 209
134 213
134 231
134 243
134 253
134 285
134 295
134 301
134 305
134 306
134 307
134 308
134 313
134 335
134 365
134 393
140 142
140 205
140 208
140 210
140 212
140 217
140 247
155 0
155 722
155 756
157 817
157 875
160 114
160 129
163 225
163 226
163 278
163 394
179 899
187 135
190 147
190 235
190 238
190 265
190 386
190 429
190 591
190 736
194 0
202 0
203 209
203 213
203 231
203 253
203 295
203 306
203 307
203 335
203 567
203 886
204 205
204 208
204 210
204 212
204 217
204 322
204 327
204 480
204 963
204 984
209 213
209 231
209 253
209 295
209 307
209 335
209 567
210 61
210 205
210 208
210 212
210 322
210 327
210 963
217 61
217 205
217 208
217 210
217 212
217 247
217 322
217 327
217 963
218 0
232 128
232 134
232 193
232 196
232 203
232 209
232 213
232 231
232 240
232 243
232 246
232 249
232 253
232 264
232 269
232 270
232 275
232 279
232 285
232 289
232 290
232 292
232 294
232 295
232 301
232 302
232 305
232 306
232 307
232 308
232 313
232 314
232 335
232 349
232 355
232 393
232 402
232 418
232 469
232 528
232 542
232 567
232 624
232 641
232 706
232 886
235 591
235 736
238 235
238 591
238 736
246 134
246 203
246 209
246 213
246 231
246 240
246 243
246 249
246 253
246 269
246 275
246 285
246 292
246 295
246 301
246 302
246 305
246 306
246 307
246 308
246 313
246 335
246 393
246 402
246 469
246 528
246 567
246 641
246 706
246 886
247 61
247 205
247 208
247 210
247 212
247 322
247 327
247 963
253 231
253 295
261 0
269 240
269 249
269 270
269 275
269 279
269 281
269 284
269 289
269 297
269 302
269 304
269 314
269 349
269 355
269 395
269 418
269 533
269 879
277 0
286 107
286 150
286 181
286 199
286 230
286 255
286 260
286 263
286 280
286 282
286 291
286 311
286 315
286 365
286 371
286 406
286 448
286 471
291 150
291 280
291 282
291 448
291 624
291 663
292 134
292 203
292 209
292 213
292 231
292 243
292 253
292 285
292 295
292 301
292 305
292 306
292 307
292 308
292 313
292 335
292 365
292 393
292 402
292 528
292 567
292 641
292 706
292 886
300 0
300 722
300 756
302 240
302 249
302 269
302 270
302 275
302 279
302 281
302 284
302 289
302 297
302 304
302 314
302 349
302 355
302 395
302 418
302 533
302 879
305 203
305 209
305 213
305 231
305 253
305 295
305 306
305 307
305 313
305 335
305 567
305 886
307 231
307 253
307 295
308 203
308 209
308 213
308 231
308 253
308 295
308 305
308 306
308 307
308 313
308 335
308 567
308 886
309 105
309 128
309 134
309 193
309 196
309 203
309 209
309 213
309 231
309 232
309 240
309 243
309 246
309 249
309 253
309 264
309 269
309 270
309 275
309 279
309 284
309 285
309 289
309 290
309 292
309 294
309 295
309 301
309 302
309 305
309 306
309 307
309 308
309 313
309 314
309 335
309 349
309 355
309 393
309 402
309 418
309 460
309 469
309 528
309 542
309 567
309 624
309 641
309 706
309 886
313 135
313 187
317 385
317 585
317 709
317 757
317 776
317 817
317 837
317 877
321 317
321 340
321 385
321 454
321 562
321 585
321 595
321 649
321 668
321 709
321 746
321 757
321 776
321 817
321 837
321 877
326 317
326 321
326 340
326 344
326 350
326 385
326 388
326 452
326 454
326 457
326 461
326 499
326 513
326 535
326 546
326 555
326 562
326 569
326 570
326 585
326 595
326 618
326 622
326 649
326 653
326 665
326 668
326 702
326 709
326 713
326 728
326 731
326 739
326 746
326 757
326 765
326 776
326 786
326 815
326 817
326 827
326 837
326 846
326 850
326 877
326 884
326 896
326 919
326 947
327 963
327 984
329 53
329 65
329 66
329 110
329 141
329 197
329 985
329 986
331 317
331 319
331 321
331 326
331 337
331 340
331 344
331 345
331 350
331 351
331 352
331 354
331 356
331 367
331 381
331 385
331 388
331 389
331 397
331 401
331 412
331 413
331 423
331 452
331 454
331 456
331 457
331 461
331 476
331 491
331 496
331 499
331 506
331 508
331 513
331 521
331 527
331 535
331 537
331 546
331 550
331 555
331 558
331 562
331 569
331 570
331 579
331 582
331 585
331 586
331 595
331 602
331 606
331 612
331 614
331 618
331 619
331 621
331 622
331 623
331 627
331 644
331 649
331 653
331 654
331 655
331 658
331 665
331 666
331 668
331 681
331 684
331 686
331 687
331 698
331 709
331 713
331 719
331 721
331 727
331 728
331 729
331 731
331 739
331 746
331 747
331 749
331 755
331 757
331 761
331 765
331 766
331 768
331 780
331 786
331 791
331 796
331 801
331 804
331 805
331 808
331 809
331 815
331 817
331 820
331 826
331 827
331 832
331 837
331 840
331 842
331 846
331 847
331 848
331 850
331 851
331 858
331 862
331 863
331 868
331 875
331 877
331 878
331 880
331 884
331 888
331 890
331 894
331 896
331 897
331 909
331 910
331 919
331 926
331 928
331 932
331 935
331 939
331 947
331 948
331 951
331 961
340 317
340 385
340 454
340 585
340 595
340 668
340 709
340 757
340 776
340 817
340 837
340 877
344 317
344 321
344 340
344 350
344 385
344 388
344 452
344 454
344 457
344 546
344 555
344 562
344 585
344 595
344 618
344 622
344 649
344 653
344 665
344 668
344 709
344 713
344 728
344 731
344 739
344 746
344 757
344 765
344 776
344 786
344 815
344 817
344 837
344 846
344 850
344 877
344 884
344 896
344 947
361 180
361 276
361 362
361 581
367 317
367 319
367 321
367 326
367 337
367 340
367 344
367 350
367 351
367 356
367 385
367 388
367 397
367 401
367 412
367 423
367 452
367 454
367 456
367 457
367 461
367 476
367 499
367 506
367 508
367 513
367 527
367 535
367 537
367 546
367 550
367 555
367 562
367 569
367 570
367 585
367 586
367 595
367 602
367 606
367 614
367 618
367 619
367 622
367 649
367 653
367 665
367 668
367 686
367 687
367 709
367 713
367 728
367 731
367 739
367 746
367 747
367 749
367 757
367 761
367 765
367 766
367 768
367 786
367 791
367 805
367 809
367 815
367 817
367 826
367 827
367 837
367 842
367 846
367 847
367 850
367 851
367 858
367 868
367 875
367 877
367 884
367 888
367 890
367 896
367 897
367 910
367 919
367 926
367 928
367 939
367 947
377 317
377 319
377 321
377 326
377 331
377 337
377 340
377 344
377 345
377 347
377 350
377 351
377 352
377 354
377 356
377 367
377 374
377 381
377 385
377 388
377 389
377 392
377 397
377 401
377 411
377 412
377 413
377 423
377 447
377 452
377 454
377 456
377 457
377 461
377 476
377 479
377 491
377 496
377 499
377 501
377 506
377 508
377 513
377 521
377 524
377 527
377 529
377 530
377 535
377 537
377 546
377 550
377 555
377 558
377 562
377 566
377 569
377 570
377 579
377 582
377 585
377 586
377 595
377 602
377 604
377 606
377 612
377 614
377 618
377 619
377 621
377 622
377 623
377 627
377 644
377 645
377 649
377 653
377 654
377 655
377 656
377 658
377 662
377 665
377 666
377 668
377 679
377 681
377 684
377 686
377 687
377 698
377 705
377 709
377 713
377 719
377 721
377 727
377 728
377 729
377 731
377 739
377 746
377 747
377 749
377 755
377 757
377 760
377 761
377 762
377 765
377 766
377 768
377 777
377 780
377 786
377 791
377 796
377 798
377 801
377 802
377 804
377 805
377 806
377 808
377 809
377 815
377 817
377 819
377 820
377 826
377 827
377 832
377 837
377 840
377 842
377 846
377 847
377 848
377 850
377 851
377 858
377 862
377 863
377 868
377 869
377 870
377 875
377 877
377 878
377 880
377 884
377 888
377 890
377 894
377 896
377 897
377 901
377 903
377 909
377 910
377 919
377 921
377 924
377 926
377 928
377 932
377 934
377 935
377 939
377 947
377 948
377 951
377 961
383 364
383 373
383 404
383 419
383 424
383 427
383 449
383 458
383 459
383 463
383 473
383 474
383 484
383 489
383 495
383 505
383 510
383 518
383 523
383 531
383 538
383 549
383 551
383 578
383 601
383 611
383 616
383 631
383 634
383 638
383 642
383 652
383 657
383 669
383 670
383 671
383 691
383 701
383 714
383 725
383 737
383 738
383 741
383 753
383 754
383 774
383 781
383 782
383 807
383 818
383 856
383 882
383 929
383 944
383 959
383 960
385 875
397 317
397 321
397 326
397 340
397 344
397 350
397 385
397 388
397 452
397 454
397 456
397 457
397 461
397 499
397 508
397 513
397 535
397 537
397 546
397 555
397 562
397 569
397 570
397 585
397 595
397 602
397 618
397 622
397 649
397 653
397 665
397 668
397 709
397 713
397 728
397 731
397 739
397 746
397 757
397 765
397 776
397 786
397 815
397 817
397 827
397 837
397 846
397 850
397 875
397 877
397 884
397 888
397 890
397 896
397 919
397 947
399 677
399 723
399 744
401 317
401 319
401 321
401 326
401 337
401 340
401 344
401 350
401 356
401 385
401 388
401 397
401 412
401 423
401 452
401 454
401 456
401 457
401 461
401 499
401 508
401 513
401 535
401 537
401 546
401 550
401 555
401 562
401 569
401 570
401 585
401 586
401 595
401 602
401 614
401 618
401 619
401 622
401 649
401 653
401 665
401 668
401 686
401 709
401 713
401 728
401 731
401 739
401 746
401 749
401 757
401 765
401 766
401 768
401 776
401 786
401 815
401 817
401 826
401 827
401 837
401 842
401 846
401 847
401 850
401 868
401 875
401 877
401 884
401 888
401 890
401 896
401 897
401 919
401 926
401 928
401 947
403 373
403 383
403 404
403 419
403 463
403 473
403 505
403 510
403 518
403 523
403 551
403 577
403 578
403 583
403 599
403 616
403 634
403 638
403 642
403 652
403 667
403 697
403 714
403 725
403 738
403 741
403 748
403 753
403 754
403 781
403 782
403 807
403 816
403 849
403 856
403 882
403 929
403 940
403 941
403 943
403 944
403 960
405 132
405 138
405 164
405 170
405 178
405 220
405 228
405 237
405 252
405 262
405 299
405 310
405 399
405 417
405 492
405 591
405 600
405 628
405 695
405 723
405 744
405 759
412 317
412 321
412 326
412 340
412 344
412 350
412 385
412 388
412 397
412 423
412 452
412 454
412 456
412 457
412 461
412 499
412 508
412 513
412 535
412 537
412 546
412 555
412 562
412 569
412 570
412 585
412 586
412 595
412 602
412 618
412 622
412 649
412 653
412 665
412 668
412 709
412 713
412 728
412 731
412 739
412 746
412 757
412 765
412 766
412 776
412 786
412 815
412 817
412 827
412 837
412 846
412 850
412 875
412 877
412 884
412 888
412 890
412 896
412 919
412 947
425 0
436 119
436 154
436 180
436 276
436 362
436 379
439 272
442 0
447 317
447 319
447 321
447 326
447 331
447 337
447 340
447 344
447 345
447 350
447 351
447 352
447 354
447 356
447 367
447 381
447 385
447 388
447 389
447 392
447 397
447 401
447 412
447 413
447 423
447 452
447 454
447 456
447 457
447 461
447 476
447 479
447 491
447 496
447 499
447 506
447 508
447 513
447 521
447 527
447 530
447 535
447 537
447 546
447 550
447 555
447 558
447 562
447 569
447 570
447 579
447 582
447 585
447 586
447 595
447 602
447 606
447 612
447 614
447 618
447 619
447 621
447 622
447 623
447 627
447 644
447 649
447 653
447 654
447 655
447 658
447 665
447 666
447 668
447 679
447 681
447 684
447 686
447 687
447 698
447 709
447 713
447 719
447 721
447 727
447 728
447 729
447 731
447 739
447 746
447 747
447 749
447 755
447 757
447 760
447 761
447 765
447 766
447 768
447 780
447 786
447 791
447 796
447 801
447 804
447 805
447 808
447 809
447 815
447 817
447 820
447 826
447 827
447 832
447 837
447 840
447 842
447 846
447 847
447 848
447 850
447 851
447 858
447 862
447 863
447 868
447 870
447 875
447 877
447 878
447 880
447 884
447 888
447 890
447 894
447 896
447 897
447 903
447 909
447 910
447 919
447 926
447 928
447 932
447 935
447 939
447 947
447 948
447 951
447 961
454 317
454 385
454 585
454 709
454 757
454 776
454 817
454 837
454 877
455 30
455 36
455 151
455 156
455 165
455 185
455 259
458 364
458 378
458 391
458 396
458 400
458 424
458 427
458 443
458 449
458 462
458 474
458 484
458 485
458 495
458 538
458 554
458 601
458 609
458 625
458 651
458 670
458 671
458 685
458 691
458 696
458 700
458 701
458 719
458 737
458 750
458 752
458 769
458 770
458 772
458 787
458 795
458 797
458 800
458 811
458 812
458 834
458 836
458 843
458 844
458 854
458 865
458 866
458 885
458 891
458 895
458 907
458 908
458 917
458 947
458 952
458 956
458 957
458 958
461 317
461 321
461 340
461 344
461 350
461 385
461 388
461 452
461 454
461 457
461 499
461 535
461 546
461 555
461 562
461 569
461 585
461 595
461 618
461 622
461 649
461 653
461 665
461 668
461 702
461 709
461 713
461 728
461 731
461 739
461 746
461 757
461 765
461 776
461 786
461 815
461 817
461 837
461 846
461 850
461 877
461 884
461 896
461 919
461 947
468 317
468 319
468 321
468 323
468 326
468 331
468 337
468 340
468 344
468 345
468 347
468 350
468 351
468 352
468 354
468 356
468 357
468 358
468 367
468 374
468 375
468 377
468 381
468 383
468 388
468 389
468 392
468 397
468 401
468 403
468 407
468 409
468 410
468 411
468 412
468 413
468 416
468 421
468 423
468 447
468 451
468 452
468 453
468 454
468 456
468 457
468 461
468 466
468 476
468 479
468 483
468 491
468 496
468 499
468 501
468 506
468 508
468 513
468 516
468 521
468 524
468 525
468 526
468 527
468 529
468 530
468 535
468 537
468 545
468 546
468 547
468 550
468 555
468 558
468 562
468 564
468 566
468 569
468 570
468 571
468 579
468 582
468 583
468 585
468 586
468 589
468 590
468 595
468 596
468 602
468 604
468 606
468 612
468 614
468 618
468 619
468 621
468 622
468 623
468 627
468 644
468 645
468 649
468 653
468 654
468 655
468 656
468 658
468 660
468 662
468 665
468 666
468 668
468 678
468 679
468 681
468 684
468 686
468 687
468 697
468 698
468 703
468 705
468 707
468 709
468 713
468 716
468 719
468 721
468 727
468 728
468 729
468 731
468 734
468 739
468 745
468 746
468 747
468 748
468 749
468 755
468 760
468 761
468 762
468 763
468 765
468 766
468 768
468 771
468 777
468 780
468 784
468 786
468 788
468 790
468 791
468 794
468 796
468 798
468 801
468 802
468 804
468 805
468 806
468 808
468 809
468 810
468 815
468 816
468 817
468 819
468 820
468 822
468 823
468 826
468 827
468 828
468 832
468 833
468 837
468 838
468 840
468 842
468 846
468 847
468 848
468 850
468 851
468 858
468 861
468 862
468 863
468 867
468 868
468 869
468 870
468 872
468 875
468 877
468 878
468 880
468 883
468 884
468 890
468 894
468 896
468 897
468 900
468 901
468 902
468 903
468 909
468 910
468 918
468 919
468 921
468 922
468 923
468 924
468 926
468 928
468 930
468 932
468 933
468 934
468 935
468 937
468 939
468 940
468 941
468 943
468 947
468 948
468 949
468 951
468 954
468 961
474 364
474 378
474 391
474 396
474 400
474 424
474 427
474 443
474 449
474 458
474 462
474 484
474 485
474 495
474 538
474 554
474 601
474 609
474 625
474 651
474 670
474 671
474 685
474 691
474 696
474 700
474 701
474 719
474 737
474 750
474 752
474 769
474 770
474 772
474 787
474 795
474 797
474 800
474 811
474 812
474 834
474 836
474 843
474 844
474 854
474 865
474 866
474 885
474 891
474 895
474 907
474 908
474 917
474 947
474 952
474 956
474 957
474 958
475 353
475 364
475 378
475 391
475 396
475 400
475 424
475 427
475 443
475 449
475 458
475 462
475 474
475 484
475 485
475 495
475 538
475 548
475 549
475 554
475 574
475 601
475 607
475 609
475 625
475 651
475 657
475 669
475 670
475 671
475 685
475 691
475 696
475 700
475 701
475 719
475 737
475 750
475 751
475 752
475 769
475 770
475 772
475 774
475 787
475 795
475 797
475 800
475 811
475 812
475 834
475 836
475 841
475 843
475 844
475 854
475 860
475 865
475 866
475 873
475 885
475 891
475 895
475 907
475 908
475 917
475 947
475 952
475 956
475 957
475 958
480 205
480 208
480 210
480 212
480 217
480 247
480 322
480 327
480 963
490 332
490 333
490 434
490 450
490 482
490 487
490 497
490 500
490 504
490 568
490 579
490 594
490 635
490 656
490 742
490 876
490 946
490 950
492 536
492 592
492 677
492 723
492 744
499 317
499 321
499 340
499 344
499 350
499 385
499 388
499 452
499 454
499 457
499 546
499 555
499 562
499 585
499 595
499 618
499 622
499 649
499 653
499 665
499 668
499 709
499 713
499 728
499 731
499 739
499 746
499 757
499 765
499 776
499 786
499 815
499 817
499 837
499 846
499 850
499 877
499 884
499 896
499 919
499 947
503 317
503 319
503 321
503 323
503 326
503 328
503 331
503 337
503 340
503 344
503 345
503 347
503 350
503 351
503 352
503 354
503 356
503 357
503 358
503 367
503 374
503 375
503 377
503 381
503 383
503 388
503 389
503 390
503 392
503 397
503 398
503 401
503 403
503 404
503 407
503 409
503 410
503 411
503 412
503 413
503 415
503 416
503 421
503 423
503 426
503 431
503 432
503 447
503 451
503 452
503 453
503 454
503 456
503 457
503 459
503 461
503 466
503 468
503 476
503 479
503 481
503 483
503 491
503 496
503 499
503 501
503 506
503 508
503 509
503 510
503 513
503 516
503 518
503 519
503 520
503 521
503 524
503 525
503 526
503 527
503 529
503 530
503 535
503 537
503 545
503 546
503 547
503 549
503 550
503 551
503 555
503 556
503 557
503 558
503 562
503 563
503 564
503 566
503 568
503 569
503 570
503 571
503 577
503 579
503 580
503 582
503 583
503 585
503 586
503 589
503 590
503 595
503 596
503 598
503 599
503 602
503 604
503 606
503 610
503 612
503 614
503 618
503 619
503 621
503 622
503 623
503 627
503 630
503 631
503 635
503 644
503 645
503 649
503 653
503 654
503 655
503 656
503 658
503 660
503 662
503 664
503 665
503 666
503 667
503 668
503 678
503 679
503 681
503 684
503 686
503 687
503 689
503 697
503 698
503 703
503 705
503 707
503 709
503 713
503 716
503 719
503 721
503 725
503 727
503 728
503 729
503 731
503 734
503 738
503 739
503 741
503 745
503 746
503 747
503 748
503 749
503 755
503 757
503 760
503 761
503 762
503 763
503 764
503 765
503 766
503 768
503 771
503 777
503 780
503 782
503 783
503 784
503 786
503 788
503 790
503 791
503 794
503 796
503 798
503 801
503 802
503 803
503 804
503 805
503 806
503 808
503 809
503 810
503 815
503 816
503 817
503 818
503 819
503 820
503 822
503 823
503 826
503 827
503 828
503 832
503 833
503 837
503 838
503 840
503 842
503 846
503 847
503 848
503 849
503 850
503 851
503 858
503 861
503 862
503 863
503 867
503 868
503 869
503 870
503 872
503 875
503 877
503 878
503 880
503 881
503 882
503 883
503 884
503 889
503 890
503 894
503 896
503 897
503 898
503 900
503 901
503 902
503 903
503 904
503 905
503 909
503 910
503 911
503 918
503 919
503 921
503 922
503 923
503 924
503 925
503 926
503 928
503 929
503 930
503 931
503 932
503 933
503 934
503 935
503 937
503 938
503 939
503 940
503 941
503 942
503 943
503 945
503 947
503 948
503 949
503 951
503 953
503 954
503 959
503 961
512 0
513 317
513 321
513 340
513 344
513 350
513 385
513 388
513 452
513 454
513 457
513 461
513 499
513 535
513 546
513 555
513 562
513 569
513 585
513 595
513 618
513 622
513 649
513 653
513 665
513 668
513 702
513 709
513 713
513 728
513 731
513 739
513 746
513 757
513 765
513 776
513 786
513 815
513 817
513 837
513 846
513 850
513 877
513 884
513 896
513 919
513 947
518 364
518 373
518 383
518 404
518 419
518 449
518 458
518 459
518 463
518 473
518 474
518 489
518 505
518 510
518 523
518 549
518 551
518 578
518 611
518 616
518 631
518 634
518 638
518 642
518 652
518 657
518 669
518 691
518 714
518 725
518 738
518 741
518 751
518 753
518 754
518 781
518 782
518 807
518 818
518 830
518 835
518 841
518 856
518 860
518 873
518 882
518 893
518 895
518 907
518 908
518 929
518 944
518 956
518 957
518 958
518 959
518 960
525 317
525 319
525 321
525 323
525 326
525 331
525 337
525 340
525 344
525 345
525 347
525 350
525 351
525 352
525 354
525 356
525 357
525 358
525 367
525 374
525 377
525 381
525 388
525 389
525 392
525 397
525 401
525 403
525 407
525 409
525 411
525 412
525 413
525 416
525 423
525 447
525 452
525 453
525 454
525 456
525 457
525 461
525 466
525 476
525 479
525 483
525 491
525 496
525 499
525 501
525 506
525 508
525 513
525 516
525 521
525 524
525 526
525 527
525 529
525 530
525 535
525 537
525 545
525 546
525 547
525 550
525 555
525 558
525 562
525 566
525 569
525 570
525 571
525 579
525 582
525 583
525 585
525 586
525 590
525 595
525 596
525 602
525 604
525 606
525 612
525 614
525 618
525 619
525 621
525 622
525 623
525 627
525 644
525 645
525 649
525 653
525 654
525 655
525 656
525 658
525 660
525 662
525 665
525 666
525 668
525 678
525 679
525 681
525 684
525 686
525 687
525 697
525 698
525 703
525 705
525 707
525 709
525 713
525 716
525 719
525 721
525 727
525 728
525 729
525 731
525 734
525 739
525 745
525 746
525 747
525 749
525 755
525 757
525 760
525 761
525 762
525 763
525 765
525 766
525 768
525 771
525 777
525 780
525 786
525 790
525 791
525 794
525 796
525 798
525 801
525 802
525 804
525 805
525 806
525 808
525 809
525 810
525 815
525 817
525 819
525 820
525 822
525 823
525 826
525 827
525 828
525 832
525 833
525 837
525 840
525 842
525 846
525 847
525 848
525 850
525 851
525 858
525 862
525 863
525 868
525 869
525 870
525 875
525 877
525 878
525 880
525 883
525 884
525 890
525 894
525 896
525 897
525 901
525 902
525 903
525 909
525 910
525 918
525 919
525 921
525 922
525 923
525 924
525 926
525 928
525 932
525 933
525 934
525 935
525 939
525 940
525 941
525 947
525 948
525 951
525 954
525 961
532 0
535 317
535 321
535 340
535 344
535 350
535 385
535 388
535 452
535 454
535 457
535 499
535 546
535 555
535 562
535 569
535 585
535 595
535 618
535 622
535 649
535 653
535 665
535 668
535 702
535 709
535 713
535 728
535 731
535 739
535 746
535 757
535 765
535 776
535 786
535 815
535 817
535 837
535 846
535 850
535 877
535 884
535 896
535 919
535 947
544 329
544 591
544 593
544 628
544 695
544 718
544 723
544 744
544 759
548 353
548 364
548 378
548 391
548 396
548 400
548 424
548 427
548 443
548 449
548 458
548 462
548 474
548 484
548 485
548 495
548 538
548 549
548 554
548 574
548 601
548 607
548 609
548 625
548 651
548 657
548 669
548 670
548 671
548 685
548 691
548 696
548 700
548 701
548 719
548 737
548 750
548 751
548 752
548 769
548 770
548 772
548 774
548 787
548 795
548 797
548 800
548 811
548 812
548 834
548 836
548 841
548 843
548 844
548 854
548 860
548 865
548 866
548 873
548 885
548 891
548 895
548 907
548 908
548 917
548 947
548 952
548 956
548 957
548 958
564 317
564 319
564 321
564 323
564 326
564 331
564 337
564 340
564 344
564 345
564 347
564 350
564 351
564 352
564 354
564 356
564 357
564 358
564 367
564 374
564 375
564 377
564 381
564 383
564 388
564 389
564 392
564 397
564 401
564 403
564 407
564 409
564 410
564 411
564 412
564 413
564 416
564 421
564 423
564 447
564 451
564 452
564 453
564 454
564 456
564 457
564 461
564 466
564 476
564 479
564 483
564 491
564 496
564 499
564 501
564 506
564 508
564 513
564 516
564 521
564 524
564 525
564 526
564 527
564 529
564 530
564 535
564 537
564 545
564 546
564 547
564 550
564 555
564 558
564 562
564 566
564 569
564 570
564 571
564 579
564 582
564 583
564 585
564 586
564 589
564 590
564 595
564 596
564 602
564 604
564 606
564 612
564 614
564 618
564 619
564 621
564 622
564 623
564 627
564 644
564 645
564 649
564 653
564 654
564 655
564 656
564 658
564 660
564 662
564 665
564 666
564 668
564 678
564 679
564 681
564 684
564 686
564 687
564 697
564 698
564 703
564 705
564 707
564 709
564 713
564 716
564 719
564 721
564 727
564 728
564 729
564 731
564 734
564 739
564 745
564 746
564 747
564 748
564 749
564 755
564 760
564 761
564 762
564 763
564 765
564 766
564 768
564 771
564 777
564 780
564 784
564 786
564 788
564 790
564 791
564 794
564 796
564 798
564 801
564 802
564 804
564 805
564 806
564 808
564 809
564 810
564 815
564 817
564 819
564 820
564 822
564 823
564 826
564 827
564 828
564 832
564 833
564 837
564 838
564 840
564 842
564 846
564 847
564 848
564 850
564 851
564 858
564 861
564 862
564 863
564 867
564 868
564 869
564 870
564 872
564 875
564 877
564 878
564 880
564 883
564 884
564 890
564 894
564 896
564 897
564 900
564 901
564 902
564 903
564 909
564 910
564 918
564 919
564 921
564 922
564 923
564 924
564 926
564 928
564 930
564 932
564 933
564 934
564 935
564 937
564 939
564 940
564 941
564 943
564 947
564 948
564 949
564 951
564 954
564 961
580 317
580 319
580 321
580 323
580 326
580 331
580 337
580 340
580 344
580 345
580 347
580 350
580 351
580 352
580 354
580 356
580 357
580 358
580 367
580 374
580 375
580 377
580 381
580 383
580 388
580 389
580 392
580 397
580 401
580 403
580 407
580 409
580 410
580 411
580 412
580 413
580 416
580 421
580 423
580 431
580 447
580 451
580 452
580 453
580 454
580 456
580 457
580 461
580 466
580 468
580 476
580 479
580 481
580 483
580 491
580 496
580 499
580 501
580 506
580 508
580 509
580 510
580 513
580 516
580 521
580 524
580 525
580 526
580 527
580 529
580 530
580 535
580 537
580 545
580 546
580 547
580 550
580 555
580 556
580 557
580 558
580 562
580 563
580 564
580 566
580 568
580 569
580 570
580 571
580 577
580 579
580 582
580 583
580 585
580 586
580 589
580 590
580 595
580 596
580 602
580 604
580 606
580 610
580 612
580 614
580 618
580 619
580 621
580 622
580 623
580 627
580 630
580 644
580 645
580 649
580 653
580 654
580 655
580 656
580 658
580 660
580 662
580 665
580 666
580 668
580 678
580 679
580 681
580 684
580 686
580 687
580 697
580 698
580 703
580 705
580 707
580 709
580 713
580 716
580 719
580 721
580 727
580 728
580 729
580 731
580 734
580 738
580 739
580 741
580 745
580 746
580 747
580 748
580 749
580 755
580 760
580 761
580 762
580 763
580 765
580 766
580 768
580 771
580 777
580 780
580 783
580 784
580 786
580 788
580 790
580 791
580 794
580 796
580 798
580 801
580 802
580 803
580 804
580 805
580 806
580 808
580 809
580 810
580 815
580 816
580 817
580 819
580 820
580 822
580 823
580 826
580 827
580 828
580 832
580 833
580 837
580 838
580 840
580 842
580 846
580 847
580 848
580 850
580 851
580 858
580 861
580 862
580 863
580 867
580 868
580 869
580 870
580 872
580 875
580 877
580 878
580 880
580 881
580 883
580 884
580 890
580 894
580 896
580 897
580 900
580 901
580 902
580 903
580 905
580 909
580 910
580 918
580 919
580 921
580 922
580 923
580 924
580 926
580 928
580 930
580 931
580 932
580 933
580 934
580 935
580 937
580 939
580 940
580 941
580 943
580 947
580 948
580 949
580 951
580 954
580 961
581 119
581 154
581 180
581 276
581 362
581 379
581 436
585 385
585 709
585 757
585 817
585 837
585 877
590 317
590 319
590 321
590 326
590 331
590 337
590 340
590 344
590 345
590 347
590 350
590 351
590 352
590 354
590 356
590 357
590 367
590 374
590 377
590 381
590 385
590 388
590 389
590 392
590 397
590 401
590 411
590 412
590 413
590 416
590 423
590 447
590 452
590 454
590 456
590 457
590 461
590 476
590 479
590 491
590 496
590 499
590 501
590 506
590 508
590 513
590 521
590 524
590 526
590 527
590 529
590 530
590 535
590 537
590 546
590 547
590 550
590 555
590 558
590 562
590 566
590 569
590 570
590 571
590 579
590 582
590 585
590 586
590 595
590 602
590 604
590 606
590 612
590 614
590 618
590 619
590 621
590 622
590 623
590 627
590 644
590 645
590 649
590 653
590 654
590 655
590 656
590 658
590 662
590 665
590 666
590 668
590 678
590 679
590 681
590 684
590 686
590 687
590 698
590 703
590 705
590 709
590 713
590 719
590 721
590 727
590 728
590 729
590 731
590 739
590 746
590 747
590 749
590 755
590 757
590 760
590 761
590 762
590 765
590 766
590 768
590 777
590 780
590 786
590 791
590 796
590 798
590 801
590 802
590 804
590 805
590 806
590 808
590 809
590 815
590 817
590 819
590 820
590 822
590 826
590 827
590 832
590 833
590 837
590 840
590 842
590 846
590 847
590 848
590 850
590 851
590 858
590 862
590 863
590 868
590 869
590 870
590 875
590 877
590 878
590 880
590 883
590 884
590 888
590 890
590 894
590 896
590 897
590 901
590 903
590 909
590 910
590 919
590 921
590 924
590 926
590 928
590 932
590 933
590 934
590 935
590 939
590 947
590 948
590 951
590 961
593 266
593 299
593 591
593 628
593 695
593 723
593 744
593 759
595 317
595 385
595 454
595 585
595 668
595 709
595 757
595 776
595 817
595 837
595 877
596 317
596 319
596 321
596 326
596 331
596 337
596 340
596 344
596 345
596 347
596 350
596 351
596 352
596 354
596 356
596 357
596 358
596 367
596 374
596 377
596 381
596 385
596 388
596 389
596 392
596 397
596 401
596 411
596 412
596 413
596 416
596 423
596 447
596 452
596 454
596 456
596 457
596 461
596 476
596 479
596 491
596 496
596 499
596 501
596 506
596 508
596 513
596 521
596 524
596 526
596 527
596 529
596 530
596 535
596 537
596 546
596 547
596 550
596 555
596 558
596 562
596 566
596 569
596 570
596 571
596 579
596 582
596 585
596 586
596 590
596 595
596 602
596 604
596 606
596 612
596 614
596 618
596 619
596 621
596 622
596 623
596 627
596 644
596 645
596 649
596 653
596 654
596 655
596 656
596 658
596 662
596 665
596 666
596 668
596 678
596 679
596 681
596 684
596 686
596 687
596 698
596 703
596 705
596 709
596 713
596 719
596 721
596 727
596 728
596 729
596 731
596 739
596 746
596 747
596 749
596 755
596 757
596 760
596 761
596 762
596 765
596 766
596 768
596 777
596 780
596 786
596 791
596 796
596 798
596 801
596 802
596 804
596 805
596 806
596 808
596 809
596 815
596 817
596 819
596 820
596 822
596 826
596 827
596 832
596 833
596 837
596 840
596 842
596 846
596 847
596 848
596 850
596 851
596 858
596 862
596 863
596 868
596 869
596 870
596 875
596 877
596 878
596 880
596 883
596 884
596 888
596 890
596 894
596 896
596 897
596 901
596 903
596 909
596 910
596 919
596 921
596 924
596 926
596 928
596 932
596 933
596 934
596 935
596 939
596 947
596 948
596 951
596 961
599 353
599 364
599 373
599 383
599 391
599 396
599 400
599 404
599 419
599 424
599 427
599 449
599 458
599 459
599 462
599 463
599 473
599 474
599 475
599 483
599 484
599 485
599 489
599 495
599 505
599 510
599 518
599 523
599 531
599 538
599 548
599 549
599 551
599 574
599 577
599 578
599 601
599 607
599 609
599 611
599 616
599 625
599 626
599 631
599 634
599 638
599 642
599 651
599 652
599 657
599 667
599 669
599 670
599 671
599 691
599 697
599 700
599 701
599 714
599 725
599 737
599 738
599 741
599 748
599 750
599 751
599 753
599 754
599 769
599 770
599 774
599 781
599 782
599 789
599 797
599 807
599 811
599 812
599 818
599 830
599 834
599 835
599 841
599 843
599 849
599 854
599 856
599 860
599 865
599 873
599 882
599 893
599 895
599 907
599 908
599 917
599 929
599 940
599 943
599 944
599 956
599 957
599 958
599 959
599 960
603 317
603 319
603 321
603 323
603 326
603 328
603 331
603 337
603 340
603 344
603 345
603 347
603 350
603 351
603 352
603 354
603 356
603 357
603 358
603 367
603 374
603 375
603 377
603 381
603 383
603 388
603 389
603 390
603 392
603 397
603 398
603 401
603 403
603 404
603 407
603 408
603 409
603 410
603 411
603 412
603 413
603 415
603 416
603 419
603 421
603 423
603 426
603 431
603 432
603 447
603 451
603 452
603 453
603 454
603 456
603 457
603 459
603 461
603 466
603 468
603 476
603 479
603 481
603 483
603 486
603 491
603 496
603 499
603 501
603 503
603 506
603 508
603 509
603 510
603 513
603 516
603 518
603 519
603 520
603 521
603 524
603 525
603 526
603 527
603 529
603 530
603 535
603 537
603 545
603 546
603 547
603 549
603 550
603 551
603 555
603 556
603 557
603 558
603 562
603 563
603 564
603 566
603 568
603 569
603 570
603 571
603 577
603 579
603 580
603 582
603 583
603 585
603 586
603 589
603 590
603 595
603 596
603 598
603 599
603 602
603 604
603 606
603 610
603 612
603 614
603 618
603 619
603 621
603 622
603 623
603 627
603 630
603 631
603 635
603 644
603 645
603 649
603 653
603 654
603 655
603 656
603 658
603 660
603 662
603 664
603 665
603 666
603 667
603 668
603 678
603 679
603 681
603 684
603 686
603 687
603 689
603 697
603 698
603 703
603 705
603 707
603 709
603 713
603 716
603 719
603 721
603 725
603 727
603 728
603 729
603 731
603 734
603 738
603 739
603 741
603 745
603 746
603 747
603 748
603 749
603 753
603 755
603 757
603 760
603 761
603 762
603 763
603 764
603 765
603 766
603 768
603 771
603 777
603 780
603 782
603 783
603 784
603 786
603 788
603 790
603 791
603 794
603 796
603 798
603 801
603 802
603 803
603 804
603 805
603 806
603 808
603 809
603 810
603 815
603 816
603 817
603 818
603 819
603 820
603 822
603 823
603 826
603 827
603 828
603 832
603 833
603 837
603 838
603 840
603 842
603 846
603 847
603 848
603 849
603 850
603 851
603 856
603 858
603 861
603 862
603 863
603 867
603 868
603 869
603 870
603 872
603 875
603 877
603 878
603 880
603 881
603 882
603 883
603 884
603 889
603 890
603 894
603 896
603 897
603 898
603 900
603 901
603 902
603 903
603 904
603 905
603 909
603 910
603 911
603 918
603 919
603 921
603 922
603 923
603 924
603 925
603 926
603 927
603 928
603 929
603 930
603 931
603 932
603 933
603 934
603 935
603 937
603 938
603 939
603 940
603 941
603 942
603 943
603 945
603 947
603 948
603 949
603 951
603 953
603 954
603 959
603 961
610 317
610 319
610 321
610 323
610 326
610 331
610 337
610 340
610 344
610 345
610 347
610 350
610 351
610 352
610 354
610 356
610 357
610 358
610 367
610 374
610 375
610 377
610 381
610 383
610 388
610 389
610 392
610 397
610 401
610 403
610 407
610 409
610 410
610 411
610 412
610 413
610 416
610 421
610 423
610 447
610 451
610 452
610 453
610 454
610 456
610 457
610 461
610 466
610 468
610 476
610 479
610 483
610 491
610 496
610 499
610 501
610 506
610 508
610 513
610 516
610 521
610 524
610 525
610 526
610 527
610 529
610 530
610 535
610 537
610 545
610 546
610 547
610 550
610 555
610 556
610 558
610 562
610 564
610 566
610 569
610 570
610 571
610 579
610 582
610 583
610 585
610 586
610 589
610 590
610 595
610 596
610 602
610 604
610 606
610 612
610 614
610 618
610 619
610 621
610 622
610 623
610 627
610 644
610 645
610 649
610 653
610 654
610 655
610 656
610 658
610 660
610 662
610 665
610 666
610 668
610 678
610 679
610 681
610 684
610 686
610 687
610 697
610 698
610 703
610 705
610 707
610 709
610 713
610 716
610 719
610 721
610 727
610 728
610 729
610 731
610 734
610 739
610 745
610 746
610 747
610 748
610 749
610 755
610 760
610 761
610 762
610 763
610 765
610 766
610 768
610 771
610 777
610 780
610 784
610 786
610 788
610 790
610 791
610 794
610 796
610 798
610 801
610 802
610 804
610 805
610 806
610 808
610 809
610 810
610 815
610 816
610 817
610 819
610 820
610 822
610 823
610 826
610 827
610 828
610 832
610 833
610 837
610 838
610 840
610 842
610 846
610 847
610 848
610 850
610 851
610 858
610 861
610 862
610 863
610 867
610 868
610 869
610 870
610 872
610 875
610 877
610 878
610 880
610 883
610 884
610 890
610 894
610 896
610 897
610 900
610 901
610 902
610 903
610 909
610 910
610 918
610 919
610 921
610 922
610 923
610 924
610 926
610 928
610 930
610 932
610 933
610 934
610 935
610 937
610 939
610 940
610 941
610 943
610 947
610 948
610 949
610 951
610 954
610 961
615 74
615 216
615 560
615 640
621 317
621 319
621 321
621 326
621 337
621 340
621 344
621 345
621 350
621 351
621 352
621 354
621 356
621 367
621 385
621 388
621 389
621 397
621 401
621 412
621 423
621 452
621 454
621 456
621 457
621 461
621 476
621 491
621 496
621 499
621 506
621 508
621 513
621 521
621 527
621 535
621 537
621 546
621 550
621 555
621 558
621 562
621 569
621 570
621 579
621 582
621 585
621 586
621 595
621 602
621 606
621 614
621 618
621 619
621 622
621 644
621 649
621 653
621 654
621 658
621 665
621 666
621 668
621 681
621 684
621 686
621 687
621 698
621 709
621 713
621 719
621 727
621 728
621 729
621 731
621 739
621 746
621 747
621 749
621 755
621 757
621 761
621 765
621 766
621 768
621 780
621 786
621 791
621 801
621 804
621 805
621 808
621 809
621 815
621 817
621 820
621 826
621 827
621 837
621 840
621 842
621 846
621 847
621 850
621 851
621 858
621 863
621 868
621 875
621 877
621 880
621 884
621 888
621 890
621 896
621 897
621 909
621 910
621 919
621 926
621 928
621 935
621 939
621 947
621 951
621 961
628 544
628 591
628 593
628 695
628 718
628 723
628 744
628 759
633 317
633 319
633 321
633 323
633 326
633 328
633 331
633 337
633 340
633 344
633 345
633 347
633 350
633 351
633 352
633 354
633 356
633 357
633 358
633 367
633 374
633 375
633 377
633 381
633 383
633 388
633 389
633 390
633 392
633 397
633 398
633 401
633 403
633 404
633 407
633 408
633 409
633 410
633 411
633 412
633 413
633 415
633 416
633 419
633 421
633 423
633 426
633 431
633 432
633 447
633 451
633 452
633 453
633 454
633 456
633 457
633 459
633 461
633 466
633 468
633 476
633 479
633 481
633 483
633 486
633 491
633 496
633 499
633 501
633 503
633 506
633 508
633 509
633 510
633 513
633 516
633 518
633 519
633 520
633 521
633 524
633 525
633 526
633 527
633 529
633 530
633 535
633 537
633 545
633 546
633 547
633 549
633 550
633 551
633 555
633 556
633 557
633 558
633 562
633 563
633 564
633 566
633 568
633 569
633 570
633 571
633 577
633 579
633 580
633 582
633 583
633 585
633 586
633 589
633 590
633 595
633 596
633 598
633 599
633 602
633 603
633 604
633 606
633 610
633 612
633 614
633 618
633 619
633 621
633 622
633 623
633 627
633 630
633 631
633 635
633 644
633 645
633 649
633 653
633 654
633 655
633 656
633 658
633 660
633 662
633 664
633 665
633 666
633 667
633 668
633 678
633 679
633 681
633 684
633 686
633 687
633 689
633 697
633 698
633 703
633 705
633 707
633 709
633 713
633 714
633 716
633 719
633 721
633 725
633 727
633 728
633 729
633 731
633 734
633 738
633 739
633 741
633 745
633 746
633 747
633 748
633 749
633 753
633 755
633 757
633 760
633 761
633 762
633 763
633 764
633 765
633 766
633 768
633 771
633 777
633 780
633 782
633 783
633 784
633 786
633 788
633 790
633 791
633 794
633 796
633 798
633 801
633 802
633 803
633 804
633 805
633 806
633 808
633 809
633 810
633 815
633 816
633 817
633 818
633 819
633 820
633 822
633 823
633 826
633 827
633 828
633 832
633 833
633 837
633 838
633 840
633 842
633 846
633 847
633 848
633 849
633 850
633 851
633 856
633 858
633 861
633 862
633 863
633 867
633 868
633 869
633 870
633 872
633 875
633 877
633 878
633 880
633 881
633 882
633 883
633 884
633 889
633 890
633 894
633 896
633 897
633 898
633 900
633 901
633 902
633 903
633 904
633 905
633 909
633 910
633 911
633 918
633 919
633 921
633 922
633 923
633 924
633 925
633 926
633 927
633 928
633 929
633 930
633 931
633 932
633 933
633 934
633 935
633 937
633 938
633 939
633 940
633 941
633 942
633 943
633 945
633 947
633 948
633 949
633 951
633 953
633 954
633 959
633 961
637 0
644 317
644 319
644 321
644 326
644 337
644 340
644 344
644 345
644 350
644 351
644 352
644 354
644 356
644 367
644 385
644 388
644 389
644 397
644 401
644 412
644 423
644 452
644 454
644 456
644 457
644 461
644 476
644 491
644 499
644 506
644 508
644 513
644 527
644 535
644 537
644 546
644 550
644 555
644 562
644 569
644 570
644 579
644 585
644 586
644 595
644 602
644 606
644 614
644 618
644 619
644 622
644 649
644 653
644 665
644 668
644 686
644 687
644 709
644 713
644 728
644 729
644 731
644 739
644 746
644 747
644 749
644 757
644 761
644 765
644 766
644 768
644 786
644 791
644 805
644 809
644 815
644 817
644 820
644 826
644 827
644 837
644 842
644 846
644 847
644 850
644 851
644 858
644 868
644 875
644 877
644 884
644 888
644 890
644 896
644 897
644 910
644 919
644 926
644 928
644 939
644 947
647 317
647 319
647 323
647 326
647 328
647 331
647 334
647 337
647 339
647 340
647 344
647 345
647 346
647 347
647 350
647 351
647 352
647 353
647 354
647 356
647 357
647 358
647 367
647 373
647 374
647 375
647 377
647 381
647 383
647 385
647 388
647 389
647 390
647 392
647 397
647 398
647 401
647 403
647 404
647 407
647 408
647 409
647 410
647 411
647 412
647 413
647 415
647 416
647 419
647 421
647 422
647 423
647 426
647 427
647 431
647 432
647 447
647 449
647 451
647 452
647 453
647 454
647 457
647 458
647 459
647 461
647 463
647 466
647 468
647 473
647 474
647 475
647 476
647 479
647 481
647 483
647 486
647 488
647 489
647 491
647 494
647 496
647 499
647 501
647 503
647 505
647 509
647 510
647 513
647 516
647 518
647 519
647 520
647 521
647 522
647 523
647 524
647 525
647 526
647 529
647 530
647 534
647 537
647 545
647 546
647 547
647 548
647 549
647 550
647 551
647 555
647 556
647 557
647 558
647 562
647 563
647 564
647 566
647 568
647 569
647 570
647 571
647 572
647 574
647 577
647 578
647 579
647 580
647 582
647 583
647 585
647 586
647 589
647 590
647 595
647 596
647 597
647 598
647 599
647 602
647 603
647 604
647 605
647 606
647 607
647 608
647 610
647 612
647 614
647 616
647 617
647 618
647 621
647 622
647 623
647 627
647 629
647 630
647 631
647 633
647 634
647 635
647 638
647 642
647 644
647 645
647 649
647 650
647 652
647 653
647 654
647 655
647 656
647 657
647 658
647 660
647 662
647 664
647 665
647 666
647 667
647 668
647 678
647 679
647 681
647 684
647 686
647 687
647 689
647 691
647 697
647 698
647 699
647 703
647 705
647 707
647 709
647 713
647 714
647 716
647 719
647 721
647 725
647 727
647 728
647 729
647 730
647 731
647 732
647 734
647 738
647 739
647 740
647 741
647 745
647 746
647 747
647 748
647 749
647 751
647 753
647 754
647 755
647 757
647 760
647 761
647 762
647 763
647 764
647 765
647 766
647 767
647 768
647 771
647 773
647 774
647 775
647 776
647 777
647 779
647 780
647 781
647 782
647 783
647 784
647 786
647 788
647 790
647 791
647 794
647 796
647 798
647 801
647 802
647 803
647 804
647 805
647 806
647 807
647 808
647 809
647 810
647 814
647 815
647 816
647 817
647 818
647 819
647 820
647 822
647 823
647 826
647 827
647 828
647 832
647 833
647 835
647 837
647 838
647 840
647 841
647 842
647 846
647 847
647 848
647 849
647 850
647 851
647 855
647 856
647 857
647 858
647 860
647 861
647 862
647 863
647 864
647 867
647 868
647 869
647 870
647 872
647 873
647 875
647 877
647 878
647 880
647 881
647 882
647 883
647 884
647 887
647 889
647 890
647 893
647 894
647 896
647 897
647 898
647 900
647 901
647 902
647 903
647 904
647 905
647 906
647 909
647 910
647 911
647 912
647 914
647 916
647 918
647 919
647 920
647 921
647 922
647 923
647 924
647 925
647 926
647 927
647 928
647 929
647 930
647 931
647 932
647 933
647 934
647 935
647 937
647 938
647 939
647 940
647 941
647 942
647 943
647 944
647 945
647 947
647 948
647 949
647 951
647 953
647 954
647 956
647 957
647 959
647 960
647 961
649 317
649 340
649 385
649 454
649 562
649 585
649 595
649 668
649 709
649 757
649 776
649 817
649 837
649 877
653 317
653 321
653 340
653 385
653 454
653 546
653 562
653 585
653 595
653 622
653 649
653 668
653 709
653 731
653 746
653 757
653 776
653 786
653 815
653 817
653 837
653 846
653 877
653 884
654 317
654 319
654 321
654 326
654 337
654 340
654 344
654 345
654 350
654 351
654 352
654 354
654 356
654 367
654 385
654 388
654 389
654 397
654 401
654 412
654 423
654 452
654 454
654 456
654 457
654 461
654 476
654 491
654 496
654 499
654 506
654 508
654 513
654 527
654 535
654 537
654 546
654 550
654 555
654 562
654 569
654 570
654 579
654 585
654 586
654 595
654 602
654 606
654 614
654 618
654 619
654 622
654 644
654 649
654 653
654 665
654 666
654 668
654 684
654 686
654 687
654 709
654 713
654 727
654 728
654 729
654 731
654 739
654 746
654 747
654 749
654 757
654 761
654 765
654 766
654 768
654 786
654 791
654 801
654 805
654 809
654 815
654 817
654 820
654 826
654 827
654 837
654 842
654 846
654 847
654 850
654 851
654 858
654 868
654 875
654 877
654 884
654 888
654 890
654 896
654 897
654 910
654 919
654 926
654 928
654 935
654 939
654 947
655 317
655 319
655 321
655 326
655 337
655 340
655 344
655 345
655 350
655 351
655 352
655 354
655 356
655 367
655 381
655 385
655 388
655 389
655 397
655 401
655 412
655 413
655 423
655 452
655 454
655 456
655 457
655 461
655 476
655 491
655 496
655 499
655 506
655 508
655 513
655 521
655 527
655 535
655 537
655 546
655 550
655 555
655 558
655 562
655 569
655 570
655 579
655 582
655 585
655 586
655 595
655 602
655 606
655 614
655 618
655 619
655 621
655 622
655 627
655 644
655 649
655 653
655 654
655 658
655 665
655 666
655 668
655 681
655 684
655 686
655 687
655 698
655 709
655 713
655 719
655 721
655 727
655 728
655 729
655 731
655 739
655 746
655 747
655 749
655 755
655 757
655 761
655 765
655 766
655 768
655 780
655 786
655 791
655 801
655 804
655 805
655 808
655 809
655 815
655 817
655 820
655 826
655 827
655 837
655 840
655 842
655 846
655 847
655 850
655 851
655 858
655 862
655 863
655 868
655 875
655 877
655 880
655 884
655 888
655 890
655 896
655 897
655 909
655 910
655 919
655 926
655 928
655 935
655 939
655 947
655 948
655 951
655 961
657 364
657 378
657 391
657 396
657 400
657 424
657 427
657 443
657 449
657 458
657 462
657 474
657 484
657 485
657 495
657 538
657 554
657 601
657 609
657 625
657 651
657 669
657 670
657 671
657 685
657 691
657 696
657 700
657 701
657 719
657 737
657 750
657 751
657 752
657 769
657 770
657 772
657 787
657 795
657 797
657 800
657 811
657 812
657 834
657 836
657 843
657 844
657 854
657 860
657 865
657 866
657 873
657 885
657 891
657 895
657 907
657 908
657 917
657 947
657 952
657 956
657 957
657 958
662 317
662 319
662 321
662 326
662 331
662 337
662 340
662 344
662 345
662 350
662 351
662 352
662 354
662 356
662 367
662 381
662 385
662 388
662 389
662 392
662 397
662 401
662 412
662 413
662 423
662 447
662 452
662 454
662 456
662 457
662 461
662 476
662 479
662 491
662 496
662 499
662 506
662 508
662 513
662 521
662 527
662 529
662 530
662 535
662 537
662 546
662 550
662 555
662 558
662 562
662 569
662 570
662 579
662 582
662 585
662 586
662 595
662 602
662 606
662 612
662 614
662 618
662 619
662 621
662 622
662 623
662 627
662 644
662 649
662 653
662 654
662 655
662 658
662 665
662 666
662 668
662 679
662 681
662 684
662 686
662 687
662 698
662 709
662 713
662 719
662 721
662 727
662 728
662 729
662 731
662 739
662 746
662 747
662 749
662 755
662 757
662 760
662 761
662 765
662 766
662 768
662 780
662 786
662 791
662 796
662 801
662 804
662 805
662 808
662 809
662 815
662 817
662 820
662 826
662 827
662 832
662 837
662 840
662 842
662 846
662 847
662 848
662 850
662 851
662 858
662 862
662 863
662 868
662 870
662 875
662 877
662 878
662 880
662 884
662 888
662 890
662 894
662 896
662 897
662 903
662 909
662 910
662 919
662 921
662 926
662 928
662 932
662 935
662 939
662 947
662 948
662 951
662 961
668 317
668 385
668 454
668 585
668 709
668 757
668 776
668 817
668 837
668 877
672 544
672 591
672 593
672 628
672 695
672 710
672 718
672 723
672 736
672 744
672 759
675 0
679 317
679 319
679 321
679 326
679 331
679 337
679 340
679 344
679 345
679 350
679 351
679 352
679 354
679 356
679 367
679 381
679 385
679 388
679 389
679 392
679 397
679 401
679 412
679 413
679 423
679 452
679 454
679 456
679 457
679 461
679 476
679 479
679 491
679 496
679 499
679 506
679 508
679 513
679 521
679 527
679 530
679 535
679 537
679 546
679 550
679 555
679 558
679 562
679 569
679 570
679 579
679 582
679 585
679 586
679 595
679 602
679 606
679 612
679 614
679 618
679 619
679 621
679 622
679 623
679 627
679 644
679 649
679 653
679 654
679 655
679 658
679 665
679 666
679 668
679 681
679 684
679 686
679 687
679 698
679 709
679 713
679 719
679 721
679 727
679 728
679 729
679 731
679 739
679 746
679 747
679 749
679 755
679 757
679 760
679 761
679 765
679 766
679 768
679 780
679 786
679 791
679 796
679 801
679 804
679 805
679 808
679 809
679 815
679 817
679 820
679 826
679 827
679 832
679 837
679 840
679 842
679 846
679 847
679 848
679 850
679 851
679 858
679 862
679 863
679 868
679 870
679 875
679 877
679 878
679 880
679 884
679 888
679 890
679 894
679 896
679 897
679 903
679 909
679 910
679 919
679 926
679 928
679 932
679 935
679 939
679 947
679 948
679 951
679 961
681 317
681 319
681 321
681 326
681 337
681 340
681 344
681 345
681 350
681 351
681 352
681 354
681 356
681 367
681 385
681 388
681 389
681 397
681 401
681 412
681 423
681 452
681 454
681 456
681 457
681 461
681 476
681 491
681 496
681 499
681 506
681 508
681 513
681 527
681 535
681 537
681 546
681 550
681 555
681 562
681 569
681 570
681 579
681 585
681 586
681 595
681 602
681 606
681 614
681 618
681 619
681 622
681 644
681 649
681 653
681 654
681 665
681 666
681 668
681 684
681 686
681 687
681 698
681 709
681 713
681 727
681 728
681 729
681 731
681 739
681 746
681 747
681 749
681 757
681 761
681 765
681 766
681 768
681 786
681 791
681 801
681 805
681 809
681 815
681 817
681 820
681 826
681 827
681 837
681 842
681 846
681 847
681 850
681 851
681 858
681 868
681 875
681 877
681 880
681 884
681 888
681 890
681 896
681 897
681 910
681 919
681 926
681 928
681 935
681 939
681 947
681 951
681 961
683 0
683 722
683 756
690 0
690 722
690 756
697 353
697 364
697 373
697 383
697 391
697 396
697 400
697 404
697 419
697 424
697 427
697 449
697 458
697 459
697 462
697 463
697 473
697 474
697 475
697 483
697 484
697 485
697 489
697 495
697 505
697 510
697 518
697 523
697 531
697 538
697 548
697 549
697 551
697 574
697 577
697 578
697 599
697 601
697 607
697 609
697 611
697 616
697 625
697 626
697 631
697 634
697 638
697 642
697 651
697 652
697 657
697 667
697 669
697 670
697 671
697 691
697 700
697 701
697 714
697 725
697 737
697 738
697 741
697 748
697 750
697 751
697 753
697 754
697 769
697 770
697 774
697 781
697 782
697 789
697 797
697 807
697 811
697 812
697 818
697 830
697 834
697 835
697 841
697 843
697 849
697 854
697 856
697 860
697 865
697 873
697 882
697 893
697 895
697 907
697 908
697 917
697 929
697 940
697 943
697 944
697 956
697 957
697 958
697 959
697 960
708 0
709 385
709 817
709 837
709 877
710 544
710 591
710 593
710 628
710 695
710 718
710 723
710 736
710 744
710 759
718 515
718 591
718 593
718 628
718 695
718 723
718 744
718 759
721 317
721 319
721 321
721 326
721 337
721 340
721 344
721 345
721 350
721 351
721 352
721 354
721 356
721 367
721 385
721 388
721 389
721 397
721 401
721 412
721 423
721 452
721 454
721 456
721 457
721 461
721 476
721 491
721 496
721 499
721 506
721 508
721 513
721 521
721 527
721 535
721 537
721 546
721 550
721 555
721 558
721 562
721 569
721 570
721 579
721 582
721 585
721 586
721 595
721 602
721 606
721 614
721 618
721 619
721 621
721 622
721 644
721 649
721 653
721 654
721 658
721 665
721 666
721 668
721 681
721 684
721 686
721 687
721 698
721 709
721 713
721 719
721 727
721 728
721 729
721 731
721 739
721 746
721 747
721 749
721 755
721 757
721 761
721 765
721 766
721 768
721 780
721 786
721 791
721 801
721 804
721 805
721 808
721 809
721 815
721 817
721 820
721 826
721 827
721 837
721 840
721 842
721 846
721 847
721 850
721 851
721 858
721 863
721 868
721 875
721 877
721 880
721 884
721 888
721 890
721 896
721 897
721 909
721 910
721 919
721 926
721 928
721 935
721 939
721 947
721 951
721 961
728 685
728 696
728 719
728 752
728 757
728 769
728 787
728 793
728 800
728 836
728 844
728 866
728 947
731 317
731 321
731 340
731 385
731 454
731 562
731 585
731 595
731 622
731 649
731 668
731 709
731 746
731 757
731 776
731 817
731 837
731 877
732 364
732 378
732 391
732 396
732 400
732 424
732 427
732 443
732 449
732 458
732 462
732 474
732 484
732 485
732 495
732 538
732 554
732 601
732 609
732 625
732 651
732 669
732 670
732 671
732 685
732 691
732 696
732 700
732 701
732 719
732 737
732 750
732 752
732 769
732 770
732 772
732 787
732 795
732 797
732 800
732 811
732 812
732 834
732 836
732 843
732 844
732 854
732 865
732 866
732 885
732 891
732 895
732 907
732 908
732 917
732 947
732 952
732 956
732 957
732 958
736 544
736 591
736 593
736 628
736 695
736 718
736 723
736 744
736 759
739 317
739 321
739 340
739 385
739 454
739 457
739 546
739 562
739 585
739 595
739 622
739 649
739 653
739 668
739 709
739 713
739 731
739 746
739 757
739 776
739 786
739 815
739 817
739 837
739 846
739 877
739 884
741 373
741 383
741 391
741 396
741 400
741 404
741 419
741 424
741 427
741 459
741 462
741 463
741 473
741 484
741 485
741 489
741 495
741 505
741 510
741 518
741 523
741 531
741 538
741 549
741 551
741 578
741 601
741 609
741 611
741 616
741 625
741 626
741 631
741 634
741 638
741 642
741 651
741 652
741 670
741 671
741 700
741 701
741 714
741 725
741 737
741 738
741 750
741 753
741 754
741 769
741 770
741 781
741 782
741 789
741 797
741 807
741 811
741 812
741 818
741 830
741 834
741 835
741 843
741 854
741 856
741 882
741 929
741 944
741 959
741 960
746 317
746 340
746 385
746 454
746 562
746 585
746 595
746 649
746 668
746 709
746 757
746 776
746 817
746 837
746 877
747 317
747 319
747 321
747 326
747 337
747 340
747 344
747 350
747 356
747 385
747 388
747 397
747 401
747 412
747 423
747 452
747 454
747 456
747 457
747 461
747 499
747 508
747 513
747 535
747 537
747 546
747 550
747 555
747 562
747 569
747 570
747 585
747 586
747 595
747 602
747 614
747 618
747 619
747 622
747 649
747 653
747 665
747 668
747 686
747 687
747 709
747 713
747 728
747 731
747 739
747 746
747 749
747 757
747 765
747 766
747 768
747 776
747 786
747 791
747 805
747 809
747 815
747 817
747 826
747 827
747 837
747 842
747 846
747 847
747 850
747 851
747 868
747 875
747 877
747 884
747 888
747 890
747 896
747 897
747 919
747 926
747 928
747 939
747 947
748 353
748 364
748 373
748 383
748 391
748 396
748 400
748 404
748 419
748 424
748 427
748 449
748 458
748 459
748 462
748 463
748 473
748 474
748 475
748 483
748 484
748 485
748 489
748 495
748 505
748 510
748 518
748 523
748 531
748 538
748 548
748 549
748 551
748 574
748 577
748 578
748 599
748 601
748 607
748 609
748 611
748 616
748 625
748 626
748 631
748 634
748 638
748 642
748 651
748 652
748 657
748 667
748 669
748 670
748 671
748 691
748 697
748 700
748 701
748 714
748 725
748 738
748 741
748 752
748 753
748 754
748 772
748 774
748 781
748 782
748 795
748 800
748 807
748 844
748 849
748 856
748 866
748 882
748 885
748 891
748 929
748 940
748 943
748 944
748 952
748 960
749 317
749 319
749 321
749 326
749 337
749 340
749 344
749 350
749 385
749 388
749 397
749 412
749 423
749 452
749 454
749 456
749 457
749 461
749 499
749 508
749 513
749 535
749 537
749 546
749 550
749 555
749 562
749 569
749 570
749 585
749 586
749 595
749 602
749 614
749 618
749 619
749 622
749 649
749 653
749 665
749 668
749 686
749 709
749 713
749 728
749 731
749 739
749 746
749 757
749 765
749 766
749 768
749 776
749 786
749 815
749 817
749 826
749 827
749 837
749 842
749 846
749 847
749 850
749 868
749 875
749 877
749 884
749 888
749 890
749 896
749 897
749 919
749 926
749 928
749 947
757 443
757 685
757 696
757 719
757 752
757 769
757 772
757 787
757 793
757 800
757 836
757 844
757 866
757 947
758 592
758 648
758 677
766 317
766 321
766 326
766 340
766 344
766 350
766 385
766 388
766 397
766 423
766 452
766 454
766 456
766 457
766 461
766 499
766 508
766 513
766 535
766 537
766 546
766 555
766 562
766 569
766 570
766 585
766 595
766 602
766 618
766 622
766 649
766 653
766 665
766 668
766 709
766 713
766 728
766 731
766 739
766 746
766 757
766 765
766 776
766 786
766 815
766 817
766 827
766 837
766 846
766 850
766 875
766 877
766 884
766 888
766 890
766 896
766 919
766 947
774 353
774 364
774 378
774 391
774 396
774 400
774 424
774 427
774 443
774 449
774 458
774 462
774 474
774 484
774 485
774 495
774 538
774 548
774 549
774 554
774 574
774 601
774 607
774 609
774 625
774 651
774 657
774 669
774 670
774 671
774 685
774 691
774 696
774 700
774 701
774 719
774 737
774 750
774 751
774 752
774 769
774 770
774 772
774 787
774 795
774 797
774 800
774 811
774 812
774 834
774 836
774 841
774 843
774 844
774 854
774 860
774 865
774 866
774 873
774 885
774 891
774 895
774 907
774 908
774 917
774 947
774 952
774 956
774 957
774 958
776 385
776 585
776 709
776 757
776 817
776 837
776 877
783 317
783 319
783 321
783 323
783 326
783 331
783 337
783 340
783 344
783 345
783 347
783 350
783 351
783 352
783 354
783 356
783 357
783 358
783 367
783 374
783 375
783 377
783 381
783 383
783 388
783 389
783 392
783 397
783 401
783 403
783 407
783 409
783 410
783 411
783 412
783 413
783 416
783 421
783 423
783 447
783 451
783 452
783 453
783 454
783 456
783 457
783 461
783 466
783 468
783 476
783 479
783 483
783 491
783 496
783 499
783 501
783 506
783 508
783 509
783 513
783 516
783 521
783 524
783 525
783 526
783 527
783 529
783 530
783 535
783 537
783 545
783 546
783 547
783 550
783 555
783 556
783 557
783 558
783 562
783 563
783 564
783 566
783 569
783 570
783 571
783 577
783 579
783 582
783 583
783 585
783 586
783 589
783 590
783 595
783 596
783 602
783 604
783 606
783 610
783 612
783 614
783 618
783 619
783 621
783 622
783 623
783 627
783 644
783 645
783 649
783 653
783 654
783 655
783 656
783 658
783 660
783 662
783 665
783 666
783 668
783 678
783 679
783 681
783 684
783 686
783 687
783 697
783 698
783 703
783 705
783 707
783 709
783 713
783 716
783 719
783 721
783 727
783 728
783 729
783 731
783 734
783 739
783 745
783 746
783 747
783 748
783 749
783 755
783 760
783 761
783 762
783 763
783 765
783 766
783 768
783 771
783 777
783 780
783 784
783 786
783 788
783 790
783 791
783 794
783 796
783 798
783 801
783 802
783 803
783 804
783 805
783 806
783 808
783 809
783 810
783 815
783 816
783 817
783 819
783 820
783 822
783 823
783 826
783 827
783 828
783 832
783 833
783 837
783 838
783 840
783 842
783 846
783 847
783 848
783 850
783 851
783 858
783 861
783 862
783 863
783 867
783 868
783 869
783 870
783 872
783 875
783 877
783 878
783 880
783 881
783 883
783 884
783 890
783 894
783 896
783 897
783 900
783 901
783 902
783 903
783 909
783 910
783 918
783 919
783 921
783 922
783 923
783 924
783 926
783 928
783 930
783 932
783 933
783 934
783 935
783 937
783 939
783 940
783 941
783 943
783 947
783 948
783 949
783 951
783 954
783 961
786 317
786 321
786 340
786 385
786 454
786 562
786 585
786 595
786 622
786 649
786 668
786 709
786 731
786 746
786 757
786 776
786 817
786 837
786 846
786 877
788 317
788 319
788 321
788 323
788 326
788 331
788 337
788 340
788 344
788 345
788 347
788 350
788 351
788 352
788 354
788 356
788 357
788 358
788 367
788 374
788 375
788 377
788 381
788 388
788 389
788 392
788 397
788 401
788 403
788 407
788 409
788 410
788 411
788 412
788 413
788 416
788 421
788 423
788 447
788 451
788 452
788 453
788 454
788 456
788 457
788 461
788 466
788 476
788 479
788 483
788 491
788 496
788 499
788 501
788 506
788 508
788 513
788 516
788 521
788 524
788 525
788 526
788 527
788 529
788 530
788 535
788 537
788 545
788 546
788 547
788 550
788 555
788 558
788 562
788 566
788 569
788 570
788 571
788 579
788 582
788 583
788 585
788 586
788 589
788 590
788 595
788 596
788 602
788 604
788 606
788 612
788 614
788 618
788 619
788 621
788 622
788 623
788 627
788 644
788 645
788 649
788 653
788 654
788 655
788 656
788 658
788 660
788 662
788 665
788 666
788 668
788 678
788 679
788 681
788 684
788 686
788 687
788 697
788 698
788 703
788 705
788 707
788 709
788 713
788 716
788 719
788 721
788 727
788 728
788 729
788 731
788 734
788 739
788 745
788 746
788 747
788 748
788 749
788 755
788 760
788 761
788 762
788 763
788 765
788 766
788 768
788 771
788 777
788 780
788 786
788 790
788 791
788 794
788 796
788 798
788 801
788 802
788 804
788 805
788 806
788 808
788 809
788 810
788 815
788 817
788 819
788 820
788 822
788 823
788 826
788 827
788 828
788 832
788 833
788 837
788 838
788 840
788 842
788 846
788 847
788 848
788 850
788 851
788 858
788 862
788 863
788 868
788 869
788 870
788 872
788 875
788 877
788 878
788 880
788 883
788 884
788 890
788 894
788 896
788 897
788 900
788 901
788 902
788 903
788 909
788 910
788 918
788 919
788 921
788 922
788 923
788 924
788 926
788 928
788 930
788 932
788 933
788 934
788 935
788 937
788 939
788 940
788 941
788 943
788 947
788 948
788 951
788 954
788 961
791 317
791 319
791 321
791 326
791 337
791 340
791 344
791 350
791 356
791 385
791 388
791 397
791 401
791 412
791 423
791 452
791 454
791 456
791 457
791 461
791 499
791 508
791 513
791 535
791 537
791 546
791 550
791 555
791 562
791 569
791 570
791 585
791 586
791 595
791 602
791 614
791 618
791 619
791 622
791 649
791 653
791 665
791 668
791 686
791 709
791 713
791 728
791 731
791 739
791 746
791 749
791 757
791 765
791 766
791 768
791 776
791 786
791 815
791 817
791 826
791 827
791 837
791 842
791 846
791 847
791 850
791 851
791 868
791 875
791 877
791 884
791 888
791 890
791 896
791 897
791 919
791 926
791 928
791 947
793 378
793 396
793 443
793 554
793 685
793 696
793 719
793 752
793 769
793 772
793 787
793 795
793 800
793 836
793 844
793 866
793 947
793 952
798 317
798 319
798 321
798 326
798 331
798 337
798 340
798 344
798 345
798 347
798 350
798 351
798 352
798 354
798 356
798 367
798 381
798 385
798 388
798 389
798 392
798 397
798 401
798 412
798 413
798 423
798 447
798 452
798 454
798 456
798 457
798 461
798 476
798 479
798 491
798 496
798 499
798 506
798 508
798 513
798 521
798 527
798 529
798 530
798 535
798 537
798 546
798 550
798 555
798 558
798 562
798 569
798 570
798 579
798 582
798 585
798 586
798 595
798 602
798 606
798 612
798 614
798 618
798 619
798 621
798 622
798 623
798 627
798 644
798 645
798 649
798 653
798 654
798 655
798 658
798 662
798 665
798 666
798 668
798 679
798 681
798 684
798 686
798 687
798 698
798 705
798 709
798 713
798 719
798 721
798 727
798 728
798 729
798 731
798 739
798 746
798 747
798 749
798 755
798 757
798 760
798 761
798 765
798 766
798 768
798 780
798 786
798 791
798 796
798 801
798 804
798 805
798 806
798 808
798 809
798 815
798 817
798 819
798 820
798 826
798 827
798 832
798 837
798 840
798 842
798 846
798 847
798 848
798 850
798 851
798 858
798 862
798 863
798 868
798 869
798 870
798 875
798 877
798 878
798 880
798 884
798 888
798 890
798 894
798 896
798 897
798 903
798 909
798 910
798 919
798 921
798 924
798 926
798 928
798 932
798 935
798 939
798 947
798 948
798 951
798 961
803 317
803 319
803 321
803 323
803 326
803 331
803 337
803 340
803 344
803 345
803 347
803 350
803 351
803 352
803 354
803 356
803 357
803 358
803 367
803 374
803 375
803 377
803 381
803 383
803 388
803 389
803 392
803 397
803 401
803 403
803 407
803 409
803 410
803 411
803 412
803 413
803 416
803 421
803 423
803 447
803 451
803 452
803 453
803 454
803 456
803 457
803 461
803 466
803 468
803 476
803 479
803 483
803 491
803 496
803 499
803 501
803 506
803 508
803 513
803 516
803 521
803 524
803 525
803 526
803 527
803 529
803 530
803 535
803 537
803 545
803 546
803 547
803 550
803 555
803 556
803 558
803 562
803 563
803 564
803 566
803 569
803 570
803 571
803 577
803 579
803 582
803 583
803 585
803 586
803 589
803 590
803 595
803 596
803 602
803 604
803 606
803 610
803 612
803 614
803 618
803 619
803 621
803 622
803 623
803 627
803 644
803 645
803 649
803 653
803 654
803 655
803 656
803 658
803 660
803 662
803 665
803 666
803 668
803 678
803 679
803 681
803 684
803 686
803 687
803 697
803 698
803 703
803 705
803 707
803 709
803 713
803 716
803 719
803 721
803 727
803 728
803 729
803 731
803 734
803 739
803 745
803 746
803 747
803 748
803 749
803 755
803 760
803 761
803 762
803 763
803 765
803 766
803 768
803 771
803 777
803 780
803 784
803 786
803 788
803 790
803 791
803 794
803 796
803 798
803 801
803 802
803 804
803 805
803 806
803 808
803 809
803 810
803 815
803 816
803 817
803 819
803 820
803 822
803 823
803 826
803 827
803 828
803 832
803 833
803 837
803 838
803 840
803 842
803 846
803 847
803 848
803 850
803 851
803 858
803 861
803 862
803 863
803 867
803 868
803 869
803 870
803 872
803 875
803 877
803 878
803 880
803 883
803 884
803 890
803 894
803 896
803 897
803 900
803 901
803 902
803 903
803 909
803 910
803 918
803 919
803 921
803 922
803 923
803 924
803 926
803 928
803 930
803 932
803 933
803 934
803 935
803 937
803 939
803 940
803 941
803 943
803 947
803 948
803 949
803 951
803 954
803 961
809 849
809 856
809 863
809 869
809 882
809 893
809 894
809 901
809 902
809 917
809 922
809 924
809 926
809 929
809 932
809 940
809 941
809 943
809 944
809 948
809 959
809 960
813 353
813 373
813 378
813 383
813 404
813 419
813 443
813 463
813 473
813 505
813 510
813 518
813 523
813 548
813 551
813 554
813 574
813 577
813 578
813 599
813 607
813 616
813 634
813 638
813 642
813 652
813 667
813 697
813 714
813 725
813 738
813 741
813 748
813 753
813 754
813 774
813 781
813 782
813 807
813 849
813 856
813 882
813 929
813 940
813 943
813 944
813 960
816 373
816 383
816 403
816 404
816 419
816 463
816 473
816 505
816 510
816 518
816 523
816 551
816 577
816 578
816 583
816 599
816 616
816 634
816 638
816 642
816 652
816 667
816 697
816 714
816 725
816 738
816 741
816 748
816 753
816 754
816 781
816 782
816 807
816 849
816 856
816 882
816 929
816 940
816 941
816 943
816 944
816 960
817 385
817 831
817 875
827 317
827 321
827 340
827 344
827 350
827 385
827 388
827 452
827 454
827 457
827 461
827 499
827 513
827 535
827 546
827 555
827 562
827 569
827 585
827 595
827 618
827 622
827 649
827 653
827 665
827 668
827 702
827 709
827 713
827 728
827 731
827 739
827 746
827 757
827 765
827 776
827 786
827 815
827 817
827 837
827 846
827 850
827 877
827 884
827 896
827 919
827 947
831 385
831 875
837 385
837 817
837 877
839 378
839 391
839 396
839 400
839 443
839 462
839 484
839 485
839 495
839 554
839 601
839 609
839 625
839 651
839 670
839 671
839 685
839 696
839 700
839 701
839 719
839 737
839 750
839 752
839 769
839 770
839 772
839 787
839 795
839 797
839 800
839 811
839 834
839 836
839 843
839 844
839 854
839 866
839 885
839 891
839 908
839 917
839 947
839 952
841 364
841 378
841 391
841 396
841 400
841 424
841 427
841 443
841 449
841 458
841 462
841 474
841 484
841 485
841 495
841 538
841 554
841 601
841 609
841 625
841 651
841 657
841 669
841 670
841 671
841 685
841 691
841 696
841 700
841 701
841 719
841 737
841 750
841 751
841 752
841 769
841 770
841 772
841 787
841 795
841 797
841 800
841 811
841 812
841 834
841 836
841 843
841 844
841 854
841 865
841 866
841 885
841 891
841 895
841 907
841 908
841 917
841 947
841 952
841 956
841 957
841 958
848 317
848 319
848 321
848 326
848 337
848 340
848 344
848 345
848 350
848 351
848 352
848 354
848 356
848 367
848 381
848 385
848 388
848 389
848 397
848 401
848 412
848 413
848 423
848 452
848 454
848 456
848 457
848 461
848 476
848 491
848 496
848 499
848 506
848 508
848 513
848 521
848 527
848 535
848 537
848 546
848 550
848 555
848 558
848 562
848 569
848 570
848 579
848 582
848 585
848 586
848 595
848 602
848 606
848 614
848 618
848 619
848 621
848 622
848 627
848 644
848 649
848 653
848 654
848 655
848 658
848 665
848 666
848 668
848 681
848 684
848 686
848 687
848 698
848 709
848 713
848 719
848 721
848 727
848 728
848 729
848 731
848 739
848 746
848 747
848 749
848 755
848 757
848 761
848 765
848 766
848 768
848 780
848 786
848 791
848 796
848 801
848 804
848 805
848 808
848 809
848 815
848 817
848 820
848 826
848 827
848 832
848 837
848 840
848 842
848 846
848 847
848 850
848 851
848 858
848 862
848 863
848 868
848 875
848 877
848 878
848 880
848 884
848 888
848 890
848 896
848 897
848 909
848 910
848 919
848 926
848 928
848 932
848 935
848 939
848 947
848 948
848 951
848 961
850 317
850 321
850 340
850 385
850 388
850 452
850 454
850 457
850 546
850 555
850 562
850 585
850 595
850 622
850 649
850 653
850 665
850 668
850 709
850 713
850 728
850 731
850 739
850 746
850 757
850 776
850 786
850 815
850 817
850 837
850 846
850 877
850 884
877 385
877 817
880 317
880 319
880 321
880 326
880 337
880 340
880 344
880 345
880 350
880 351
880 352
880 354
880 356
880 367
880 385
880 388
880 389
880 397
880 401
880 412
880 423
880 452
880 454
880 456
880 457
880 461
880 476
880 491
880 496
880 499
880 506
880 508
880 513
880 527
880 535
880 537
880 546
880 550
880 555
880 562
880 569
880 570
880 579
880 585
880 586
880 595
880 602
880 606
880 614
880 618
880 619
880 622
880 644
880 649
880 653
880 654
880 665
880 666
880 668
880 684
880 686
880 687
880 698
880 709
880 713
880 727
880 728
880 729
880 731
880 739
880 746
880 747
880 749
880 757
880 761
880 765
880 766
880 768
880 786
880 791
880 801
880 805
880 809
880 815
880 817
880 820
880 826
880 827
880 837
880 842
880 846
880 847
880 850
880 851
880 858
880 868
880 875
880 877
880 884
880 888
880 890
880 896
880 897
880 910
880 919
880 926
880 928
880 935
880 939
880 947
880 951
880 961
883 317
883 319
883 321
883 326
883 331
883 337
883 340
883 344
883 345
883 347
883 350
883 351
883 352
883 354
883 356
883 357
883 367
883 374
883 377
883 381
883 385
883 388
883 389
883 392
883 397
883 401
883 411
883 412
883 413
883 416
883 423
883 447
883 452
883 454
883 456
883 457
883 461
883 476
883 479
883 491
883 496
883 499
883 501
883 506
883 508
883 513
883 521
883 524
883 527
883 529
883 530
883 535
883 537
883 546
883 550
883 555
883 558
883 562
883 566
883 569
883 570
883 579
883 582
883 585
883 586
883 595
883 602
883 604
883 606
883 612
883 614
883 618
883 619
883 621
883 622
883 623
883 627
883 644
883 645
883 649
883 653
883 654
883 655
883 656
883 658
883 662
883 665
883 666
883 668
883 679
894 317
894 319
894 321
894 323
894 326
894 328
894 331
894 334
894 337
894 339
894 340
894 344
894 345
894 347
894 350
894 351
894 352
894 353
894 354
894 356
894 357
894 358
894 364
894 367
894 373
894 374
894 375
894 377
894 381
894 383
894 388
894 389
894 390
894 392
894 397
894 398
894 401
894 403
894 404
894 407
894 408
894 409
894 410
894 411
894 412
894 413
894 415
894 416
894 419
894 421
894 422
894 423
894 426
894 431
894 432
894 447
894 449
894 451
894 452
894 453
894 454
894 456
894 457
894 458
894 459
894 461
894 463
894 466
894 468
894 472
894 473
894 474
894 475
894 476
894 479
894 481
894 483
894 486
894 488
894 489
894 491
894 494
894 496
894 499
894 501
894 503
894 505
894 506
894 508
894 509
894 513
894 516
894 518
894 519
894 520
894 521
894 522
894 523
894 524
894 525
894 526
894 527
894 529
894 530
894 534
894 535
894 537
894 545
894 546
894 547
894 548
894 549
894 550
894 551
894 553
894 555
894 556
894 557
894 558
894 562
894 563
894 564
894 566
894 569
894 570
894 571
894 572
894 574
894 575
894 577
894 578
894 580
894 582
894 583
894 585
894 586
894 589
894 590
894 595
894 596
894 597
894 598
894 599
894 602
894 603
894 604
894 605
894 606
894 607
894 608
894 610
894 611
894 612
894 614
894 616
894 617
894 618
894 619
894 621
894 622
894 623
894 627
894 629
894 630
894 631
894 633
894 634
894 638
894 642
894 644
894 645
894 646
894 647
894 649
894 650
894 652
894 653
894 654
894 655
894 657
894 658
894 660
894 662
894 664
894 665
894 666
894 667
894 668
894 669
894 678
894 679
894 681
894 684
894 686
894 687
894 689
894 691
894 697
894 698
894 699
894 702
894 703
894 705
894 707
894 709
894 713
894 714
894 716
894 721
894 725
894 727
894 729
894 730
894 731
894 732
894 734
894 738
894 739
894 740
894 741
894 745
894 746
894 747
894 748
894 749
894 751
894 753
894 754
894 755
894 760
894 761
894 762
894 763
894 764
894 765
894 766
894 767
894 768
894 771
894 773
894 774
894 775
894 776
894 777
894 779
894 780
894 781
894 782
894 783
894 784
894 786
894 788
894 790
894 791
894 794
894 796
894 798
894 799
894 801
894 802
894 803
894 804
894 805
894 806
894 807
894 808
894 809
894 810
894 814
894 815
894 816
894 818
894 819
894 820
894 821
894 822
894 823
894 826
894 827
894 828
894 830
894 832
894 833
894 835
894 837
894 838
894 839
894 840
894 841
894 842
894 845
894 846
894 847
894 848
894 849
894 850
894 851
894 855
894 856
894 857
894 858
894 860
894 861
894 862
894 863
894 864
894 865
894 867
894 868
894 869
894 870
894 872
894 873
894 878
894 880
894 881
894 882
894 883
894 884
894 887
894 888
894 889
894 890
894 893
894 895
894 896
894 897
894 898
894 900
894 901
894 902
894 903
894 904
894 905
894 906
894 907
894 909
894 910
894 911
894 912
894 914
894 915
894 916
894 918
894 919
894 920
894 921
894 922
894 923
894 924
894 925
894 926
894 927
894 928
894 929
894 930
894 931
894 932
894 933
894 934
894 935
894 936
910 868
910 869
910 870
910 872
910 878
910 880
910 881
910 882
910 883
910 884
910 885
910 887
910 888
910 889
910 890
910 891
910 894
910 896
910 897
910 898
910 900
910 901
910 902
910 903
910 904
910 905
910 906
910 909
910 911
910 912
910 914
910 915
910 916
910 918
910 919
910 920
910 921
910 922
910 923
910 924
910 925
910 926
910 927
910 928
910 929
910 930
910 931
910 932
910 933
910 934
910 935
910 936
910 937
910 938
910 939
910 940
910 941
910 942
910 943
910 944
910 945
910 948
910 949
910 951
910 952
910 953
910 954
910 959
924 317
924 319
924 321
924 323
924 326
924 328
924 331
924 334
924 337
924 339
924 340
924 344
924 345
924 347
924 350
924 351
924 352
924 354
924 356
924 357
924 358
924 364
924 367
924 374
924 375
924 377
924 381
924 383
924 388
924 389
924 390
924 392
924 397
924 398
924 401
924 403
924 404
924 407
924 408
924 409
924 410
924 411
924 412
924 413
924 415
924 416
924 419
924 421
924 422
924 423
924 424
924 426
924 427
924 431
924 432
924 447
924 449
924 451
924 452
924 453
924 454
924 456
924 457
924 458
924 459
924 461
924 463
924 466
924 468
924 472
924 474
924 476
924 479
924 481
924 483
924 484
924 486
924 488
924 489
924 491
924 494
924 495
924 496
924 499
924 501
924 503
924 506
924 508
924 509
924 513
924 516
924 518
924 519
924 520
924 521
924 522
924 524
924 525
924 526
924 527
924 529
924 530
924 531
924 534
924 535
924 537
924 538
924 545
924 546
924 547
924 549
924 550
924 551
924 553
924 555
924 556
924 557
924 558
924 562
924 563
924 564
924 566
924 569
924 570
924 571
924 572
924 575
924 577
924 578
924 580
924 582
924 583
924 585
924 586
924 589
924 590
924 595
924 596
924 597
924 598
924 599
924 601
924 602
924 603
924 604
924 605
924 606
924 608
924 610
924 611
924 612
924 614
924 617
924 618
924 619
924 621
924 622
924 623
924 627
924 629
924 630
924 631
924 633
924 634
924 638
924 644
924 645
924 646
924 647
924 649
924 650
924 653
924 654
924 655
924 657
924 658
924 660
924 662
924 664
924 665
924 666
924 667
924 668
924 669
924 670
924 671
924 678
924 679
924 681
924 684
924 686
924 687
924 689
924 691
924 697
924 698
924 699
924 701
924 702
924 703
924 705
924 707
924 709
924 713
924 714
924 716
924 721
924 725
924 727
924 729
924 730
924 731
924 734
924 737
924 738
924 739
924 740
924 741
924 745
924 746
924 747
924 748
924 749
924 750
924 751
924 753
924 755
924 760
924 761
924 762
924 763
924 764
924 765
924 766
924 767
924 768
924 771
924 773
924 775
924 776
924 777
924 779
924 780
924 781
924 782
924 783
924 784
924 785
924 786
924 788
924 789
924 790
924 791
924 794
924 796
924 798
924 799
924 801
924 802
924 803
924 804
924 805
924 806
924 808
924 809
924 810
924 811
924 812
924 814
924 815
924 816
924 818
924 819
924 820
924 821
924 822
924 823
924 826
924 827
924 828
924 830
924 832
924 833
924 835
924 837
924 838
924 840
924 841
924 842
924 845
924 846
924 847
924 848
924 849
924 850
924 851
924 854
924 855
924 857
924 858
924 860
924 861
924 862
924 863
924 864
924 865
924 867
924 868
924 869
924 870
924 872
924 873
924 878
924 880
924 881
924 882
924 883
924 884
924 887
924 888
924 889
924 890
924 893
924 894
924 895
924 896
924 897
924 898
924 900
924 901
924 902
924 903
924 904
924 905
924 906
924 907
924 908
924 909
924 910
924 911
924 912
924 914
924 915
924 916
924 918
924 919
924 920
924 921
924 922
924 923
924 925
924 926
924 927
924 929
924 930
924 931
924 932
924 933
924 934
924 935
924 936
924 937
924 938
924 939
924 940
924 941
924 942
924 943
924 944
924 945
924 948
924 949
924 951
924 953
924 954
924 959
926 317
926 319
926 321
926 323
926 326
926 328
926 331
926 334
926 337
926 339
926 340
926 344
926 345
926 347
926 350
926 351
926 352
926 353
926 354
926 356
926 357
926 358
926 367
926 374
926 375
926 377
926 381
926 383
926 388
926 389
926 390
926 392
926 397
926 398
926 401
926 403
926 404
926 407
926 408
926 409
926 410
926 411
926 412
926 413
926 415
926 416
926 419
926 421
926 422
926 423
926 426
926 431
926 432
926 447
926 451
926 452
926 453
926 454
926 456
926 457
926 459
926 461
926 466
926 468
926 472
926 473
926 475
926 476
926 479
926 481
926 483
926 486
926 488
926 491
926 494
926 496
926 499
926 501
926 503
926 506
926 508
926 509
926 513
926 516
926 518
926 519
926 520
926 521
926 522
926 524
926 525
926 526
926 527
926 529
926 530
926 534
926 535
926 537
926 545
926 546
926 547
926 549
926 550
926 551
926 553
926 555
926 556
926 557
926 558
926 562
926 563
926 564
926 566
926 569
926 570
926 571
926 572
926 575
926 577
926 578
926 580
926 582
926 583
926 585
926 586
926 589
926 590
926 595
926 596
926 597
926 598
926 599
926 602
926 603
926 604
926 605
926 606
926 608
926 610
926 611
926 612
926 614
926 617
926 618
926 619
926 621
926 622
926 623
926 627
926 629
926 630
926 631
926 633
926 634
926 638
926 644
926 645
926 646
926 647
926 649
926 650
926 653
926 654
926 655
926 657
926 658
926 660
926 662
926 664
926 665
926 666
926 667
926 668
926 669
926 678
926 679
926 681
926 684
926 686
926 687
926 689
926 691
926 697
926 698
926 699
926 702
926 703
926 705
926 707
926 709
926 713
926 714
926 716
926 721
926 725
926 727
926 729
926 730
926 731
926 734
926 738
926 739
926 740
926 741
926 745
926 746
926 747
926 748
926 749
926 751
926 755
926 760
926 761
926 762
926 763
926 764
926 765
926 766
926 767
926 768
926 771
926 773
926 775
926 776
926 777
926 779
926 780
926 781
926 782
926 783
926 784
926 786
926 788
926 790
926 791
926 794
926 796
926 798
926 799
926 801
926 802
926 803
926 804
926 805
926 806
926 808
926 809
926 810
926 814
926 815
926 816
926 818
926 819
926 820
926 821
926 822
926 823
926 826
926 827
926 828
926 830
926 832
926 833
926 835
926 837
926 838
926 840
926 841
926 842
926 845
926 846
926 847
926 848
926 849
926 850
926 851
926 855
926 857
926 858
926 860
926 861
926 862
926 863
926 864
926 865
926 867
926 868
926 869
926 870
926 872
926 873
926 878
926 880
926 881
926 882
926 883
926 884
926 887
926 888
926 889
926 890
926 893
926 894
926 895
926 896
926 897
926 898
926 900
926 901
926 902
926 903
926 904
926 905
926 906
926 907
926 909
926 910
926 911
926 912
926 914
926 915
926 916
926 918
926 919
926 920
926 921
926 922
926 923
926 924
926 925
926 927
926 928
926 929
926 930
926 931
926 932
926 933
926 934
926 935
926 936
926 937
926 938
926 939
926 940
926 941
926 942
926 943
926 944
926 945
926 948
926 949
926 951
926 953
926 954
926 956
926 957
926 958
926 959
944 317
944 319
944 321
944 323
944 325
944 326
944 328
944 331
944 334
944 337
944 339
944 340
944 343
944 344
944 345
944 347
944 348
944 350
944 351
944 352
944 353
944 354
944 356
944 357
944 358
944 359
944 364
944 367
944 373
944 374
944 375
944 376
944 377
944 378
944 381
944 383
944 385
944 388
944 389
944 390
944 391
944 392
944 396
944 397
944 398
944 400
944 401
944 403
944 404
944 407
944 408
944 409
944 410
944 411
944 412
944 413
944 414
944 415
944 416
944 419
944 420
944 421
944 422
944 423
944 424
944 426
944 427
944 431
944 432
944 443
944 447
944 449
944 451
944 452
944 453
944 454
944 456
944 457
944 458
944 459
944 461
944 462
944 463
944 465
944 466
944 468
944 470
944 472
944 474
944 475
944 476
944 479
944 481
944 483
944 484
944 485
944 486
944 488
944 489
944 491
944 494
944 495
944 496
944 499
944 501
944 503
944 505
944 506
944 507
944 508
944 509
944 511
944 513
944 516
944 517
944 518
944 519
944 520
944 521
944 522
944 523
944 524
944 525
944 526
944 527
944 529
944 530
944 531
944 534
944 535
944 537
944 538
944 545
944 546
944 547
944 549
944 550
944 551
944 553
944 554
944 555
944 556
944 557
944 558
944 561
944 562
944 563
944 564
944 566
944 569
944 570
944 571
944 572
944 574
944 575
944 577
944 578
944 580
944 582
944 583
944 585
944 586
944 587
944 589
944 590
944 595
944 596
944 597
944 598
944 599
944 601
944 602
944 603
944 604
944 605
944 606
944 607
944 608
944 609
944 610
944 611
944 612
944 614
944 616
944 617
944 618
944 619
944 621
944 622
944 623
944 625
944 626
944 627
944 629
944 630
944 631
944 633
944 634
944 636
944 638
944 642
944 643
944 644
944 645
944 646
944 647
944 649
944 650
944 651
944 652
944 653
944 654
944 655
944 657
944 658
944 660
944 662
944 664
944 665
944 666
944 667
944 668
944 669
944 670
944 671
944 678
944 679
944 681
944 684
944 685
944 686
944 687
944 689
944 691
944 696
944 697
944 698
944 699
944 700
944 701
944 702
944 703
944 705
944 707
944 709
944 713
944 714
944 716
944 719
944 721
944 724
944 725
944 726
944 727
944 729
944 730
944 731
944 732
944 734
944 737
944 738
944 739
944 740
944 741
944 745
944 746
944 747
944 748
944 749
944 750
944 751
944 752
944 753
944 754
944 755
944 760
944 761
944 762
944 763
944 764
944 765
944 766
944 767
944 768
944 769
944 770
944 771
944 772
944 773
944 775
944 776
944 777
944 778
944 779
944 780
944 781
944 782
944 783
944 784
944 785
944 786
944 787
944 788
944 789
944 790
944 791
944 792
944 794
944 795
944 796
944 797
944 798
944 799
944 800
944 801
944 802
944 803
944 804
944 805
944 806
944 807
944 808
944 809
944 810
944 811
944 812
944 813
944 814
944 815
944 816
944 817
944 818
944 819
944 820
944 821
944 822
944 823
944 824
944 825
944 826
944 827
944 828
944 829
944 830
944 831
944 832
944 833
944 834
944 835
944 836
944 837
944 838
944 839
944 840
944 841
944 842
944 843
944 844
944 845
944 846
944 847
944 848
944 849
944 850
944 851
944 854
944 855
944 856
944 857
944 858
944 859
944 860
944 861
944 862
944 863
944 864
944 865
944 866
944 867
944 868
944 869
944 870
944 871
944 872
944 873
944 874
944 878
944 880
944 881
944 882
944 883
944 884
944 885
944 887
944 888
944 889
944 890
944 891
944 892
944 893
944 894
944 895
944 896
944 897
944 898
944 899
944 900
944 901
944 902
944 903
944 904
944 905
944 906
944 907
944 908
944 909
944 910
944 911
944 912
944 913
944 914
944 915
944 916
944 917
944 918
944 919
944 920
944 921
944 922
944 923
944 924
944 925
944 926
944 927
944 928
944 929
944 930
944 931
944 932
944 933
944 934
944 935
944 936
944 937
944 938
944 939
944 940
944 941
944 942
944 943
944 945
944 947
944 948
944 949
944 951
944 952
944 953
944 954
944 955
944 956
944 957
944 958
944 959
960 318
960 332
960 333
960 341
960 342
960 346
960 360
960 434
960 450
960 482
960 487
960 490
960 497
960 500
960 504
960 568
960 579
960 594
960 635
960 656
984 205
984 208
984 210
984 212
984 217
984 247
984 322
984 327
984 480
984 963
986 53
986 65
986 66
986 141
986 985
1002 139
1002 190
1002 234
1002 239
1002 265
1002 467
