128 3518
0 2
0 4
0 6
0 12
0 13
0 15
0 17
0 18
0 20
0 21
0 29
0 30
0 32
0 34
0 41
0 42
0 44
0 45
0 50
0 51
0 53
0 54
0 56
0 64
0 66
0 68
0 70
0 71
0 72
0 73
0 75
0 77
0 80
0 83
0 84
0 86
0 93
0 94
0 95
0 96
0 97
0 98
0 99
0 100
0 101
0 104
0 106
0 108
0 109
0 111
0 113
0 114
0 118
0 121
0 122
0 124
0 125
0 126
2 0
2 4
2 6
2 12
2 13
2 15
2 17
2 18
2 20
2 21
2 29
2 30
2 32
2 34
2 41
2 42
2 44
2 45
2 50
2 51
2 53
2 54
2 56
2 64
2 66
2 68
2 70
2 71
2 72
2 73
2 75
2 77
2 80
2 83
2 84
2 86
2 93
2 94
2 95
2 96
2 97
2 98
2 99
2 100
2 101
2 104
2 106
2 108
2 109
2 111
2 113
2 114
2 118
2 121
2 122
2 124
2 125
2 126
3 89
4 0
4 2
4 6
4 12
4 13
4 15
4 17
4 18
4 20
4 21
4 29
4 30
4 32
4 34
4 41
4 42
4 44
4 45
4 50
4 51
4 53
4 54
4 56
4 64
4 66
4 68
4 70
4 71
4 72
4 73
4 75
4 77
4 80
4 83
4 84
4 86
4 93
4 94
4 95
4 96
4 97
4 98
4 99
4 100
4 101
4 104
4 106
4 108
4 109
4 111
4 113
4 114
4 118
4 121
4 122
4 124
4 125
4 126
5 59
5 120
6 0
6 2
6 4
6 12
6 13
6 15
6 17
6 18
6 20
6 21
6 29
6 30
6 32
6 34
6 41
6 42
6 44
6 45
6 50
6 51
6 53
6 54
6 56
6 64
6 66
6 68
6 70
6 71
6 72
6 73
6 75
6 77
6 80
6 83
6 84
6 86
6 93
6 94
6 95
6 96
6 97
6 98
6 99
6 100
6 101
6 104
6 106
6 108
6 109
6 111
6 113
6 114
6 118
6 121
6 122
6 124
6 125
6 126
9 11
9 37
9 39
9 79
9 103
11 9
11 37
11 39
11 79
11 103
12 0
12 2
12 4
12 6
12 13
12 15
12 17
12 18
12 20
12 21
12 29
12 30
12 32
12 34
12 41
12 42
12 44
12 45
12 50
12 51
12 53
12 54
12 56
12 64
12 66
12 68
12 70
12 71
12 72
12 73
12 75
12 77
12 80
12 83
12 84
12 86
12 93
12 94
12 95
12 96
12 97
12 98
12 99
12 100
12 101
12 104
12 106
12 108
12 109
12 111
12 113
12 114
12 118
12 121
12 122
12 124
12 125
12 126
13 0
13 2
13 4
13 6
13 12
13 15
13 17
13 18
13 20
13 21
13 29
13 30
13 32
13 34
13 41
13 42
13 44
13 45
13 50
13 51
13 53
13 54
13 56
13 64
13 66
13 68
13 70
13 71
13 72
13 73
13 75
13 77
13 80
13 83
13 84
13 86
13 93
13 94
13 95
13 96
13 97
13 98
13 99
13 100
13 101
13 104
13 106
13 108
13 109
13 111
13 113
13 114
13 118
13 121
13 122
13 124
13 125
13 126
14 35
15 0
15 2
15 4
15 6
15 12
15 13
15 17
15 18
15 20
15 21
15 29
15 30
15 32
15 34
15 41
15 42
15 44
15 45
15 50
15 51
15 53
15 54
15 56
15 64
15 66
15 68
15 70
15 71
15 72
15 73
15 75
15 77
15 80
15 83
15 84
15 86
15 93
15 94
15 95
15 96
15 97
15 98
15 99
15 100
15 101
15 104
15 106
15 108
15 109
15 111
15 113
15 114
15 118
15 121
15 122
15 124
15 125
15 126
16 19
16 36
16 69
16 85
16 110
17 0
17 2
17 4
17 6
17 12
17 13
17 15
17 18
17 20
17 21
17 29
17 30
17 32
17 34
17 41
17 42
17 44
17 45
17 50
17 51
17 53
17 54
17 56
17 64
17 66
17 68
17 70
17 71
17 72
17 73
17 75
17 77
17 80
17 83
17 84
17 86
17 93
17 94
17 95
17 96
17 97
17 98
17 99
17 100
17 101
17 104
17 106
17 108
17 109
17 111
17 113
17 114
17 118
17 121
17 122
17 124
17 125
17 126
18 0
18 2
18 4
18 6
18 12
18 13
18 15
18 17
18 20
18 21
18 29
18 30
18 32
18 34
18 41
18 42
18 44
18 45
18 50
18 51
18 53
18 54
18 56
18 64
18 66
18 68
18 70
18 71
18 72
18 73
18 75
18 77
18 80
18 83
18 84
18 86
18 93
18 94
18 95
18 96
18 97
18 98
18 99
18 100
18 101
18 104
18 106
18 108
18 109
18 111
18 113
18 114
18 118
18 121
18 122
18 124
18 125
18 126
19 16
19 36
19 69
19 85
19 110
20 0
20 2
20 4
20 6
20 12
20 13
20 15
20 17
20 18
20 21
20 29
20 30
20 32
20 34
20 41
20 42
20 44
20 45
20 50
20 51
20 53
20 54
20 56
20 64
20 66
20 68
20 70
20 71
20 72
20 73
20 75
20 77
20 80
20 83
20 84
20 86
20 93
20 94
20 95
20 96
20 97
20 98
20 99
20 100
20 101
20 104
20 106
20 108
20 109
20 111
20 113
20 114
20 118
20 121
20 122
20 124
20 125
20 126
21 0
21 2
21 4
21 6
21 12
21 13
21 15
21 17
21 18
21 20
21 29
21 30
21 32
21 34
21 41
21 42
21 44
21 45
21 50
21 51
21 53
21 54
21 56
21 64
21 66
21 68
21 70
21 71
21 72
21 73
21 75
21 77
21 80
21 83
21 84
21 86
21 93
21 94
21 95
21 96
21 97
21 98
21 99
21 100
21 101
21 104
21 106
21 108
21 109
21 111
21 113
21 114
21 118
21 121
21 122
21 124
21 125
21 126
22 63
27 74
29 0
29 2
29 4
29 6
29 12
29 13
29 15
29 17
29 18
29 20
29 21
29 30
29 32
29 34
29 41
29 42
29 44
29 45
29 50
29 51
29 53
29 54
29 56
29 64
29 66
29 68
29 70
29 71
29 72
29 73
29 75
29 77
29 80
29 83
29 84
29 86
29 93
29 94
29 95
29 96
29 97
29 98
29 99
29 100
29 101
29 104
29 106
29 108
29 109
29 111
29 113
29 114
29 118
29 121
29 122
29 124
29 125
29 126
30 0
30 2
30 4
30 6
30 12
30 13
30 15
30 17
30 18
30 20
30 21
30 29
30 32
30 34
30 41
30 42
30 44
30 45
30 50
30 51
30 53
30 54
30 56
30 64
30 66
30 68
30 70
30 71
30 72
30 73
30 75
30 77
30 80
30 83
30 84
30 86
30 93
30 94
30 95
30 96
30 97
30 98
30 99
30 100
30 101
30 104
30 106
30 108
30 109
30 111
30 113
30 114
30 118
30 121
30 122
30 124
30 125
30 126
32 0
32 2
32 4
32 6
32 12
32 13
32 15
32 17
32 18
32 20
32 21
32 29
32 30
32 34
32 41
32 42
32 44
32 45
32 50
32 51
32 53
32 54
32 56
32 64
32 66
32 68
32 70
32 71
32 72
32 73
32 75
32 77
32 80
32 83
32 84
32 86
32 93
32 94
32 95
32 96
32 97
32 98
32 99
32 100
32 101
32 104
32 106
32 108
32 109
32 111
32 113
32 114
32 118
32 121
32 122
32 124
32 125
32 126
33 48
34 0
34 2
34 4
34 6
34 12
34 13
34 15
34 17
34 18
34 20
34 21
34 29
34 30
34 32
34 41
34 42
34 44
34 45
34 50
34 51
34 53
34 54
34 56
34 64
34 66
34 68
34 70
34 71
34 72
34 73
34 75
34 77
34 80
34 83
34 84
34 86
34 93
34 94
34 95
34 96
34 97
34 98
34 99
34 100
34 101
34 104
34 106
34 108
34 109
34 111
34 113
34 114
34 118
34 121
34 122
34 124
34 125
34 126
35 14
36 16
36 19
36 69
36 85
36 110
37 9
37 11
37 39
37 79
37 103
38 62
39 9
39 11
39 37
39 79
39 103
41 0
41 2
41 4
41 6
41 12
41 13
41 15
41 17
41 18
41 20
41 21
41 29
41 30
41 32
41 34
41 42
41 44
41 45
41 50
41 51
41 53
41 54
41 56
41 64
41 66
41 68
41 70
41 71
41 72
41 73
41 75
41 77
41 80
41 83
41 84
41 86
41 93
41 94
41 95
41 96
41 97
41 98
41 99
41 100
41 101
41 104
41 106
41 108
41 109
41 111
41 113
41 114
41 118
41 121
41 122
41 124
41 125
41 126
42 0
42 2
42 4
42 6
42 12
42 13
42 15
42 17
42 18
42 20
42 21
42 29
42 30
42 32
42 34
42 41
42 44
42 45
42 50
42 51
42 53
42 54
42 56
42 64
42 66
42 68
42 70
42 71
42 72
42 73
42 75
42 77
42 80
42 83
42 84
42 86
42 93
42 94
42 95
42 96
42 97
42 98
42 99
42 100
42 101
42 104
42 106
42 108
42 109
42 111
42 113
42 114
42 118
42 121
42 122
42 124
42 125
42 126
43 46
43 76
43 90
44 0
44 2
44 4
44 6
44 12
44 13
44 15
44 17
44 18
44 20
44 21
44 29
44 30
44 32
44 34
44 41
44 42
44 45
44 50
44 51
44 53
44 54
44 56
44 64
44 66
44 68
44 70
44 71
44 72
44 73
44 75
44 77
44 80
44 83
44 84
44 86
44 93
44 94
44 95
44 96
44 97
44 98
44 99
44 100
44 101
44 104
44 106
44 108
44 109
44 111
44 113
44 114
44 118
44 121
44 122
44 124
44 125
44 126
45 0
45 2
45 4
45 6
45 12
45 13
45 15
45 17
45 18
45 20
45 21
45 29
45 30
45 32
45 34
45 41
45 42
45 44
45 50
45 51
45 53
45 54
45 56
45 64
45 66
45 68
45 70
45 71
45 72
45 73
45 75
45 77
45 80
45 83
45 84
45 86
45 93
45 94
45 95
45 96
45 97
45 98
45 99
45 100
45 101
45 104
45 106
45 108
45 109
45 111
45 113
45 114
45 118
45 121
45 122
45 124
45 125
45 126
46 43
46 76
46 90
48 33
50 0
50 2
50 4
50 6
50 12
50 13
50 15
50 17
50 18
50 20
50 21
50 29
50 30
50 32
50 34
50 41
50 42
50 44
50 45
50 51
50 53
50 54
50 56
50 64
50 66
50 68
50 70
50 71
50 72
50 73
50 75
50 77
50 80
50 83
50 84
50 86
50 93
50 94
50 95
50 96
50 97
50 98
50 99
50 100
50 101
50 104
50 106
50 108
50 109
50 111
50 113
50 114
50 118
50 121
50 122
50 124
50 125
50 126
51 0
51 2
51 4
51 6
51 12
51 13
51 15
51 17
51 18
51 20
51 21
51 29
51 30
51 32
51 34
51 41
51 42
51 44
51 45
51 50
51 53
51 54
51 56
51 64
51 66
51 68
51 70
51 71
51 72
51 73
51 75
51 77
51 80
51 83
51 84
51 86
51 93
51 94
51 95
51 96
51 97
51 98
51 99
51 100
51 101
51 104
51 106
51 108
51 109
51 111
51 113
51 114
51 118
51 121
51 122
51 124
51 125
51 126
53 0
53 2
53 4
53 6
53 12
53 13
53 15
53 17
53 18
53 20
53 21
53 29
53 30
53 32
53 34
53 41
53 42
53 44
53 45
53 50
53 51
53 54
53 56
53 64
53 66
53 68
53 70
53 71
53 72
53 73
53 75
53 77
53 80
53 83
53 84
53 86
53 93
53 94
53 95
53 96
53 97
53 98
53 99
53 100
53 101
53 104
53 106
53 108
53 109
53 111
53 113
53 114
53 118
53 121
53 122
53 124
53 125
53 126
54 0
54 2
54 4
54 6
54 12
54 13
54 15
54 17
54 18
54 20
54 21
54 29
54 30
54 32
54 34
54 41
54 42
54 44
54 45
54 50
54 51
54 53
54 56
54 64
54 66
54 68
54 70
54 71
54 72
54 73
54 75
54 77
54 80
54 83
54 84
54 86
54 93
54 94
54 95
54 96
54 97
54 98
54 99
54 100
54 101
54 104
54 106
54 108
54 109
54 111
54 113
54 114
54 118
54 121
54 122
54 124
54 125
54 126
56 0
56 2
56 4
56 6
56 12
56 13
56 15
56 17
56 18
56 20
56 21
56 29
56 30
56 32
56 34
56 41
56 42
56 44
56 45
56 50
56 51
56 53
56 54
56 64
56 66
56 68
56 70
56 71
56 72
56 73
56 75
56 77
56 80
56 83
56 84
56 86
56 93
56 94
56 95
56 96
56 97
56 98
56 99
56 100
56 101
56 104
56 106
56 108
56 109
56 111
56 113
56 114
56 118
56 121
56 122
56 124
56 125
56 126
59 5
59 120
61 88
62 38
63 22
64 0
64 2
64 4
64 6
64 12
64 13
64 15
64 17
64 18
64 20
64 21
64 29
64 30
64 32
64 34
64 41
64 42
64 44
64 45
64 50
64 51
64 53
64 54
64 56
64 66
64 68
64 70
64 71
64 72
64 73
64 75
64 77
64 80
64 83
64 84
64 86
64 93
64 94
64 95
64 96
64 97
64 98
64 99
64 100
64 101
64 104
64 106
64 108
64 109
64 111
64 113
64 114
64 118
64 121
64 122
64 124
64 125
64 126
66 0
66 2
66 4
66 6
66 12
66 13
66 15
66 17
66 18
66 20
66 21
66 29
66 30
66 32
66 34
66 41
66 42
66 44
66 45
66 50
66 51
66 53
66 54
66 56
66 64
66 68
66 70
66 71
66 72
66 73
66 75
66 77
66 80
66 83
66 84
66 86
66 93
66 94
66 95
66 96
66 97
66 98
66 99
66 100
66 101
66 104
66 106
66 108
66 109
66 111
66 113
66 114
66 118
66 121
66 122
66 124
66 125
66 126
68 0
68 2
68 4
68 6
68 12
68 13
68 15
68 17
68 18
68 20
68 21
68 29
68 30
68 32
68 34
68 41
68 42
68 44
68 45
68 50
68 51
68 53
68 54
68 56
68 64
68 66
68 70
68 71
68 72
68 73
68 75
68 77
68 80
68 83
68 84
68 86
68 93
68 94
68 95
68 96
68 97
68 98
68 99
68 100
68 101
68 104
68 106
68 108
68 109
68 111
68 113
68 114
68 118
68 121
68 122
68 124
68 125
68 126
69 16
69 19
69 36
69 85
69 107
69 110
70 0
70 2
70 4
70 6
70 12
70 13
70 15
70 17
70 18
70 20
70 21
70 29
70 30
70 32
70 34
70 41
70 42
70 44
70 45
70 50
70 51
70 53
70 54
70 56
70 64
70 66
70 68
70 71
70 72
70 73
70 75
70 77
70 80
70 83
70 84
70 86
70 93
70 94
70 95
70 96
70 97
70 98
70 99
70 100
70 101
70 104
70 106
70 108
70 109
70 111
70 113
70 114
70 118
70 121
70 122
70 124
70 125
70 126
71 0
71 2
71 4
71 6
71 12
71 13
71 15
71 17
71 18
71 20
71 21
71 29
71 30
71 32
71 34
71 41
71 42
71 44
71 45
71 50
71 51
71 53
71 54
71 56
71 64
71 66
71 68
71 70
71 72
71 73
71 75
71 77
71 80
71 83
71 84
71 86
71 93
71 94
71 95
71 96
71 97
71 98
71 99
71 100
71 101
71 104
71 106
71 108
71 109
71 111
71 113
71 114
71 118
71 121
71 122
71 124
71 125
71 126
72 0
72 2
72 4
72 6
72 12
72 13
72 15
72 17
72 18
72 20
72 21
72 29
72 30
72 32
72 34
72 41
72 42
72 44
72 45
72 50
72 51
72 53
72 54
72 56
72 64
72 66
72 68
72 70
72 71
72 73
72 75
72 77
72 80
72 83
72 84
72 86
72 93
72 94
72 95
72 96
72 97
72 98
72 99
72 100
72 101
72 104
72 106
72 108
72 109
72 111
72 113
72 114
72 118
72 121
72 122
72 124
72 125
72 126
73 0
73 2
73 4
73 6
73 12
73 13
73 15
73 17
73 18
73 20
73 21
73 29
73 30
73 32
73 34
73 41
73 42
73 44
73 45
73 50
73 51
73 53
73 54
73 56
73 64
73 66
73 68
73 70
73 71
73 72
73 75
73 77
73 80
73 83
73 84
73 86
73 93
73 94
73 95
73 96
73 97
73 98
73 99
73 100
73 101
73 104
73 106
73 108
73 109
73 111
73 113
73 114
73 118
73 121
73 122
73 124
73 125
73 126
74 27
74 115
75 0
75 2
75 4
75 6
75 12
75 13
75 15
75 17
75 18
75 20
75 21
75 29
75 30
75 32
75 34
75 41
75 42
75 44
75 45
75 50
75 51
75 53
75 54
75 56
75 64
75 66
75 68
75 70
75 71
75 72
75 73
75 77
75 80
75 83
75 84
75 86
75 93
75 94
75 95
75 96
75 97
75 98
75 99
75 100
75 101
75 104
75 106
75 108
75 109
75 111
75 113
75 114
75 118
75 121
75 122
75 124
75 125
75 126
76 43
76 46
76 90
77 0
77 2
77 4
77 6
77 12
77 13
77 15
77 17
77 18
77 20
77 21
77 29
77 30
77 32
77 34
77 41
77 42
77 44
77 45
77 50
77 51
77 53
77 54
77 56
77 64
77 66
77 68
77 70
77 71
77 72
77 73
77 75
77 80
77 83
77 84
77 86
77 93
77 94
77 95
77 96
77 97
77 98
77 99
77 100
77 101
77 104
77 106
77 108
77 109
77 111
77 113
77 114
77 118
77 121
77 122
77 124
77 125
77 126
79 9
79 11
79 37
79 39
79 103
80 0
80 2
80 4
80 6
80 12
80 13
80 15
80 17
80 18
80 20
80 21
80 29
80 30
80 32
80 34
80 41
80 42
80 44
80 45
80 50
80 51
80 53
80 54
80 56
80 64
80 66
80 68
80 70
80 71
80 72
80 73
80 75
80 77
80 83
80 84
80 86
80 93
80 94
80 95
80 96
80 97
80 98
80 99
80 100
80 101
80 104
80 106
80 108
80 109
80 111
80 113
80 114
80 118
80 121
80 122
80 124
80 125
80 126
83 0
83 2
83 4
83 6
83 12
83 13
83 15
83 17
83 18
83 20
83 21
83 29
83 30
83 32
83 34
83 41
83 42
83 44
83 45
83 50
83 51
83 53
83 54
83 56
83 64
83 66
83 68
83 70
83 71
83 72
83 73
83 75
83 77
83 80
83 84
83 86
83 93
83 94
83 95
83 96
83 97
83 98
83 99
83 100
83 101
83 104
83 106
83 108
83 109
83 111
83 113
83 114
83 118
83 121
83 122
83 124
83 125
83 126
84 0
84 2
84 4
84 6
84 12
84 13
84 15
84 17
84 18
84 20
84 21
84 29
84 30
84 32
84 34
84 41
84 42
84 44
84 45
84 50
84 51
84 53
84 54
84 56
84 64
84 66
84 68
84 70
84 71
84 72
84 73
84 75
84 77
84 80
84 83
84 86
84 93
84 94
84 95
84 96
84 97
84 98
84 99
84 100
84 101
84 104
84 106
84 108
84 109
84 111
84 113
84 114
84 118
84 121
84 122
84 124
84 125
84 126
85 16
85 19
85 36
85 69
85 110
86 0
86 2
86 4
86 6
86 12
86 13
86 15
86 17
86 18
86 20
86 21
86 29
86 30
86 32
86 34
86 41
86 42
86 44
86 45
86 50
86 51
86 53
86 54
86 56
86 64
86 66
86 68
86 70
86 71
86 72
86 73
86 75
86 77
86 80
86 83
86 84
86 93
86 94
86 95
86 96
86 97
86 98
86 99
86 100
86 101
86 104
86 106
86 108
86 109
86 111
86 113
86 114
86 118
86 121
86 122
86 124
86 125
86 126
88 61
89 3
90 43
90 46
90 76
93 0
93 2
93 4
93 6
93 12
93 13
93 15
93 17
93 18
93 20
93 21
93 29
93 30
93 32
93 34
93 41
93 42
93 44
93 45
93 50
93 51
93 53
93 54
93 56
93 64
93 66
93 68
93 70
93 71
93 72
93 73
93 75
93 77
93 80
93 83
93 84
93 86
93 94
93 95
93 96
93 97
93 98
93 99
93 100
93 101
93 104
93 106
93 108
93 109
93 111
93 113
93 114
93 118
93 121
93 122
93 124
93 125
93 126
94 0
94 2
94 4
94 6
94 12
94 13
94 15
94 17
94 18
94 20
94 21
94 29
94 30
94 32
94 34
94 41
94 42
94 44
94 45
94 50
94 51
94 53
94 54
94 56
94 64
94 66
94 68
94 70
94 71
94 72
94 73
94 75
94 77
94 80
94 83
94 84
94 86
94 93
94 95
94 96
94 97
94 98
94 99
94 100
94 101
94 104
94 106
94 108
94 109
94 111
94 113
94 114
94 118
94 121
94 122
94 124
94 125
94 126
95 0
95 2
95 4
95 6
95 12
95 13
95 15
95 17
95 18
95 20
95 21
95 29
95 30
95 32
95 34
95 41
95 42
95 44
95 45
95 50
95 51
95 53
95 54
95 56
95 64
95 66
95 68
95 70
95 71
95 72
95 73
95 75
95 77
95 80
95 83
95 84
95 86
95 93
95 94
95 96
95 97
95 98
95 99
95 100
95 101
95 104
95 106
95 108
95 109
95 111
95 113
95 114
95 118
95 121
95 122
95 124
95 125
95 126
96 0
96 2
96 4
96 6
96 12
96 13
96 15
96 17
96 18
96 20
96 21
96 29
96 30
96 32
96 34
96 41
96 42
96 44
96 45
96 50
96 51
96 53
96 54
96 56
96 64
96 66
96 68
96 70
96 71
96 72
96 73
96 75
96 77
96 80
96 83
96 84
96 86
96 93
96 94
96 95
96 97
96 98
96 99
96 100
96 101
96 104
96 106
96 108
96 109
96 111
96 113
96 114
96 118
96 121
96 122
96 124
96 125
96 126
97 0
97 2
97 4
97 6
97 12
97 13
97 15
97 17
97 18
97 20
97 21
97 29
97 30
97 32
97 34
97 41
97 42
97 44
97 45
97 50
97 51
97 53
97 54
97 56
97 64
97 66
97 68
97 70
97 71
97 72
97 73
97 75
97 77
97 80
97 83
97 84
97 86
97 93
97 94
97 95
97 96
97 98
97 99
97 100
97 101
97 104
97 106
97 108
97 109
97 111
97 113
97 114
97 118
97 121
97 122
97 124
97 125
97 126
98 0
98 2
98 4
98 6
98 12
98 13
98 15
98 17
98 18
98 20
98 21
98 29
98 30
98 32
98 34
98 41
98 42
98 44
98 45
98 50
98 51
98 53
98 54
98 56
98 64
98 66
98 68
98 70
98 71
98 72
98 73
98 75
98 77
98 80
98 83
98 84
98 86
98 93
98 94
98 95
98 96
98 97
98 99
98 100
98 101
98 104
98 106
98 108
98 109
98 111
98 113
98 114
98 118
98 121
98 122
98 124
98 125
98 126
99 0
99 2
99 4
99 6
99 12
99 13
99 15
99 17
99 18
99 20
99 21
99 29
99 30
99 32
99 34
99 41
99 42
99 44
99 45
99 50
99 51
99 53
99 54
99 56
99 64
99 66
99 68
99 70
99 71
99 72
99 73
99 75
99 77
99 80
99 83
99 84
99 86
99 93
99 94
99 95
99 96
99 97
99 98
99 100
99 101
99 104
99 106
99 108
99 109
99 111
99 113
99 114
99 118
99 121
99 122
99 124
99 125
99 126
100 0
100 2
100 4
100 6
100 12
100 13
100 15
100 17
100 18
100 20
100 21
100 29
100 30
100 32
100 34
100 41
100 42
100 44
100 45
100 50
100 51
100 53
100 54
100 56
100 64
100 66
100 68
100 70
100 71
100 72
100 73
100 75
100 77
100 80
100 83
100 84
100 86
100 93
100 94
100 95
100 96
100 97
100 98
100 99
100 101
100 104
100 106
100 108
100 109
100 111
100 113
100 114
100 118
100 121
100 122
100 124
100 125
100 126
101 0
101 2
101 4
101 6
101 12
101 13
101 15
101 17
101 18
101 20
101 21
101 29
101 30
101 32
101 34
101 41
101 42
101 44
101 45
101 50
101 51
101 53
101 54
101 56
101 64
101 66
101 68
101 70
101 71
101 72
101 73
101 75
101 77
101 80
101 83
101 84
101 86
101 93
101 94
101 95
101 96
101 97
101 98
101 99
101 100
101 104
101 106
101 108
101 109
101 111
101 113
101 114
101 118
101 121
101 122
101 124
101 125
101 126
103 9
103 11
103 37
103 39
103 79
104 0
104 2
104 4
104 6
104 12
104 13
104 15
104 17
104 18
104 20
104 21
104 29
104 30
104 32
104 34
104 41
104 42
104 44
104 45
104 50
104 51
104 53
104 54
104 56
104 64
104 66
104 68
104 70
104 71
104 72
104 73
104 75
104 77
104 80
104 83
104 84
104 86
104 93
104 94
104 95
104 96
104 97
104 98
104 99
104 100
104 101
104 106
104 108
104 109
104 111
104 113
104 114
104 118
104 121
104 122
104 124
104 125
104 126
106 0
106 2
106 4
106 6
106 12
106 13
106 15
106 17
106 18
106 20
106 21
106 29
106 30
106 32
106 34
106 41
106 42
106 44
106 45
106 50
106 51
106 53
106 54
106 56
106 64
106 66
106 68
106 70
106 71
106 72
106 73
106 75
106 77
106 80
106 83
106 84
106 86
106 93
106 94
106 95
106 96
106 97
106 98
106 99
106 100
106 101
106 104
106 108
106 109
106 111
106 113
106 114
106 118
106 121
106 122
106 124
106 125
106 126
107 69
108 0
108 2
108 4
108 6
108 12
108 13
108 15
108 17
108 18
108 20
108 21
108 29
108 30
108 32
108 34
108 41
108 42
108 44
108 45
108 50
108 51
108 53
108 54
108 56
108 64
108 66
108 68
108 70
108 71
108 72
108 73
108 75
108 77
108 80
108 83
108 84
108 86
108 93
108 94
108 95
108 96
108 97
108 98
108 99
108 100
108 101
108 104
108 106
108 109
108 111
108 113
108 114
108 118
108 121
108 122
108 124
108 125
108 126
109 0
109 2
109 4
109 6
109 12
109 13
109 15
109 17
109 18
109 20
109 21
109 29
109 30
109 32
109 34
109 41
109 42
109 44
109 45
109 50
109 51
109 53
109 54
109 56
109 64
109 66
109 68
109 70
109 71
109 72
109 73
109 75
109 77
109 80
109 83
109 84
109 86
109 93
109 94
109 95
109 96
109 97
109 98
109 99
109 100
109 101
109 104
109 106
109 108
109 111
109 113
109 114
109 118
109 121
109 122
109 124
109 125
109 126
110 16
110 19
110 36
110 69
110 85
111 0
111 2
111 4
111 6
111 12
111 13
111 15
111 17
111 18
111 20
111 21
111 29
111 30
111 32
111 34
111 41
111 42
111 44
111 45
111 50
111 51
111 53
111 54
111 56
111 64
111 66
111 68
111 70
111 71
111 72
111 73
111 75
111 77
111 80
111 83
111 84
111 86
111 93
111 94
111 95
111 96
111 97
111 98
111 99
111 100
111 101
111 104
111 106
111 108
111 109
111 113
111 114
111 118
111 121
111 122
111 124
111 125
111 126
113 0
113 2
113 4
113 6
113 12
113 13
113 15
113 17
113 18
113 20
113 21
113 29
113 30
113 32
113 34
113 41
113 42
113 44
113 45
113 50
113 51
113 53
113 54
113 56
113 64
113 66
113 68
113 70
113 71
113 72
113 73
113 75
113 77
113 80
113 83
113 84
113 86
113 93
113 94
113 95
113 96
113 97
113 98
113 99
113 100
113 101
113 104
113 106
113 108
113 109
113 111
113 114
113 118
113 121
113 122
113 124
113 125
113 126
114 0
114 2
114 4
114 6
114 12
114 13
114 15
114 17
114 18
114 20
114 21
114 29
114 30
114 32
114 34
114 41
114 42
114 44
114 45
114 50
114 51
114 53
114 54
114 56
114 64
114 66
114 68
114 70
114 71
114 72
114 73
114 75
114 77
114 80
114 83
114 84
114 86
114 93
114 94
114 95
114 96
114 97
114 98
114 99
114 100
114 101
114 104
114 106
114 108
114 109
114 111
114 113
114 118
114 121
114 122
114 124
114 125
114 126
115 74
118 0
118 2
118 4
118 6
118 12
118 13
118 15
118 17
118 18
118 20
118 21
118 29
118 30
118 32
118 34
118 41
118 42
118 44
118 45
118 50
118 51
118 53
118 54
118 56
118 64
118 66
118 68
118 70
118 71
118 72
118 73
118 75
118 77
118 80
118 83
118 84
118 86
118 93
118 94
118 95
118 96
118 97
118 98
118 99
118 100
118 101
118 104
118 106
118 108
118 109
118 111
118 113
118 114
118 121
118 122
118 124
118 125
118 126
120 5
120 59
121 0
121 2
121 4
121 6
121 12
121 13
121 15
121 17
121 18
121 20
121 21
121 29
121 30
121 32
121 34
121 41
121 42
121 44
121 45
121 50
121 51
121 53
121 54
121 56
121 64
121 66
121 68
121 70
121 71
121 72
121 73
121 75
121 77
121 80
121 83
121 84
121 86
121 93
121 94
121 95
121 96
121 97
121 98
121 99
121 100
121 101
121 104
121 106
121 108
121 109
121 111
121 113
121 114
121 118
121 122
121 124
121 125
121 126
122 0
122 2
122 4
122 6
122 12
122 13
122 15
122 17
122 18
122 20
122 21
122 29
122 30
122 32
122 34
122 41
122 42
122 44
122 45
122 50
122 51
122 53
122 54
122 56
122 64
122 66
122 68
122 70
122 71
122 72
122 73
122 75
122 77
122 80
122 83
122 84
122 86
122 93
122 94
122 95
122 96
122 97
122 98
122 99
122 100
122 101
122 104
122 106
122 108
122 109
122 111
122 113
122 114
122 118
122 121
122 124
122 125
122 126
124 0
124 2
124 4
124 6
124 12
124 13
124 15
124 17
124 18
124 20
124 21
124 29
124 30
124 32
124 34
124 41
124 42
124 44
124 45
124 50
124 51
124 53
124 54
124 56
124 64
124 66
124 68
124 70
124 71
124 72
124 73
124 75
124 77
124 80
124 83
124 84
124 86
124 93
124 94
124 95
124 96
124 97
124 98
124 99
124 100
124 101
124 104
124 106
124 108
124 109
124 111
124 113
124 114
124 118
124 121
124 122
124 125
124 126
125 0
125 2
125 4
125 6
125 12
125 13
125 15
125 17
125 18
125 20
125 21
125 29
125 30
125 32
125 34
125 41
125 42
125 44
125 45
125 50
125 51
125 53
125 54
125 56
125 64
125 66
125 68
125 70
125 71
125 72
125 73
125 75
125 77
125 80
125 83
125 84
125 86
125 93
125 94
125 95
125 96
125 97
125 98
125 99
125 100
125 101
125 104
125 106
125 108
125 109
125 111
125 113
125 114
125 118
125 121
125 122
125 124
125 126
126 0
126 2
126 4
126 6
126 12
126 13
126 15
126 17
126 18
126 20
126 21
126 29
126 30
126 32
126 34
126 41
126 42
126 44
126 45
126 50
126 51
126 53
126 54
126 56
126 64
126 66
126 68
126 70
126 71
126 72
126 73
126 75
126 77
126 80
126 83
126 84
126 86
126 93
126 94
126 95
126 96
126 97
126 98
126 99
126 100
126 101
126 104
126 106
126 108
126 109
126 111
126 113
126 114
126 118
126 121
126 122
126 124
126 125
