32 244
2 3
2 5
2 9
2 10
2 11
2 12
2 17
2 18
2 21
2 22
2 26
2 27
2 28
2 29
2 31
3 2
3 5
3 9
3 10
3 11
3 12
3 17
3 18
3 21
3 22
3 26
3 27
3 28
3 29
3 31
4 13
5 2
5 3
5 9
5 10
5 11
5 12
5 17
5 18
5 21
5 22
5 26
5 27
5 28
5 29
5 31
9 2
9 3
9 5
9 10
9 11
9 12
9 17
9 18
9 21
9 22
9 26
9 27
9 28
9 29
9 31
10 2
10 3
10 5
10 9
10 11
10 12
10 17
10 18
10 21
10 22
10 26
10 27
10 28
10 29
10 31
11 2
11 3
11 5
11 9
11 10
11 12
11 17
11 18
11 21
11 22
11 26
11 27
11 28
11 29
11 31
12 2
12 3
12 5
12 9
12 10
12 11
12 17
12 18
12 21
12 22
12 26
12 27
12 28
12 29
12 31
13 4
16 19
17 2
17 3
17 5
17 9
17 10
17 11
17 12
17 18
17 21
17 22
17 26
17 27
17 28
17 29
17 31
18 2
18 3
18 5
18 9
18 10
18 11
18 12
18 17
18 21
18 22
18 26
18 27
18 28
18 29
18 31
19 16
21 2
21 3
21 5
21 9
21 10
21 11
21 12
21 17
21 18
21 22
21 26
21 27
21 28
21 29
21 31
22 2
22 3
22 5
22 9
22 10
22 11
22 12
22 17
22 18
22 21
22 26
22 27
22 28
22 29
22 31
26 2
26 3
26 5
26 9
26 10
26 11
26 12
26 17
26 18
26 21
26 22
26 27
26 28
26 29
26 31
27 2
27 3
27 5
27 9
27 10
27 11
27 12
27 17
27 18
27 21
27 22
27 26
27 28
27 29
27 31
28 2
28 3
28 5
28 9
28 10
28 11
28 12
28 17
28 18
28 21
28 22
28 26
28 27
28 29
28 31
29 2
29 3
29 5
29 9
29 10
29 11
29 12
29 17
29 18
29 21
29 22
29 26
29 27
29 28
29 31
31 2
31 3
31 5
31 9
31 10
31 11
31 12
31 17
31 18
31 21
31 22
31 26
31 27
31 28
31 29
