64 1074
2 3
2 5
2 6
2 7
2 8
2 12
2 15
2 17
2 18
2 20
2 24
2 25
2 26
2 27
2 29
2 30
2 33
2 36
2 37
2 40
2 41
2 42
2 44
2 45
2 48
2 49
2 50
2 53
2 54
2 56
2 57
2 59
3 2
3 5
3 6
3 7
3 8
3 12
3 15
3 17
3 18
3 20
3 24
3 25
3 26
3 27
3 29
3 30
3 33
3 36
3 37
3 40
3 41
3 42
3 44
3 45
3 48
3 49
3 50
3 53
3 54
3 56
3 57
3 59
4 13
5 2
5 3
5 6
5 7
5 8
5 12
5 15
5 17
5 18
5 20
5 24
5 25
5 26
5 27
5 29
5 30
5 33
5 36
5 37
5 40
5 41
5 42
5 44
5 45
5 48
5 49
5 50
5 53
5 54
5 56
5 57
5 59
6 2
6 3
6 5
6 7
6 8
6 12
6 15
6 17
6 18
6 20
6 24
6 25
6 26
6 27
6 29
6 30
6 33
6 36
6 37
6 40
6 41
6 42
6 44
6 45
6 48
6 49
6 50
6 53
6 54
6 56
6 57
6 59
7 2
7 3
7 5
7 6
7 8
7 12
7 15
7 17
7 18
7 20
7 24
7 25
7 26
7 27
7 29
7 30
7 33
7 36
7 37
7 40
7 41
7 42
7 44
7 45
7 48
7 49
7 50
7 53
7 54
7 56
7 57
7 59
8 2
8 3
8 5
8 6
8 7
8 12
8 15
8 17
8 18
8 20
8 24
8 25
8 26
8 27
8 29
8 30
8 33
8 36
8 37
8 40
8 41
8 42
8 44
8 45
8 48
8 49
8 50
8 53
8 54
8 56
8 57
8 59
11 39
12 2
12 3
12 5
12 6
12 7
12 8
12 15
12 17
12 18
12 20
12 24
12 25
12 26
12 27
12 29
12 30
12 33
12 36
12 37
12 40
12 41
12 42
12 44
12 45
12 48
12 49
12 50
12 53
12 54
12 56
12 57
12 59
13 4
14 35
15 2
15 3
15 5
15 6
15 7
15 8
15 12
15 17
15 18
15 20
15 24
15 25
15 26
15 27
15 29
15 30
15 33
15 36
15 37
15 40
15 41
15 42
15 44
15 45
15 48
15 49
15 50
15 53
15 54
15 56
15 57
15 59
16 19
17 2
17 3
17 5
17 6
17 7
17 8
17 12
17 15
17 18
17 20
17 24
17 25
17 26
17 27
17 29
17 30
17 33
17 36
17 37
17 40
17 41
17 42
17 44
17 45
17 48
17 49
17 50
17 53
17 54
17 56
17 57
17 59
18 2
18 3
18 5
18 6
18 7
18 8
18 12
18 15
18 17
18 20
18 24
18 25
18 26
18 27
18 29
18 30
18 33
18 36
18 37
18 40
18 41
18 42
18 44
18 45
18 48
18 49
18 50
18 53
18 54
18 56
18 57
18 59
19 16
20 2
20 3
20 5
20 6
20 7
20 8
20 12
20 15
20 17
20 18
20 24
20 25
20 26
20 27
20 29
20 30
20 33
20 36
20 37
20 40
20 41
20 42
20 44
20 45
20 48
20 49
20 50
20 53
20 54
20 56
20 57
20 59
22 63
24 2
24 3
24 5
24 6
24 7
24 8
24 12
24 15
24 17
24 18
24 20
24 25
24 26
24 27
24 29
24 30
24 33
24 36
24 37
24 40
24 41
24 42
24 44
24 45
24 48
24 49
24 50
24 53
24 54
24 56
24 57
24 59
25 2
25 3
25 5
25 6
25 7
25 8
25 12
25 15
25 17
25 18
25 20
25 24
25 26
25 27
25 29
25 30
25 33
25 36
25 37
25 40
25 41
25 42
25 44
25 45
25 48
25 49
25 50
25 53
25 54
25 56
25 57
25 59
26 2
26 3
26 5
26 6
26 7
26 8
26 12
26 15
26 17
26 18
26 20
26 24
26 25
26 27
26 29
26 30
26 33
26 36
26 37
26 40
26 41
26 42
26 44
26 45
26 48
26 49
26 50
26 53
26 54
26 56
26 57
26 59
27 2
27 3
27 5
27 6
27 7
27 8
27 12
27 15
27 17
27 18
27 20
27 24
27 25
27 26
27 29
27 30
27 33
27 36
27 37
27 40
27 41
27 42
27 44
27 45
27 48
27 49
27 50
27 53
27 54
27 56
27 57
27 59
29 2
29 3
29 5
29 6
29 7
29 8
29 12
29 15
29 17
29 18
29 20
29 24
29 25
29 26
29 27
29 30
29 33
29 36
29 37
29 40
29 41
29 42
29 44
29 45
29 48
29 49
29 50
29 53
29 54
29 56
29 57
29 59
30 2
30 3
30 5
30 6
30 7
30 8
30 12
30 15
30 17
30 18
30 20
30 24
30 25
30 26
30 27
30 29
30 33
30 36
30 37
30 40
30 41
30 42
30 44
30 45
30 48
30 49
30 50
30 53
30 54
30 56
30 57
30 59
33 2
33 3
33 5
33 6
33 7
33 8
33 12
33 15
33 17
33 18
33 20
33 24
33 25
33 26
33 27
33 29
33 30
33 36
33 37
33 40
33 41
33 42
33 44
33 45
33 48
33 49
33 50
33 53
33 54
33 56
33 57
33 59
35 14
36 2
36 3
36 5
36 6
36 7
36 8
36 12
36 15
36 17
36 18
36 20
36 24
36 25
36 26
36 27
36 29
36 30
36 33
36 37
36 40
36 41
36 42
36 44
36 45
36 48
36 49
36 50
36 53
36 54
36 56
36 57
36 59
37 2
37 3
37 5
37 6
37 7
37 8
37 12
37 15
37 17
37 18
37 20
37 24
37 25
37 26
37 27
37 29
37 30
37 33
37 36
37 40
37 41
37 42
37 44
37 45
37 48
37 49
37 50
37 53
37 54
37 56
37 57
37 59
38 62
39 11
40 2
40 3
40 5
40 6
40 7
40 8
40 12
40 15
40 17
40 18
40 20
40 24
40 25
40 26
40 27
40 29
40 30
40 33
40 36
40 37
40 41
40 42
40 44
40 45
40 48
40 49
40 50
40 53
40 54
40 56
40 57
40 59
41 2
41 3
41 5
41 6
41 7
41 8
41 12
41 15
41 17
41 18
41 20
41 24
41 25
41 26
41 27
41 29
41 30
41 33
41 36
41 37
41 40
41 42
41 44
41 45
41 48
41 49
41 50
41 53
41 54
41 56
41 57
41 59
42 2
42 3
42 5
42 6
42 7
42 8
42 12
42 15
42 17
42 18
42 20
42 24
42 25
42 26
42 27
42 29
42 30
42 33
42 36
42 37
42 40
42 41
42 44
42 45
42 48
42 49
42 50
42 53
42 54
42 56
42 57
42 59
43 46
43 61
44 2
44 3
44 5
44 6
44 7
44 8
44 12
44 15
44 17
44 18
44 20
44 24
44 25
44 26
44 27
44 29
44 30
44 33
44 36
44 37
44 40
44 41
44 42
44 45
44 48
44 49
44 50
44 53
44 54
44 56
44 57
44 59
45 2
45 3
45 5
45 6
45 7
45 8
45 12
45 15
45 17
45 18
45 20
45 24
45 25
45 26
45 27
45 29
45 30
45 33
45 36
45 37
45 40
45 41
45 42
45 44
45 48
45 49
45 50
45 53
45 54
45 56
45 57
45 59
46 43
46 61
48 2
48 3
48 5
48 6
48 7
48 8
48 12
48 15
48 17
48 18
48 20
48 24
48 25
48 26
48 27
48 29
48 30
48 33
48 36
48 37
48 40
48 41
48 42
48 44
48 45
48 49
48 50
48 53
48 54
48 56
48 57
48 59
49 2
49 3
49 5
49 6
49 7
49 8
49 12
49 15
49 17
49 18
49 20
49 24
49 25
49 26
49 27
49 29
49 30
49 33
49 36
49 37
49 40
49 41
49 42
49 44
49 45
49 48
49 50
49 53
49 54
49 56
49 57
49 59
50 2
50 3
50 5
50 6
50 7
50 8
50 12
50 15
50 17
50 18
50 20
50 24
50 25
50 26
50 27
50 29
50 30
50 33
50 36
50 37
50 40
50 41
50 42
50 44
50 45
50 48
50 49
50 53
50 54
50 56
50 57
50 59
53 2
53 3
53 5
53 6
53 7
53 8
53 12
53 15
53 17
53 18
53 20
53 24
53 25
53 26
53 27
53 29
53 30
53 33
53 36
53 37
53 40
53 41
53 42
53 44
53 45
53 48
53 49
53 50
53 54
53 56
53 57
53 59
54 2
54 3
54 5
54 6
54 7
54 8
54 12
54 15
54 17
54 18
54 20
54 24
54 25
54 26
54 27
54 29
54 30
54 33
54 36
54 37
54 40
54 41
54 42
54 44
54 45
54 48
54 49
54 50
54 53
54 56
54 57
54 59
56 2
56 3
56 5
56 6
56 7
56 8
56 12
56 15
56 17
56 18
56 20
56 24
56 25
56 26
56 27
56 29
56 30
56 33
56 36
56 37
56 40
56 41
56 42
56 44
56 45
56 48
56 49
56 50
56 53
56 54
56 57
56 59
57 2
57 3
57 5
57 6
57 7
57 8
57 12
57 15
57 17
57 18
57 20
57 24
57 25
57 26
57 27
57 29
57 30
57 33
57 36
57 37
57 40
57 41
57 42
57 44
57 45
57 48
57 49
57 50
57 53
57 54
57 56
57 59
59 2
59 3
59 5
59 6
59 7
59 8
59 12
59 15
59 17
59 18
59 20
59 24
59 25
59 26
59 27
59 29
59 30
59 33
59 36
59 37
59 40
59 41
59 42
59 44
59 45
59 48
59 49
59 50
59 53
59 54
59 56
59 57
61 43
61 46
62 38
63 22
