32 246
1 3
1 4
1 5
1 6
1 10
1 12
1 13
1 15
1 17
1 24
1 25
1 26
1 27
1 30
1 31
3 1
3 4
3 5
3 6
3 10
3 12
3 13
3 15
3 17
3 24
3 25
3 26
3 27
3 30
3 31
4 1
4 3
4 5
4 6
4 10
4 12
4 13
4 15
4 17
4 24
4 25
4 26
4 27
4 30
4 31
5 1
5 3
5 4
5 6
5 10
5 12
5 13
5 15
5 17
5 24
5 25
5 26
5 27
5 30
5 31
6 1
6 3
6 4
6 5
6 10
6 12
6 13
6 15
6 17
6 24
6 25
6 26
6 27
6 30
6 31
8 16
8 19
10 1
10 3
10 4
10 5
10 6
10 12
10 13
10 15
10 17
10 24
10 25
10 26
10 27
10 30
10 31
12 1
12 3
12 4
12 5
12 6
12 10
12 13
12 15
12 17
12 24
12 25
12 26
12 27
12 30
12 31
13 1
13 3
13 4
13 5
13 6
13 10
13 12
13 15
13 17
13 24
13 25
13 26
13 27
13 30
13 31
15 1
15 3
15 4
15 5
15 6
15 10
15 12
15 13
15 17
15 24
15 25
15 26
15 27
15 30
15 31
16 8
16 19
17 1
17 3
17 4
17 5
17 6
17 10
17 12
17 13
17 15
17 24
17 25
17 26
17 27
17 30
17 31
19 8
19 16
24 1
24 3
24 4
24 5
24 6
24 10
24 12
24 13
24 15
24 17
24 25
24 26
24 27
24 30
24 31
25 1
25 3
25 4
25 5
25 6
25 10
25 12
25 13
25 15
25 17
25 24
25 26
25 27
25 30
25 31
26 1
26 3
26 4
26 5
26 6
26 10
26 12
26 13
26 15
26 17
26 24
26 25
26 27
26 30
26 31
27 1
27 3
27 4
27 5
27 6
27 10
27 12
27 13
27 15
27 17
27 24
27 25
27 26
27 30
27 31
30 1
30 3
30 4
30 5
30 6
30 10
30 12
30 13
30 15
30 17
30 24
30 25
30 26
30 27
30 31
31 1
31 3
31 4
31 5
31 6
31 10
31 12
31 13
31 15
31 17
31 24
31 25
31 26
31 27
31 30
