64 1200
0 4
0 5
0 8
0 9
0 11
0 13
0 14
0 15
0 16
0 18
0 19
0 20
0 21
0 22
0 24
0 25
0 27
0 31
0 32
0 35
0 39
0 40
0 42
0 44
0 50
0 52
0 53
0 54
0 55
0 56
0 57
0 59
0 61
0 63
4 0
4 5
4 8
4 9
4 11
4 13
4 14
4 15
4 16
4 18
4 19
4 20
4 21
4 22
4 24
4 25
4 27
4 31
4 32
4 35
4 39
4 40
4 42
4 44
4 50
4 52
4 53
4 54
4 55
4 56
4 57
4 59
4 61
4 63
5 0
5 4
5 8
5 9
5 11
5 13
5 14
5 15
5 16
5 18
5 19
5 20
5 21
5 22
5 24
5 25
5 27
5 31
5 32
5 35
5 39
5 40
5 42
5 44
5 50
5 52
5 53
5 54
5 55
5 56
5 57
5 59
5 61
5 63
8 0
8 4
8 5
8 9
8 11
8 13
8 14
8 15
8 16
8 18
8 19
8 20
8 21
8 22
8 24
8 25
8 27
8 31
8 32
8 35
8 39
8 40
8 42
8 44
8 50
8 52
8 53
8 54
8 55
8 56
8 57
8 59
8 61
8 63
9 0
9 4
9 5
9 8
9 11
9 13
9 14
9 15
9 16
9 18
9 19
9 20
9 21
9 22
9 24
9 25
9 27
9 31
9 32
9 35
9 39
9 40
9 42
9 44
9 50
9 52
9 53
9 54
9 55
9 56
9 57
9 59
9 61
9 63
11 0
11 4
11 5
11 8
11 9
11 13
11 14
11 15
11 16
11 18
11 19
11 20
11 21
11 22
11 24
11 25
11 27
11 31
11 32
11 35
11 39
11 40
11 42
11 44
11 50
11 52
11 53
11 54
11 55
11 56
11 57
11 59
11 61
11 63
13 0
13 4
13 5
13 8
13 9
13 11
13 14
13 15
13 16
13 18
13 19
13 20
13 21
13 22
13 24
13 25
13 27
13 31
13 32
13 35
13 39
13 40
13 42
13 44
13 50
13 52
13 53
13 54
13 55
13 56
13 57
13 59
13 61
13 63
14 0
14 4
14 5
14 8
14 9
14 11
14 13
14 15
14 16
14 18
14 19
14 20
14 21
14 22
14 24
14 25
14 27
14 31
14 32
14 35
14 39
14 40
14 42
14 44
14 50
14 52
14 53
14 54
14 55
14 56
14 57
14 59
14 61
14 63
15 0
15 4
15 5
15 8
15 9
15 11
15 13
15 14
15 16
15 18
15 19
15 20
15 21
15 22
15 24
15 25
15 27
15 31
15 32
15 35
15 39
15 40
15 42
15 44
15 50
15 52
15 53
15 54
15 55
15 56
15 57
15 59
15 61
15 63
16 0
16 4
16 5
16 8
16 9
16 11
16 13
16 14
16 15
16 18
16 19
16 20
16 21
16 22
16 24
16 25
16 27
16 31
16 32
16 35
16 39
16 40
16 42
16 44
16 50
16 52
16 53
16 54
16 55
16 56
16 57
16 59
16 61
16 63
17 60
18 0
18 4
18 5
18 8
18 9
18 11
18 13
18 14
18 15
18 16
18 19
18 20
18 21
18 22
18 24
18 25
18 27
18 31
18 32
18 35
18 39
18 40
18 42
18 44
18 50
18 52
18 53
18 54
18 55
18 56
18 57
18 59
18 61
18 63
19 0
19 4
19 5
19 8
19 9
19 11
19 13
19 14
19 15
19 16
19 18
19 20
19 21
19 22
19 24
19 25
19 27
19 31
19 32
19 35
19 39
19 40
19 42
19 44
19 50
19 52
19 53
19 54
19 55
19 56
19 57
19 59
19 61
19 63
20 0
20 4
20 5
20 8
20 9
20 11
20 13
20 14
20 15
20 16
20 18
20 19
20 21
20 22
20 24
20 25
20 27
20 31
20 32
20 35
20 39
20 40
20 42
20 44
20 50
20 52
20 53
20 54
20 55
20 56
20 57
20 59
20 61
20 63
21 0
21 4
21 5
21 8
21 9
21 11
21 13
21 14
21 15
21 16
21 18
21 19
21 20
21 22
21 24
21 25
21 27
21 31
21 32
21 35
21 39
21 40
21 42
21 44
21 50
21 52
21 53
21 54
21 55
21 56
21 57
21 59
21 61
21 63
22 0
22 4
22 5
22 8
22 9
22 11
22 13
22 14
22 15
22 16
22 18
22 19
22 20
22 21
22 24
22 25
22 27
22 31
22 32
22 35
22 39
22 40
22 42
22 44
22 50
22 52
22 53
22 54
22 55
22 56
22 57
22 59
22 61
22 63
24 0
24 4
24 5
24 8
24 9
24 11
24 13
24 14
24 15
24 16
24 18
24 19
24 20
24 21
24 22
24 25
24 27
24 31
24 32
24 35
24 39
24 40
24 42
24 44
24 50
24 52
24 53
24 54
24 55
24 56
24 57
24 59
24 61
24 63
25 0
25 4
25 5
25 8
25 9
25 11
25 13
25 14
25 15
25 16
25 18
25 19
25 20
25 21
25 22
25 24
25 27
25 31
25 32
25 35
25 39
25 40
25 42
25 44
25 50
25 52
25 53
25 54
25 55
25 56
25 57
25 59
25 61
25 63
27 0
27 4
27 5
27 8
27 9
27 11
27 13
27 14
27 15
27 16
27 18
27 19
27 20
27 21
27 22
27 24
27 25
27 31
27 32
27 35
27 39
27 40
27 42
27 44
27 50
27 52
27 53
27 54
27 55
27 56
27 57
27 59
27 61
27 63
31 0
31 4
31 5
31 8
31 9
31 11
31 13
31 14
31 15
31 16
31 18
31 19
31 20
31 21
31 22
31 24
31 25
31 27
31 32
31 35
31 39
31 40
31 42
31 44
31 50
31 52
31 53
31 54
31 55
31 56
31 57
31 59
31 61
31 63
32 0
32 4
32 5
32 8
32 9
32 11
32 13
32 14
32 15
32 16
32 18
32 19
32 20
32 21
32 22
32 24
32 25
32 27
32 31
32 35
32 39
32 40
32 42
32 44
32 50
32 52
32 53
32 54
32 55
32 56
32 57
32 59
32 61
32 63
33 48
35 0
35 4
35 5
35 8
35 9
35 11
35 13
35 14
35 15
35 16
35 18
35 19
35 20
35 21
35 22
35 24
35 25
35 27
35 31
35 32
35 39
35 40
35 42
35 44
35 50
35 52
35 53
35 54
35 55
35 56
35 57
35 59
35 61
35 63
38 62
39 0
39 4
39 5
39 8
39 9
39 11
39 13
39 14
39 15
39 16
39 18
39 19
39 20
39 21
39 22
39 24
39 25
39 27
39 31
39 32
39 35
39 40
39 42
39 44
39 50
39 52
39 53
39 54
39 55
39 56
39 57
39 59
39 61
39 63
40 0
40 4
40 5
40 8
40 9
40 11
40 13
40 14
40 15
40 16
40 18
40 19
40 20
40 21
40 22
40 24
40 25
40 27
40 31
40 32
40 35
40 39
40 42
40 44
40 50
40 52
40 53
40 54
40 55
40 56
40 57
40 59
40 61
40 63
41 45
42 0
42 4
42 5
42 8
42 9
42 11
42 13
42 14
42 15
42 16
42 18
42 19
42 20
42 21
42 22
42 24
42 25
42 27
42 31
42 32
42 35
42 39
42 40
42 44
42 50
42 52
42 53
42 54
42 55
42 56
42 57
42 59
42 61
42 63
43 46
44 0
44 4
44 5
44 8
44 9
44 11
44 13
44 14
44 15
44 16
44 18
44 19
44 20
44 21
44 22
44 24
44 25
44 27
44 31
44 32
44 35
44 39
44 40
44 42
44 50
44 52
44 53
44 54
44 55
44 56
44 57
44 59
44 61
44 63
45 41
46 43
48 33
50 0
50 4
50 5
50 8
50 9
50 11
50 13
50 14
50 15
50 16
50 18
50 19
50 20
50 21
50 22
50 24
50 25
50 27
50 31
50 32
50 35
50 39
50 40
50 42
50 44
50 52
50 53
50 54
50 55
50 56
50 57
50 59
50 61
50 63
52 0
52 4
52 5
52 8
52 9
52 11
52 13
52 14
52 15
52 16
52 18
52 19
52 20
52 21
52 22
52 24
52 25
52 27
52 31
52 32
52 35
52 39
52 40
52 42
52 44
52 50
52 53
52 54
52 55
52 56
52 57
52 59
52 61
52 63
53 0
53 4
53 5
53 8
53 9
53 11
53 13
53 14
53 15
53 16
53 18
53 19
53 20
53 21
53 22
53 24
53 25
53 27
53 31
53 32
53 35
53 39
53 40
53 42
53 44
53 50
53 52
53 54
53 55
53 56
53 57
53 59
53 61
53 63
54 0
54 4
54 5
54 8
54 9
54 11
54 13
54 14
54 15
54 16
54 18
54 19
54 20
54 21
54 22
54 24
54 25
54 27
54 31
54 32
54 35
54 39
54 40
54 42
54 44
54 50
54 52
54 53
54 55
54 56
54 57
54 59
54 61
54 63
55 0
55 4
55 5
55 8
55 9
55 11
55 13
55 14
55 15
55 16
55 18
55 19
55 20
55 21
55 22
55 24
55 25
55 27
55 31
55 32
55 35
55 39
55 40
55 42
55 44
55 50
55 52
55 53
55 54
55 56
55 57
55 59
55 61
55 63
56 0
56 4
56 5
56 8
56 9
56 11
56 13
56 14
56 15
56 16
56 18
56 19
56 20
56 21
56 22
56 24
56 25
56 27
56 31
56 32
56 35
56 39
56 40
56 42
56 44
56 50
56 52
56 53
56 54
56 55
56 57
56 59
56 61
56 63
57 0
57 4
57 5
57 8
57 9
57 11
57 13
57 14
57 15
57 16
57 18
57 19
57 20
57 21
57 22
57 24
57 25
57 27
57 31
57 32
57 35
57 39
57 40
57 42
57 44
57 50
57 52
57 53
57 54
57 55
57 56
57 59
57 61
57 63
59 0
59 4
59 5
59 8
59 9
59 11
59 13
59 14
59 15
59 16
59 18
59 19
59 20
59 21
59 22
59 24
59 25
59 27
59 31
59 32
59 35
59 39
59 40
59 42
59 44
59 50
59 52
59 53
59 54
59 55
59 56
59 57
59 61
59 63
60 17
61 0
61 4
61 5
61 8
61 9
61 11
61 13
61 14
61 15
61 16
61 18
61 19
61 20
61 21
61 22
61 24
61 25
61 27
61 31
61 32
61 35
61 39
61 40
61 42
61 44
61 50
61 52
61 53
61 54
61 55
61 56
61 57
61 59
61 63
62 38
63 0
63 4
63 5
63 8
63 9
63 11
63 13
63 14
63 15
63 16
63 18
63 19
63 20
63 21
63 22
63 24
63 25
63 27
63 31
63 32
63 35
63 39
63 40
63 42
63 44
63 50
63 52
63 53
63 54
63 55
63 56
63 57
63 59
63 61
