32 308
2 5
2 8
2 9
2 11
2 12
2 14
2 15
2 16
2 17
2 18
2 19
2 21
2 22
2 25
2 26
2 29
2 31
4 13
5 2
5 8
5 9
5 11
5 12
5 14
5 15
5 16
5 17
5 18
5 19
5 21
5 22
5 25
5 26
5 29
5 31
8 2
8 5
8 9
8 11
8 12
8 14
8 15
8 16
8 17
8 18
8 19
8 21
8 22
8 25
8 26
8 29
8 31
9 2
9 5
9 8
9 11
9 12
9 14
9 15
9 16
9 17
9 18
9 19
9 21
9 22
9 25
9 26
9 29
9 31
11 2
11 5
11 8
11 9
11 12
11 14
11 15
11 16
11 17
11 18
11 19
11 21
11 22
11 25
11 26
11 29
11 31
12 2
12 5
12 8
12 9
12 11
12 14
12 15
12 16
12 17
12 18
12 19
12 21
12 22
12 25
12 26
12 29
12 31
13 4
14 2
14 5
14 8
14 9
14 11
14 12
14 15
14 16
14 17
14 18
14 19
14 21
14 22
14 25
14 26
14 29
14 31
15 2
15 5
15 8
15 9
15 11
15 12
15 14
15 16
15 17
15 18
15 19
15 21
15 22
15 25
15 26
15 29
15 31
16 2
16 5
16 8
16 9
16 11
16 12
16 14
16 15
16 17
16 18
16 19
16 21
16 22
16 25
16 26
16 29
16 31
17 2
17 5
17 8
17 9
17 11
17 12
17 14
17 15
17 16
17 18
17 19
17 21
17 22
17 25
17 26
17 29
17 31
18 2
18 5
18 8
18 9
18 11
18 12
18 14
18 15
18 16
18 17
18 19
18 21
18 22
18 25
18 26
18 29
18 31
19 2
19 5
19 8
19 9
19 11
19 12
19 14
19 15
19 16
19 17
19 18
19 21
19 22
19 25
19 26
19 29
19 31
21 2
21 5
21 8
21 9
21 11
21 12
21 14
21 15
21 16
21 17
21 18
21 19
21 22
21 25
21 26
21 29
21 31
22 2
22 5
22 8
22 9
22 11
22 12
22 14
22 15
22 16
22 17
22 18
22 19
22 21
22 25
22 26
22 29
22 31
25 2
25 5
25 8
25 9
25 11
25 12
25 14
25 15
25 16
25 17
25 18
25 19
25 21
25 22
25 26
25 29
25 31
26 2
26 5
26 8
26 9
26 11
26 12
26 14
26 15
26 16
26 17
26 18
26 19
26 21
26 22
26 25
26 29
26 31
29 2
29 5
29 8
29 9
29 11
29 12
29 14
29 15
29 16
29 17
29 18
29 19
29 21
29 22
29 25
29 26
29 31
31 2
31 5
31 8
31 9
31 11
31 12
31 14
31 15
31 16
31 17
31 18
31 19
31 21
31 22
31 25
31 26
31 29
