256 13099
0 5
0 8
0 10
0 12
0 15
0 16
0 19
0 23
0 25
0 27
0 28
0 29
0 30
0 34
0 36
0 37
0 38
0 40
0 43
0 44
0 46
0 53
0 54
0 56
0 57
0 59
0 60
0 61
0 62
0 71
0 73
0 75
0 76
0 85
0 86
0 88
0 89
0 90
0 94
0 98
0 100
0 102
0 104
0 106
0 107
0 109
0 110
0 112
0 113
0 116
0 117
0 119
0 120
0 123
0 124
0 126
0 127
0 131
0 134
0 135
0 137
0 138
0 140
0 141
0 148
0 151
0 153
0 158
0 159
0 160
0 163
0 164
0 166
0 172
0 173
0 175
0 176
0 178
0 179
0 180
0 181
0 183
0 186
0 187
0 189
0 194
0 195
0 196
0 199
0 200
0 202
0 204
0 205
0 210
0 211
0 213
0 220
0 227
0 228
0 229
0 230
0 234
0 237
0 238
0 239
0 242
0 243
0 249
0 250
0 251
0 252
0 255
2 111
2 168
2 222
2 241
4 13
4 122
4 182
5 0
5 8
5 10
5 12
5 15
5 16
5 19
5 23
5 25
5 27
5 28
5 29
5 30
5 34
5 36
5 37
5 38
5 40
5 43
5 44
5 46
5 53
5 54
5 56
5 57
5 59
5 60
5 61
5 62
5 71
5 73
5 75
5 76
5 85
5 86
5 88
5 89
5 90
5 94
5 98
5 100
5 102
5 104
5 106
5 107
5 109
5 110
5 112
5 113
5 116
5 117
5 119
5 120
5 123
5 124
5 126
5 127
5 131
5 134
5 135
5 137
5 138
5 140
5 141
5 148
5 151
5 153
5 158
5 159
5 160
5 163
5 164
5 166
5 172
5 173
5 175
5 176
5 178
5 179
5 180
5 181
5 183
5 186
5 187
5 189
5 194
5 195
5 196
5 199
5 200
5 202
5 204
5 205
5 210
5 211
5 213
5 220
5 227
5 228
5 229
5 230
5 234
5 237
5 238
5 239
5 242
5 243
5 249
5 250
5 251
5 252
5 255
6 81
6 223
8 0
8 5
8 10
8 12
8 15
8 16
8 19
8 23
8 25
8 27
8 28
8 29
8 30
8 34
8 36
8 37
8 38
8 40
8 43
8 44
8 46
8 53
8 54
8 56
8 57
8 59
8 60
8 61
8 62
8 71
8 73
8 75
8 76
8 85
8 86
8 88
8 89
8 90
8 94
8 98
8 100
8 102
8 104
8 106
8 107
8 109
8 110
8 112
8 113
8 116
8 117
8 119
8 120
8 123
8 124
8 126
8 127
8 131
8 134
8 135
8 137
8 138
8 140
8 141
8 148
8 151
8 153
8 158
8 159
8 160
8 163
8 164
8 166
8 172
8 173
8 175
8 176
8 178
8 179
8 180
8 181
8 183
8 186
8 187
8 189
8 194
8 195
8 196
8 199
8 200
8 202
8 204
8 205
8 210
8 211
8 213
8 220
8 227
8 228
8 229
8 230
8 234
8 237
8 238
8 239
8 242
8 243
8 249
8 250
8 251
8 252
8 255
9 167
9 206
10 0
10 5
10 8
10 12
10 15
10 16
10 19
10 23
10 25
10 27
10 28
10 29
10 30
10 34
10 36
10 37
10 38
10 40
10 43
10 44
10 46
10 53
10 54
10 56
10 57
10 59
10 60
10 61
10 62
10 71
10 73
10 75
10 76
10 85
10 86
10 88
10 89
10 90
10 94
10 98
10 100
10 102
10 104
10 106
10 107
10 109
10 110
10 112
10 113
10 116
10 117
10 119
10 120
10 123
10 124
10 126
10 127
10 131
10 134
10 135
10 137
10 138
10 140
10 141
10 148
10 151
10 153
10 158
10 159
10 160
10 163
10 164
10 166
10 172
10 173
10 175
10 176
10 178
10 179
10 180
10 181
10 183
10 186
10 187
10 189
10 194
10 195
10 196
10 199
10 200
10 202
10 204
10 205
10 210
10 211
10 213
10 220
10 227
10 228
10 229
10 230
10 234
10 237
10 238
10 239
10 242
10 243
10 249
10 250
10 251
10 252
10 255
11 39
11 50
11 79
11 103
11 121
11 212
11 217
12 0
12 5
12 8
12 10
12 15
12 16
12 19
12 23
12 25
12 27
12 28
12 29
12 30
12 34
12 36
12 37
12 38
12 40
12 43
12 44
12 46
12 53
12 54
12 56
12 57
12 59
12 60
12 61
12 62
12 71
12 73
12 75
12 76
12 85
12 86
12 88
12 89
12 90
12 94
12 98
12 100
12 102
12 104
12 106
12 107
12 109
12 110
12 112
12 113
12 116
12 117
12 119
12 120
12 123
12 124
12 126
12 127
12 131
12 134
12 135
12 137
12 138
12 140
12 141
12 148
12 151
12 153
12 158
12 159
12 160
12 163
12 164
12 166
12 172
12 173
12 175
12 176
12 178
12 179
12 180
12 181
12 183
12 186
12 187
12 189
12 194
12 195
12 196
12 199
12 200
12 202
12 204
12 205
12 210
12 211
12 213
12 220
12 227
12 228
12 229
12 230
12 234
12 237
12 238
12 239
12 242
12 243
12 249
12 250
12 251
12 252
12 255
13 4
13 122
13 182
13 231
14 35
14 129
14 132
14 143
14 144
14 149
14 170
14 201
14 214
14 215
14 224
14 225
14 253
15 0
15 5
15 8
15 10
15 12
15 16
15 19
15 23
15 25
15 27
15 28
15 29
15 30
15 34
15 36
15 37
15 38
15 40
15 43
15 44
15 46
15 53
15 54
15 56
15 57
15 59
15 60
15 61
15 62
15 71
15 73
15 75
15 76
15 85
15 86
15 88
15 89
15 90
15 94
15 98
15 100
15 102
15 104
15 106
15 107
15 109
15 110
15 112
15 113
15 116
15 117
15 119
15 120
15 123
15 124
15 126
15 127
15 131
15 134
15 135
15 137
15 138
15 140
15 141
15 148
15 151
15 153
15 158
15 159
15 160
15 163
15 164
15 166
15 172
15 173
15 175
15 176
15 178
15 179
15 180
15 181
15 183
15 186
15 187
15 189
15 194
15 195
15 196
15 199
15 200
15 202
15 204
15 205
15 210
15 211
15 213
15 220
15 227
15 228
15 229
15 230
15 234
15 237
15 238
15 239
15 242
15 243
15 249
15 250
15 251
15 252
15 255
16 0
16 5
16 8
16 10
16 12
16 15
16 19
16 23
16 25
16 27
16 28
16 29
16 30
16 34
16 36
16 37
16 38
16 40
16 43
16 44
16 46
16 53
16 54
16 56
16 57
16 59
16 60
16 61
16 62
16 71
16 73
16 75
16 76
16 85
16 86
16 88
16 89
16 90
16 94
16 98
16 100
16 102
16 104
16 106
16 107
16 109
16 110
16 112
16 113
16 116
16 117
16 119
16 120
16 123
16 124
16 126
16 127
16 131
16 134
16 135
16 137
16 138
16 140
16 141
16 148
16 151
16 153
16 158
16 159
16 160
16 163
16 164
16 166
16 172
16 173
16 175
16 176
16 178
16 179
16 180
16 181
16 183
16 186
16 187
16 189
16 194
16 195
16 196
16 199
16 200
16 202
16 204
16 205
16 210
16 211
16 213
16 220
16 227
16 228
16 229
16 230
16 234
16 237
16 238
16 239
16 242
16 243
16 249
16 250
16 251
16 252
16 255
17 91
18 52
18 70
18 108
18 125
18 226
19 0
19 5
19 8
19 10
19 12
19 15
19 16
19 23
19 25
19 27
19 28
19 29
19 30
19 34
19 36
19 37
19 38
19 40
19 43
19 44
19 46
19 53
19 54
19 56
19 57
19 59
19 60
19 61
19 62
19 71
19 73
19 75
19 76
19 85
19 86
19 88
19 89
19 90
19 94
19 98
19 100
19 102
19 104
19 106
19 107
19 109
19 110
19 112
19 113
19 116
19 117
19 119
19 120
19 123
19 124
19 126
19 127
19 131
19 134
19 135
19 137
19 138
19 140
19 141
19 148
19 151
19 153
19 158
19 159
19 160
19 163
19 164
19 166
19 172
19 173
19 175
19 176
19 178
19 179
19 180
19 181
19 183
19 186
19 187
19 189
19 194
19 195
19 196
19 199
19 200
19 202
19 204
19 205
19 210
19 211
19 213
19 220
19 227
19 228
19 229
19 230
19 234
19 237
19 238
19 239
19 242
19 243
19 249
19 250
19 251
19 252
19 255
20 42
20 219
21 77
22 63
23 0
23 5
23 8
23 10
23 12
23 15
23 16
23 19
23 25
23 27
23 28
23 29
23 30
23 34
23 36
23 37
23 38
23 40
23 43
23 44
23 46
23 53
23 54
23 56
23 57
23 59
23 60
23 61
23 62
23 71
23 73
23 75
23 76
23 85
23 86
23 88
23 89
23 90
23 94
23 98
23 100
23 102
23 104
23 106
23 107
23 109
23 110
23 112
23 113
23 116
23 117
23 119
23 120
23 123
23 124
23 126
23 127
23 131
23 134
23 135
23 137
23 138
23 140
23 141
23 148
23 151
23 153
23 158
23 159
23 160
23 163
23 164
23 166
23 172
23 173
23 175
23 176
23 178
23 179
23 180
23 181
23 183
23 186
23 187
23 189
23 194
23 195
23 196
23 199
23 200
23 202
23 204
23 205
23 210
23 211
23 213
23 220
23 227
23 228
23 229
23 230
23 234
23 237
23 238
23 239
23 242
23 243
23 249
23 250
23 251
23 252
23 255
25 0
25 5
25 8
25 10
25 12
25 15
25 16
25 19
25 23
25 27
25 28
25 29
25 30
25 34
25 36
25 37
25 38
25 40
25 43
25 44
25 46
25 53
25 54
25 56
25 57
25 59
25 60
25 61
25 62
25 71
25 73
25 75
25 76
25 85
25 86
25 88
25 89
25 90
25 94
25 98
25 100
25 102
25 104
25 106
25 107
25 109
25 110
25 112
25 113
25 116
25 117
25 119
25 120
25 123
25 124
25 126
25 127
25 131
25 134
25 135
25 137
25 138
25 140
25 141
25 148
25 151
25 153
25 158
25 159
25 160
25 163
25 164
25 166
25 172
25 173
25 175
25 176
25 178
25 179
25 180
25 181
25 183
25 186
25 187
25 189
25 194
25 195
25 196
25 199
25 200
25 202
25 204
25 205
25 210
25 211
25 213
25 220
25 227
25 228
25 229
25 230
25 234
25 237
25 238
25 239
25 242
25 243
25 249
25 250
25 251
25 252
25 255
27 0
27 5
27 8
27 10
27 12
27 15
27 16
27 19
27 23
27 25
27 28
27 29
27 30
27 34
27 36
27 37
27 38
27 40
27 43
27 44
27 46
27 53
27 54
27 56
27 57
27 59
27 60
27 61
27 62
27 71
27 73
27 75
27 76
27 85
27 86
27 88
27 89
27 90
27 94
27 98
27 100
27 102
27 104
27 106
27 107
27 109
27 110
27 112
27 113
27 116
27 117
27 119
27 120
27 123
27 124
27 126
27 127
27 131
27 134
27 135
27 137
27 138
27 140
27 141
27 148
27 151
27 153
27 158
27 159
27 160
27 163
27 164
27 166
27 172
27 173
27 175
27 176
27 178
27 179
27 180
27 181
27 183
27 186
27 187
27 189
27 194
27 195
27 196
27 199
27 200
27 202
27 204
27 205
27 210
27 211
27 213
27 220
27 227
27 228
27 229
27 230
27 234
27 237
27 238
27 239
27 242
27 243
27 249
27 250
27 251
27 252
27 255
28 0
28 5
28 8
28 10
28 12
28 15
28 16
28 19
28 23
28 25
28 27
28 29
28 30
28 34
28 36
28 37
28 38
28 40
28 43
28 44
28 46
28 53
28 54
28 56
28 57
28 59
28 60
28 61
28 62
28 71
28 73
28 75
28 76
28 85
28 86
28 88
28 89
28 90
28 94
28 98
28 100
28 102
28 104
28 106
28 107
28 109
28 110
28 112
28 113
28 116
28 117
28 119
28 120
28 123
28 124
28 126
28 127
28 131
28 134
28 135
28 137
28 138
28 140
28 141
28 148
28 151
28 153
28 158
28 159
28 160
28 163
28 164
28 166
28 172
28 173
28 175
28 176
28 178
28 179
28 180
28 181
28 183
28 186
28 187
28 189
28 194
28 195
28 196
28 199
28 200
28 202
28 204
28 205
28 210
28 211
28 213
28 220
28 227
28 228
28 229
28 230
28 234
28 237
28 238
28 239
28 242
28 243
28 249
28 250
28 251
28 252
28 255
29 0
29 5
29 8
29 10
29 12
29 15
29 16
29 19
29 23
29 25
29 27
29 28
29 30
29 34
29 36
29 37
29 38
29 40
29 43
29 44
29 46
29 53
29 54
29 56
29 57
29 59
29 60
29 61
29 62
29 71
29 73
29 75
29 76
29 85
29 86
29 88
29 89
29 90
29 94
29 98
29 100
29 102
29 104
29 106
29 107
29 109
29 110
29 112
29 113
29 116
29 117
29 119
29 120
29 123
29 124
29 126
29 127
29 131
29 134
29 135
29 137
29 138
29 140
29 141
29 148
29 151
29 153
29 158
29 159
29 160
29 163
29 164
29 166
29 172
29 173
29 175
29 176
29 178
29 179
29 180
29 181
29 183
29 186
29 187
29 189
29 194
29 195
29 196
29 199
29 200
29 202
29 204
29 205
29 210
29 211
29 213
29 220
29 227
29 228
29 229
29 230
29 234
29 237
29 238
29 239
29 242
29 243
29 249
29 250
29 251
29 252
29 255
30 0
30 5
30 8
30 10
30 12
30 15
30 16
30 19
30 23
30 25
30 27
30 28
30 29
30 34
30 36
30 37
30 38
30 40
30 43
30 44
30 46
30 53
30 54
30 56
30 57
30 59
30 60
30 61
30 62
30 71
30 73
30 75
30 76
30 85
30 86
30 88
30 89
30 90
30 94
30 98
30 100
30 102
30 104
30 106
30 107
30 109
30 110
30 112
30 113
30 116
30 117
30 119
30 120
30 123
30 124
30 126
30 127
30 131
30 134
30 135
30 137
30 138
30 140
30 141
30 148
30 151
30 153
30 158
30 159
30 160
30 163
30 164
30 166
30 172
30 173
30 175
30 176
30 178
30 179
30 180
30 181
30 183
30 186
30 187
30 189
30 194
30 195
30 196
30 199
30 200
30 202
30 204
30 205
30 210
30 211
30 213
30 220
30 227
30 228
30 229
30 230
30 234
30 237
30 238
30 239
30 242
30 243
30 249
30 250
30 251
30 252
30 255
31 139
31 146
32 244
33 48
33 193
34 0
34 5
34 8
34 10
34 12
34 15
34 16
34 19
34 23
34 25
34 27
34 28
34 29
34 30
34 36
34 37
34 38
34 40
34 43
34 44
34 46
34 53
34 54
34 56
34 57
34 59
34 60
34 61
34 62
34 71
34 73
34 75
34 76
34 85
34 86
34 88
34 89
34 90
34 94
34 98
34 100
34 102
34 104
34 106
34 107
34 109
34 110
34 112
34 113
34 116
34 117
34 119
34 120
34 123
34 124
34 126
34 127
34 131
34 134
34 135
34 137
34 138
34 140
34 141
34 148
34 151
34 153
34 158
34 159
34 160
34 163
34 164
34 166
34 172
34 173
34 175
34 176
34 178
34 179
34 180
34 181
34 183
34 186
34 187
34 189
34 194
34 195
34 196
34 199
34 200
34 202
34 204
34 205
34 210
34 211
34 213
34 220
34 227
34 228
34 229
34 230
34 234
34 237
34 238
34 239
34 242
34 243
34 249
34 250
34 251
34 252
34 255
35 14
35 129
35 132
35 143
35 144
35 149
35 170
35 201
35 214
35 215
35 224
35 225
35 253
36 0
36 5
36 8
36 10
36 12
36 15
36 16
36 19
36 23
36 25
36 27
36 28
36 29
36 30
36 34
36 37
36 38
36 40
36 43
36 44
36 46
36 53
36 54
36 56
36 57
36 59
36 60
36 61
36 62
36 71
36 73
36 75
36 76
36 85
36 86
36 88
36 89
36 90
36 94
36 98
36 100
36 102
36 104
36 106
36 107
36 109
36 110
36 112
36 113
36 116
36 117
36 119
36 120
36 123
36 124
36 126
36 127
36 131
36 134
36 135
36 137
36 138
36 140
36 141
36 148
36 151
36 153
36 158
36 159
36 160
36 163
36 164
36 166
36 172
36 173
36 175
36 176
36 178
36 179
36 180
36 181
36 183
36 186
36 187
36 189
36 194
36 195
36 196
36 199
36 200
36 202
36 204
36 205
36 210
36 211
36 213
36 220
36 227
36 228
36 229
36 230
36 234
36 237
36 238
36 239
36 242
36 243
36 249
36 250
36 251
36 252
36 255
37 0
37 5
37 8
37 10
37 12
37 15
37 16
37 19
37 23
37 25
37 27
37 28
37 29
37 30
37 34
37 36
37 38
37 40
37 43
37 44
37 46
37 53
37 54
37 56
37 57
37 59
37 60
37 61
37 62
37 71
37 73
37 75
37 76
37 85
37 86
37 88
37 89
37 90
37 94
37 98
37 100
37 102
37 104
37 106
37 107
37 109
37 110
37 112
37 113
37 116
37 117
37 119
37 120
37 123
37 124
37 126
37 127
37 131
37 134
37 135
37 137
37 138
37 140
37 141
37 148
37 151
37 153
37 158
37 159
37 160
37 163
37 164
37 166
37 172
37 173
37 175
37 176
37 178
37 179
37 180
37 181
37 183
37 186
37 187
37 189
37 194
37 195
37 196
37 199
37 200
37 202
37 204
37 205
37 210
37 211
37 213
37 220
37 227
37 228
37 229
37 230
37 234
37 237
37 238
37 239
37 242
37 243
37 249
37 250
37 251
37 252
37 255
38 0
38 5
38 8
38 10
38 12
38 15
38 16
38 19
38 23
38 25
38 27
38 28
38 29
38 30
38 34
38 36
38 37
38 40
38 43
38 44
38 46
38 53
38 54
38 56
38 57
38 59
38 60
38 61
38 62
38 71
38 73
38 75
38 76
38 85
38 86
38 88
38 89
38 90
38 94
38 98
38 100
38 102
38 104
38 106
38 107
38 109
38 110
38 112
38 113
38 116
38 117
38 119
38 120
38 123
38 124
38 126
38 127
38 131
38 134
38 135
38 137
38 138
38 140
38 141
38 148
38 151
38 153
38 158
38 159
38 160
38 163
38 164
38 166
38 172
38 173
38 175
38 176
38 178
38 179
38 180
38 181
38 183
38 186
38 187
38 189
38 194
38 195
38 196
38 199
38 200
38 202
38 204
38 205
38 210
38 211
38 213
38 220
38 227
38 228
38 229
38 230
38 234
38 237
38 238
38 239
38 242
38 243
38 249
38 250
38 251
38 252
38 255
39 11
39 50
39 79
39 103
39 121
39 212
39 217
40 0
40 5
40 8
40 10
40 12
40 15
40 16
40 19
40 23
40 25
40 27
40 28
40 29
40 30
40 34
40 36
40 37
40 38
40 43
40 44
40 46
40 53
40 54
40 56
40 57
40 59
40 60
40 61
40 62
40 71
40 73
40 75
40 76
40 85
40 86
40 88
40 89
40 90
40 94
40 98
40 100
40 102
40 104
40 106
40 107
40 109
40 110
40 112
40 113
40 116
40 117
40 119
40 120
40 123
40 124
40 126
40 127
40 131
40 134
40 135
40 137
40 138
40 140
40 141
40 148
40 151
40 153
40 158
40 159
40 160
40 163
40 164
40 166
40 172
40 173
40 175
40 176
40 178
40 179
40 180
40 181
40 183
40 186
40 187
40 189
40 194
40 195
40 196
40 199
40 200
40 202
40 204
40 205
40 210
40 211
40 213
40 220
40 227
40 228
40 229
40 230
40 234
40 237
40 238
40 239
40 242
40 243
40 249
40 250
40 251
40 252
40 255
41 45
41 84
41 133
41 152
41 185
41 191
41 232
42 20
42 219
43 0
43 5
43 8
43 10
43 12
43 15
43 16
43 19
43 23
43 25
43 27
43 28
43 29
43 30
43 34
43 36
43 37
43 38
43 40
43 44
43 46
43 53
43 54
43 56
43 57
43 59
43 60
43 61
43 62
43 71
43 73
43 75
43 76
43 85
43 86
43 88
43 89
43 90
43 94
43 98
43 100
43 102
43 104
43 106
43 107
43 109
43 110
43 112
43 113
43 116
43 117
43 119
43 120
43 123
43 124
43 126
43 127
43 131
43 134
43 135
43 137
43 138
43 140
43 141
43 148
43 151
43 153
43 158
43 159
43 160
43 163
43 164
43 166
43 172
43 173
43 175
43 176
43 178
43 179
43 180
43 181
43 183
43 186
43 187
43 189
43 194
43 195
43 196
43 199
43 200
43 202
43 204
43 205
43 210
43 211
43 213
43 220
43 227
43 228
43 229
43 230
43 234
43 237
43 238
43 239
43 242
43 243
43 249
43 250
43 251
43 252
43 255
44 0
44 5
44 8
44 10
44 12
44 15
44 16
44 19
44 23
44 25
44 27
44 28
44 29
44 30
44 34
44 36
44 37
44 38
44 40
44 43
44 46
44 53
44 54
44 56
44 57
44 59
44 60
44 61
44 62
44 71
44 73
44 75
44 76
44 85
44 86
44 88
44 89
44 90
44 94
44 98
44 100
44 102
44 104
44 106
44 107
44 109
44 110
44 112
44 113
44 116
44 117
44 119
44 120
44 123
44 124
44 126
44 127
44 131
44 134
44 135
44 137
44 138
44 140
44 141
44 148
44 151
44 153
44 158
44 159
44 160
44 163
44 164
44 166
44 172
44 173
44 175
44 176
44 178
44 179
44 180
44 181
44 183
44 186
44 187
44 189
44 194
44 195
44 196
44 199
44 200
44 202
44 204
44 205
44 210
44 211
44 213
44 220
44 227
44 228
44 229
44 230
44 234
44 237
44 238
44 239
44 242
44 243
44 249
44 250
44 251
44 252
44 255
45 41
45 84
45 133
45 152
45 185
45 191
45 232
46 0
46 5
46 8
46 10
46 12
46 15
46 16
46 19
46 23
46 25
46 27
46 28
46 29
46 30
46 34
46 36
46 37
46 38
46 40
46 43
46 44
46 53
46 54
46 56
46 57
46 59
46 60
46 61
46 62
46 71
46 73
46 75
46 76
46 85
46 86
46 88
46 89
46 90
46 94
46 98
46 100
46 102
46 104
46 106
46 107
46 109
46 110
46 112
46 113
46 116
46 117
46 119
46 120
46 123
46 124
46 126
46 127
46 131
46 134
46 135
46 137
46 138
46 140
46 141
46 148
46 151
46 153
46 158
46 159
46 160
46 163
46 164
46 166
46 172
46 173
46 175
46 176
46 178
46 179
46 180
46 181
46 183
46 186
46 187
46 189
46 194
46 195
46 196
46 199
46 200
46 202
46 204
46 205
46 210
46 211
46 213
46 220
46 227
46 228
46 229
46 230
46 234
46 237
46 238
46 239
46 242
46 243
46 249
46 250
46 251
46 252
46 255
47 142
48 33
48 193
50 11
50 39
50 79
50 103
50 121
50 212
50 217
51 83
51 145
52 87
53 0
53 5
53 8
53 10
53 12
53 15
53 16
53 19
53 23
53 25
53 27
53 28
53 29
53 30
53 34
53 36
53 37
53 38
53 40
53 43
53 44
53 46
53 54
53 56
53 57
53 59
53 60
53 61
53 62
53 71
53 73
53 75
53 76
53 85
53 86
53 88
53 89
53 90
53 94
53 98
53 100
53 102
53 104
53 106
53 107
53 109
53 110
53 112
53 113
53 116
53 117
53 119
53 120
53 123
53 124
53 126
53 127
53 131
53 134
53 135
53 137
53 138
53 140
53 141
53 148
53 151
53 153
53 158
53 159
53 160
53 163
53 164
53 166
53 172
53 173
53 175
53 176
53 178
53 179
53 180
53 181
53 183
53 186
53 187
53 189
53 194
53 195
53 196
53 199
53 200
53 202
53 204
53 205
53 210
53 211
53 213
53 220
53 227
53 228
53 229
53 230
53 234
53 237
53 238
53 239
53 242
53 243
53 249
53 250
53 251
53 252
53 255
54 0
54 5
54 8
54 10
54 12
54 15
54 16
54 19
54 23
54 25
54 27
54 28
54 29
54 30
54 34
54 36
54 37
54 38
54 40
54 43
54 44
54 46
54 53
54 56
54 57
54 59
54 60
54 61
54 62
54 71
54 73
54 75
54 76
54 85
54 86
54 88
54 89
54 90
54 94
54 98
54 100
54 102
54 104
54 106
54 107
54 109
54 110
54 112
54 113
54 116
54 117
54 119
54 120
54 123
54 124
54 126
54 127
54 131
54 134
54 135
54 137
54 138
54 140
54 141
54 148
54 151
54 153
54 158
54 159
54 160
54 163
54 164
54 166
54 172
54 173
54 175
54 176
54 178
54 179
54 180
54 181
54 183
54 186
54 187
54 189
54 194
54 195
54 196
54 199
54 200
54 202
54 204
54 205
54 210
54 211
54 213
54 220
54 227
54 228
54 229
54 230
54 234
54 237
54 238
54 239
54 242
54 243
54 249
54 250
54 251
54 252
54 255
56 0
56 5
56 8
56 10
56 12
56 15
56 16
56 19
56 23
56 25
56 27
56 28
56 29
56 30
56 34
56 36
56 37
56 38
56 40
56 43
56 44
56 46
56 53
56 54
56 57
56 59
56 60
56 61
56 62
56 71
56 73
56 75
56 76
56 85
56 86
56 88
56 89
56 90
56 94
56 98
56 100
56 102
56 104
56 106
56 107
56 109
56 110
56 112
56 113
56 116
56 117
56 119
56 120
56 123
56 124
56 126
56 127
56 131
56 134
56 135
56 137
56 138
56 140
56 141
56 148
56 151
56 153
56 158
56 159
56 160
56 163
56 164
56 166
56 172
56 173
56 175
56 176
56 178
56 179
56 180
56 181
56 183
56 186
56 187
56 189
56 194
56 195
56 196
56 199
56 200
56 202
56 204
56 205
56 210
56 211
56 213
56 220
56 227
56 228
56 229
56 230
56 234
56 237
56 238
56 239
56 242
56 243
56 249
56 250
56 251
56 252
56 255
57 0
57 5
57 8
57 10
57 12
57 15
57 16
57 19
57 23
57 25
57 27
57 28
57 29
57 30
57 34
57 36
57 37
57 38
57 40
57 43
57 44
57 46
57 53
57 54
57 56
57 59
57 60
57 61
57 62
57 71
57 73
57 75
57 76
57 85
57 86
57 88
57 89
57 90
57 94
57 98
57 100
57 102
57 104
57 106
57 107
57 109
57 110
57 112
57 113
57 116
57 117
57 119
57 120
57 123
57 124
57 126
57 127
57 131
57 134
57 135
57 137
57 138
57 140
57 141
57 148
57 151
57 153
57 158
57 159
57 160
57 163
57 164
57 166
57 172
57 173
57 175
57 176
57 178
57 179
57 180
57 181
57 183
57 186
57 187
57 189
57 194
57 195
57 196
57 199
57 200
57 202
57 204
57 205
57 210
57 211
57 213
57 220
57 227
57 228
57 229
57 230
57 234
57 237
57 238
57 239
57 242
57 243
57 249
57 250
57 251
57 252
57 255
58 66
58 72
58 216
59 0
59 5
59 8
59 10
59 12
59 15
59 16
59 19
59 23
59 25
59 27
59 28
59 29
59 30
59 34
59 36
59 37
59 38
59 40
59 43
59 44
59 46
59 53
59 54
59 56
59 57
59 60
59 61
59 62
59 71
59 73
59 75
59 76
59 85
59 86
59 88
59 89
59 90
59 94
59 98
59 100
59 102
59 104
59 106
59 107
59 109
59 110
59 112
59 113
59 116
59 117
59 119
59 120
59 123
59 124
59 126
59 127
59 131
59 134
59 135
59 137
59 138
59 140
59 141
59 148
59 151
59 153
59 158
59 159
59 160
59 163
59 164
59 166
59 172
59 173
59 175
59 176
59 178
59 179
59 180
59 181
59 183
59 186
59 187
59 189
59 194
59 195
59 196
59 199
59 200
59 202
59 204
59 205
59 210
59 211
59 213
59 220
59 227
59 228
59 229
59 230
59 234
59 237
59 238
59 239
59 242
59 243
59 249
59 250
59 251
59 252
59 255
60 0
60 5
60 8
60 10
60 12
60 15
60 16
60 19
60 23
60 25
60 27
60 28
60 29
60 30
60 34
60 36
60 37
60 38
60 40
60 43
60 44
60 46
60 53
60 54
60 56
60 57
60 59
60 61
60 62
60 71
60 73
60 75
60 76
60 85
60 86
60 88
60 89
60 90
60 94
60 98
60 100
60 102
60 104
60 106
60 107
60 109
60 110
60 112
60 113
60 116
60 117
60 119
60 120
60 123
60 124
60 126
60 127
60 131
60 134
60 135
60 137
60 138
60 140
60 141
60 148
60 151
60 153
60 158
60 159
60 160
60 163
60 164
60 166
60 172
60 173
60 175
60 176
60 178
60 179
60 180
60 181
60 183
60 186
60 187
60 189
60 194
60 195
60 196
60 199
60 200
60 202
60 204
60 205
60 210
60 211
60 213
60 220
60 227
60 228
60 229
60 230
60 234
60 237
60 238
60 239
60 242
60 243
60 249
60 250
60 251
60 252
60 255
61 0
61 5
61 8
61 10
61 12
61 15
61 16
61 19
61 23
61 25
61 27
61 28
61 29
61 30
61 34
61 36
61 37
61 38
61 40
61 43
61 44
61 46
61 53
61 54
61 56
61 57
61 59
61 60
61 62
61 71
61 73
61 75
61 76
61 85
61 86
61 88
61 89
61 90
61 94
61 98
61 100
61 102
61 104
61 106
61 107
61 109
61 110
61 112
61 113
61 116
61 117
61 119
61 120
61 123
61 124
61 126
61 127
61 131
61 134
61 135
61 137
61 138
61 140
61 141
61 148
61 151
61 153
61 158
61 159
61 160
61 163
61 164
61 166
61 172
61 173
61 175
61 176
61 178
61 179
61 180
61 181
61 183
61 186
61 187
61 189
61 194
61 195
61 196
61 199
61 200
61 202
61 204
61 205
61 210
61 211
61 213
61 220
61 227
61 228
61 229
61 230
61 234
61 237
61 238
61 239
61 242
61 243
61 249
61 250
61 251
61 252
61 255
62 0
62 5
62 8
62 10
62 12
62 15
62 16
62 19
62 23
62 25
62 27
62 28
62 29
62 30
62 34
62 36
62 37
62 38
62 40
62 43
62 44
62 46
62 53
62 54
62 56
62 57
62 59
62 60
62 61
62 71
62 73
62 75
62 76
62 85
62 86
62 88
62 89
62 90
62 94
62 98
62 100
62 102
62 104
62 106
62 107
62 109
62 110
62 112
62 113
62 116
62 117
62 119
62 120
62 123
62 124
62 126
62 127
62 131
62 134
62 135
62 137
62 138
62 140
62 141
62 148
62 151
62 153
62 158
62 159
62 160
62 163
62 164
62 166
62 172
62 173
62 175
62 176
62 178
62 179
62 180
62 181
62 183
62 186
62 187
62 189
62 194
62 195
62 196
62 199
62 200
62 202
62 204
62 205
62 210
62 211
62 213
62 220
62 227
62 228
62 229
62 230
62 234
62 237
62 238
62 239
62 242
62 243
62 249
62 250
62 251
62 252
62 255
63 22
66 58
66 72
66 216
67 136
68 184
70 18
70 108
70 125
70 226
71 0
71 5
71 8
71 10
71 12
71 15
71 16
71 19
71 23
71 25
71 27
71 28
71 29
71 30
71 34
71 36
71 37
71 38
71 40
71 43
71 44
71 46
71 53
71 54
71 56
71 57
71 59
71 60
71 61
71 62
71 73
71 75
71 76
71 85
71 86
71 88
71 89
71 90
71 94
71 98
71 100
71 102
71 104
71 106
71 107
71 109
71 110
71 112
71 113
71 116
71 117
71 119
71 120
71 123
71 124
71 126
71 127
71 131
71 134
71 135
71 137
71 138
71 140
71 141
71 148
71 151
71 153
71 158
71 159
71 160
71 163
71 164
71 166
71 172
71 173
71 175
71 176
71 178
71 179
71 180
71 181
71 183
71 186
71 187
71 189
71 194
71 195
71 196
71 199
71 200
71 202
71 204
71 205
71 210
71 211
71 213
71 220
71 227
71 228
71 229
71 230
71 234
71 237
71 238
71 239
71 242
71 243
71 249
71 250
71 251
71 252
71 255
72 58
72 66
72 216
73 0
73 5
73 8
73 10
73 12
73 15
73 16
73 19
73 23
73 25
73 27
73 28
73 29
73 30
73 34
73 36
73 37
73 38
73 40
73 43
73 44
73 46
73 53
73 54
73 56
73 57
73 59
73 60
73 61
73 62
73 71
73 75
73 76
73 85
73 86
73 88
73 89
73 90
73 94
73 98
73 100
73 102
73 104
73 106
73 107
73 109
73 110
73 112
73 113
73 116
73 117
73 119
73 120
73 123
73 124
73 126
73 127
73 131
73 134
73 135
73 137
73 138
73 140
73 141
73 148
73 151
73 153
73 158
73 159
73 160
73 163
73 164
73 166
73 172
73 173
73 175
73 176
73 178
73 179
73 180
73 181
73 183
73 186
73 187
73 189
73 194
73 195
73 196
73 199
73 200
73 202
73 204
73 205
73 210
73 211
73 213
73 220
73 227
73 228
73 229
73 230
73 234
73 237
73 238
73 239
73 242
73 243
73 249
73 250
73 251
73 252
73 255
74 115
74 171
75 0
75 5
75 8
75 10
75 12
75 15
75 16
75 19
75 23
75 25
75 27
75 28
75 29
75 30
75 34
75 36
75 37
75 38
75 40
75 43
75 44
75 46
75 53
75 54
75 56
75 57
75 59
75 60
75 61
75 62
75 71
75 73
75 76
75 85
75 86
75 88
75 89
75 90
75 94
75 98
75 100
75 102
75 104
75 106
75 107
75 109
75 110
75 112
75 113
75 116
75 117
75 119
75 120
75 123
75 124
75 126
75 127
75 131
75 134
75 135
75 137
75 138
75 140
75 141
75 148
75 151
75 153
75 158
75 159
75 160
75 163
75 164
75 166
75 172
75 173
75 175
75 176
75 178
75 179
75 180
75 181
75 183
75 186
75 187
75 189
75 194
75 195
75 196
75 199
75 200
75 202
75 204
75 205
75 210
75 211
75 213
75 220
75 227
75 228
75 229
75 230
75 234
75 237
75 238
75 239
75 242
75 243
75 249
75 250
75 251
75 252
75 255
76 0
76 5
76 8
76 10
76 12
76 15
76 16
76 19
76 23
76 25
76 27
76 28
76 29
76 30
76 34
76 36
76 37
76 38
76 40
76 43
76 44
76 46
76 53
76 54
76 56
76 57
76 59
76 60
76 61
76 62
76 71
76 73
76 75
76 85
76 86
76 88
76 89
76 90
76 94
76 98
76 100
76 102
76 104
76 106
76 107
76 109
76 110
76 112
76 113
76 116
76 117
76 119
76 120
76 123
76 124
76 126
76 127
76 131
76 134
76 135
76 137
76 138
76 140
76 141
76 148
76 151
76 153
76 158
76 159
76 160
76 163
76 164
76 166
76 172
76 173
76 175
76 176
76 178
76 179
76 180
76 181
76 183
76 186
76 187
76 189
76 194
76 195
76 196
76 199
76 200
76 202
76 204
76 205
76 210
76 211
76 213
76 220
76 227
76 228
76 229
76 230
76 234
76 237
76 238
76 239
76 242
76 243
76 249
76 250
76 251
76 252
76 255
77 21
79 11
79 39
79 50
79 103
79 121
79 212
79 217
81 6
81 223
82 154
82 157
83 51
83 145
84 41
84 45
84 133
84 152
84 185
84 191
84 232
85 0
85 5
85 8
85 10
85 12
85 15
85 16
85 19
85 23
85 25
85 27
85 28
85 29
85 30
85 34
85 36
85 37
85 38
85 40
85 43
85 44
85 46
85 53
85 54
85 56
85 57
85 59
85 60
85 61
85 62
85 71
85 73
85 75
85 76
85 86
85 88
85 89
85 90
85 94
85 98
85 100
85 102
85 104
85 106
85 107
85 109
85 110
85 112
85 113
85 116
85 117
85 119
85 120
85 123
85 124
85 126
85 127
85 131
85 134
85 135
85 137
85 138
85 140
85 141
85 148
85 151
85 153
85 158
85 159
85 160
85 163
85 164
85 166
85 172
85 173
85 175
85 176
85 178
85 179
85 180
85 181
85 183
85 186
85 187
85 189
85 194
85 195
85 196
85 199
85 200
85 202
85 204
85 205
85 210
85 211
85 213
85 220
85 227
85 228
85 229
85 230
85 234
85 237
85 238
85 239
85 242
85 243
85 249
85 250
85 251
85 252
85 255
86 0
86 5
86 8
86 10
86 12
86 15
86 16
86 19
86 23
86 25
86 27
86 28
86 29
86 30
86 34
86 36
86 37
86 38
86 40
86 43
86 44
86 46
86 53
86 54
86 56
86 57
86 59
86 60
86 61
86 62
86 71
86 73
86 75
86 76
86 85
86 88
86 89
86 90
86 94
86 98
86 100
86 102
86 104
86 106
86 107
86 109
86 110
86 112
86 113
86 116
86 117
86 119
86 120
86 123
86 124
86 126
86 127
86 131
86 134
86 135
86 137
86 138
86 140
86 141
86 148
86 151
86 153
86 158
86 159
86 160
86 163
86 164
86 166
86 172
86 173
86 175
86 176
86 178
86 179
86 180
86 181
86 183
86 186
86 187
86 189
86 194
86 195
86 196
86 199
86 200
86 202
86 204
86 205
86 210
86 211
86 213
86 220
86 227
86 228
86 229
86 230
86 234
86 237
86 238
86 239
86 242
86 243
86 249
86 250
86 251
86 252
86 255
87 52
88 0
88 5
88 8
88 10
88 12
88 15
88 16
88 19
88 23
88 25
88 27
88 28
88 29
88 30
88 34
88 36
88 37
88 38
88 40
88 43
88 44
88 46
88 53
88 54
88 56
88 57
88 59
88 60
88 61
88 62
88 71
88 73
88 75
88 76
88 85
88 86
88 89
88 90
88 94
88 98
88 100
88 102
88 104
88 106
88 107
88 109
88 110
88 112
88 113
88 116
88 117
88 119
88 120
88 123
88 124
88 126
88 127
88 131
88 134
88 135
88 137
88 138
88 140
88 141
88 148
88 151
88 153
88 158
88 159
88 160
88 163
88 164
88 166
88 172
88 173
88 175
88 176
88 178
88 179
88 180
88 181
88 183
88 186
88 187
88 189
88 194
88 195
88 196
88 199
88 200
88 202
88 204
88 205
88 210
88 211
88 213
88 220
88 227
88 228
88 229
88 230
88 234
88 237
88 238
88 239
88 242
88 243
88 249
88 250
88 251
88 252
88 255
89 0
89 5
89 8
89 10
89 12
89 15
89 16
89 19
89 23
89 25
89 27
89 28
89 29
89 30
89 34
89 36
89 37
89 38
89 40
89 43
89 44
89 46
89 53
89 54
89 56
89 57
89 59
89 60
89 61
89 62
89 71
89 73
89 75
89 76
89 85
89 86
89 88
89 90
89 94
89 98
89 100
89 102
89 104
89 106
89 107
89 109
89 110
89 112
89 113
89 116
89 117
89 119
89 120
89 123
89 124
89 126
89 127
89 131
89 134
89 135
89 137
89 138
89 140
89 141
89 148
89 151
89 153
89 158
89 159
89 160
89 163
89 164
89 166
89 172
89 173
89 175
89 176
89 178
89 179
89 180
89 181
89 183
89 186
89 187
89 189
89 194
89 195
89 196
89 199
89 200
89 202
89 204
89 205
89 210
89 211
89 213
89 220
89 227
89 228
89 229
89 230
89 234
89 237
89 238
89 239
89 242
89 243
89 249
89 250
89 251
89 252
89 255
90 0
90 5
90 8
90 10
90 12
90 15
90 16
90 19
90 23
90 25
90 27
90 28
90 29
90 30
90 34
90 36
90 37
90 38
90 40
90 43
90 44
90 46
90 53
90 54
90 56
90 57
90 59
90 60
90 61
90 62
90 71
90 73
90 75
90 76
90 85
90 86
90 88
90 89
90 94
90 98
90 100
90 102
90 104
90 106
90 107
90 109
90 110
90 112
90 113
90 116
90 117
90 119
90 120
90 123
90 124
90 126
90 127
90 131
90 134
90 135
90 137
90 138
90 140
90 141
90 148
90 151
90 153
90 158
90 159
90 160
90 163
90 164
90 166
90 172
90 173
90 175
90 176
90 178
90 179
90 180
90 181
90 183
90 186
90 187
90 189
90 194
90 195
90 196
90 199
90 200
90 202
90 204
90 205
90 210
90 211
90 213
90 220
90 227
90 228
90 229
90 230
90 234
90 237
90 238
90 239
90 242
90 243
90 249
90 250
90 251
90 252
90 255
91 17
94 0
94 5
94 8
94 10
94 12
94 15
94 16
94 19
94 23
94 25
94 27
94 28
94 29
94 30
94 34
94 36
94 37
94 38
94 40
94 43
94 44
94 46
94 53
94 54
94 56
94 57
94 59
94 60
94 61
94 62
94 71
94 73
94 75
94 76
94 85
94 86
94 88
94 89
94 90
94 98
94 100
94 102
94 104
94 106
94 107
94 109
94 110
94 112
94 113
94 116
94 117
94 119
94 120
94 123
94 124
94 126
94 127
94 131
94 134
94 135
94 137
94 138
94 140
94 141
94 148
94 151
94 153
94 158
94 159
94 160
94 163
94 164
94 166
94 172
94 173
94 175
94 176
94 178
94 179
94 180
94 181
94 183
94 186
94 187
94 189
94 194
94 195
94 196
94 199
94 200
94 202
94 204
94 205
94 210
94 211
94 213
94 220
94 227
94 228
94 229
94 230
94 234
94 237
94 238
94 239
94 242
94 243
94 249
94 250
94 251
94 252
94 255
95 197
96 68
96 236
97 114
98 0
98 5
98 8
98 10
98 12
98 15
98 16
98 19
98 23
98 25
98 27
98 28
98 29
98 30
98 34
98 36
98 37
98 38
98 40
98 43
98 44
98 46
98 53
98 54
98 56
98 57
98 59
98 60
98 61
98 62
98 71
98 73
98 75
98 76
98 85
98 86
98 88
98 89
98 90
98 94
98 100
98 102
98 104
98 106
98 107
98 109
98 110
98 112
98 113
98 116
98 117
98 119
98 120
98 123
98 124
98 126
98 127
98 131
98 134
98 135
98 137
98 138
98 140
98 141
98 148
98 151
98 153
98 158
98 159
98 160
98 163
98 164
98 166
98 172
98 173
98 175
98 176
98 178
98 179
98 180
98 181
98 183
98 186
98 187
98 189
98 194
98 195
98 196
98 199
98 200
98 202
98 204
98 205
98 210
98 211
98 213
98 220
98 227
98 228
98 229
98 230
98 234
98 237
98 238
98 239
98 242
98 243
98 249
98 250
98 251
98 252
98 255
100 0
100 5
100 8
100 10
100 12
100 15
100 16
100 19
100 23
100 25
100 27
100 28
100 29
100 30
100 34
100 36
100 37
100 38
100 40
100 43
100 44
100 46
100 53
100 54
100 56
100 57
100 59
100 60
100 61
100 62
100 71
100 73
100 75
100 76
100 85
100 86
100 88
100 89
100 90
100 94
100 98
100 102
100 104
100 106
100 107
100 109
100 110
100 112
100 113
100 116
100 117
100 119
100 120
100 123
100 124
100 126
100 127
100 131
100 134
100 135
100 137
100 138
100 140
100 141
100 148
100 151
100 153
100 158
100 159
100 160
100 163
100 164
100 166
100 172
100 173
100 175
100 176
100 178
100 179
100 180
100 181
100 183
100 186
100 187
100 189
100 194
100 195
100 196
100 199
100 200
100 202
100 204
100 205
100 210
100 211
100 213
100 220
100 227
100 228
100 229
100 230
100 234
100 237
100 238
100 239
100 242
100 243
100 249
100 250
100 251
100 252
100 255
102 0
102 5
102 8
102 10
102 12
102 15
102 16
102 19
102 23
102 25
102 27
102 28
102 29
102 30
102 34
102 36
102 37
102 38
102 40
102 43
102 44
102 46
102 53
102 54
102 56
102 57
102 59
102 60
102 61
102 62
102 71
102 73
102 75
102 76
102 85
102 86
102 88
102 89
102 90
102 94
102 98
102 100
102 104
102 106
102 107
102 109
102 110
102 112
102 113
102 116
102 117
102 119
102 120
102 123
102 124
102 126
102 127
102 131
102 134
102 135
102 137
102 138
102 140
102 141
102 148
102 151
102 153
102 158
102 159
102 160
102 163
102 164
102 166
102 172
102 173
102 175
102 176
102 178
102 179
102 180
102 181
102 183
102 186
102 187
102 189
102 194
102 195
102 196
102 199
102 200
102 202
102 204
102 205
102 210
102 211
102 213
102 220
102 227
102 228
102 229
102 230
102 234
102 237
102 238
102 239
102 242
102 243
102 249
102 250
102 251
102 252
102 255
103 11
103 39
103 50
103 79
103 121
103 212
103 217
104 0
104 5
104 8
104 10
104 12
104 15
104 16
104 19
104 23
104 25
104 27
104 28
104 29
104 30
104 34
104 36
104 37
104 38
104 40
104 43
104 44
104 46
104 53
104 54
104 56
104 57
104 59
104 60
104 61
104 62
104 71
104 73
104 75
104 76
104 85
104 86
104 88
104 89
104 90
104 94
104 98
104 100
104 102
104 106
104 107
104 109
104 110
104 112
104 113
104 116
104 117
104 119
104 120
104 123
104 124
104 126
104 127
104 131
104 134
104 135
104 137
104 138
104 140
104 141
104 148
104 151
104 153
104 158
104 159
104 160
104 163
104 164
104 166
104 172
104 173
104 175
104 176
104 178
104 179
104 180
104 181
104 183
104 186
104 187
104 189
104 194
104 195
104 196
104 199
104 200
104 202
104 204
104 205
104 210
104 211
104 213
104 220
104 227
104 228
104 229
104 230
104 234
104 237
104 238
104 239
104 242
104 243
104 249
104 250
104 251
104 252
104 255
106 0
106 5
106 8
106 10
106 12
106 15
106 16
106 19
106 23
106 25
106 27
106 28
106 29
106 30
106 34
106 36
106 37
106 38
106 40
106 43
106 44
106 46
106 53
106 54
106 56
106 57
106 59
106 60
106 61
106 62
106 71
106 73
106 75
106 76
106 85
106 86
106 88
106 89
106 90
106 94
106 98
106 100
106 102
106 104
106 107
106 109
106 110
106 112
106 113
106 116
106 117
106 119
106 120
106 123
106 124
106 126
106 127
106 131
106 134
106 135
106 137
106 138
106 140
106 141
106 148
106 151
106 153
106 158
106 159
106 160
106 163
106 164
106 166
106 172
106 173
106 175
106 176
106 178
106 179
106 180
106 181
106 183
106 186
106 187
106 189
106 194
106 195
106 196
106 199
106 200
106 202
106 204
106 205
106 210
106 211
106 213
106 220
106 227
106 228
106 229
106 230
106 234
106 237
106 238
106 239
106 242
106 243
106 249
106 250
106 251
106 252
106 255
107 0
107 5
107 8
107 10
107 12
107 15
107 16
107 19
107 23
107 25
107 27
107 28
107 29
107 30
107 34
107 36
107 37
107 38
107 40
107 43
107 44
107 46
107 53
107 54
107 56
107 57
107 59
107 60
107 61
107 62
107 71
107 73
107 75
107 76
107 85
107 86
107 88
107 89
107 90
107 94
107 98
107 100
107 102
107 104
107 106
107 109
107 110
107 112
107 113
107 116
107 117
107 119
107 120
107 123
107 124
107 126
107 127
107 131
107 134
107 135
107 137
107 138
107 140
107 141
107 148
107 151
107 153
107 158
107 159
107 160
107 163
107 164
107 166
107 172
107 173
107 175
107 176
107 178
107 179
107 180
107 181
107 183
107 186
107 187
107 189
107 194
107 195
107 196
107 199
107 200
107 202
107 204
107 205
107 210
107 211
107 213
107 220
107 227
107 228
107 229
107 230
107 234
107 237
107 238
107 239
107 242
107 243
107 249
107 250
107 251
107 252
107 255
108 18
108 70
108 125
108 226
109 0
109 5
109 8
109 10
109 12
109 15
109 16
109 19
109 23
109 25
109 27
109 28
109 29
109 30
109 34
109 36
109 37
109 38
109 40
109 43
109 44
109 46
109 53
109 54
109 56
109 57
109 59
109 60
109 61
109 62
109 71
109 73
109 75
109 76
109 85
109 86
109 88
109 89
109 90
109 94
109 98
109 100
109 102
109 104
109 106
109 107
109 110
109 112
109 113
109 116
109 117
109 119
109 120
109 123
109 124
109 126
109 127
109 131
109 134
109 135
109 137
109 138
109 140
109 141
109 148
109 151
109 153
109 158
109 159
109 160
109 163
109 164
109 166
109 172
109 173
109 175
109 176
109 178
109 179
109 180
109 181
109 183
109 186
109 187
109 189
109 194
109 195
109 196
109 199
109 200
109 202
109 204
109 205
109 210
109 211
109 213
109 220
109 227
109 228
109 229
109 230
109 234
109 237
109 238
109 239
109 242
109 243
109 249
109 250
109 251
109 252
109 255
110 0
110 5
110 8
110 10
110 12
110 15
110 16
110 19
110 23
110 25
110 27
110 28
110 29
110 30
110 34
110 36
110 37
110 38
110 40
110 43
110 44
110 46
110 53
110 54
110 56
110 57
110 59
110 60
110 61
110 62
110 71
110 73
110 75
110 76
110 85
110 86
110 88
110 89
110 90
110 94
110 98
110 100
110 102
110 104
110 106
110 107
110 109
110 112
110 113
110 116
110 117
110 119
110 120
110 123
110 124
110 126
110 127
110 131
110 134
110 135
110 137
110 138
110 140
110 141
110 148
110 151
110 153
110 158
110 159
110 160
110 163
110 164
110 166
110 172
110 173
110 175
110 176
110 178
110 179
110 180
110 181
110 183
110 186
110 187
110 189
110 194
110 195
110 196
110 199
110 200
110 202
110 204
110 205
110 210
110 211
110 213
110 220
110 227
110 228
110 229
110 230
110 234
110 237
110 238
110 239
110 242
110 243
110 249
110 250
110 251
110 252
110 255
111 2
111 168
111 222
112 0
112 5
112 8
112 10
112 12
112 15
112 16
112 19
112 23
112 25
112 27
112 28
112 29
112 30
112 34
112 36
112 37
112 38
112 40
112 43
112 44
112 46
112 53
112 54
112 56
112 57
112 59
112 60
112 61
112 62
112 71
112 73
112 75
112 76
112 85
112 86
112 88
112 89
112 90
112 94
112 98
112 100
112 102
112 104
112 106
112 107
112 109
112 110
112 113
112 116
112 117
112 119
112 120
112 123
112 124
112 126
112 127
112 131
112 134
112 135
112 137
112 138
112 140
112 141
112 148
112 151
112 153
112 158
112 159
112 160
112 163
112 164
112 166
112 172
112 173
112 175
112 176
112 178
112 179
112 180
112 181
112 183
112 186
112 187
112 189
112 194
112 195
112 196
112 199
112 200
112 202
112 204
112 205
112 210
112 211
112 213
112 220
112 227
112 228
112 229
112 230
112 234
112 237
112 238
112 239
112 242
112 243
112 249
112 250
112 251
112 252
112 255
113 0
113 5
113 8
113 10
113 12
113 15
113 16
113 19
113 23
113 25
113 27
113 28
113 29
113 30
113 34
113 36
113 37
113 38
113 40
113 43
113 44
113 46
113 53
113 54
113 56
113 57
113 59
113 60
113 61
113 62
113 71
113 73
113 75
113 76
113 85
113 86
113 88
113 89
113 90
113 94
113 98
113 100
113 102
113 104
113 106
113 107
113 109
113 110
113 112
113 116
113 117
113 119
113 120
113 123
113 124
113 126
113 127
113 131
113 134
113 135
113 137
113 138
113 140
113 141
113 148
113 151
113 153
113 158
113 159
113 160
113 163
113 164
113 166
113 172
113 173
113 175
113 176
113 178
113 179
113 180
113 181
113 183
113 186
113 187
113 189
113 194
113 195
113 196
113 199
113 200
113 202
113 204
113 205
113 210
113 211
113 213
113 220
113 227
113 228
113 229
113 230
113 234
113 237
113 238
113 239
113 242
113 243
113 249
113 250
113 251
113 252
113 255
114 97
115 74
115 171
116 0
116 5
116 8
116 10
116 12
116 15
116 16
116 19
116 23
116 25
116 27
116 28
116 29
116 30
116 34
116 36
116 37
116 38
116 40
116 43
116 44
116 46
116 53
116 54
116 56
116 57
116 59
116 60
116 61
116 62
116 71
116 73
116 75
116 76
116 85
116 86
116 88
116 89
116 90
116 94
116 98
116 100
116 102
116 104
116 106
116 107
116 109
116 110
116 112
116 113
116 117
116 119
116 120
116 123
116 124
116 126
116 127
116 131
116 134
116 135
116 137
116 138
116 140
116 141
116 148
116 151
116 153
116 158
116 159
116 160
116 163
116 164
116 166
116 172
116 173
116 175
116 176
116 178
116 179
116 180
116 181
116 183
116 186
116 187
116 189
116 194
116 195
116 196
116 199
116 200
116 202
116 204
116 205
116 210
116 211
116 213
116 220
116 227
116 228
116 229
116 230
116 234
116 237
116 238
116 239
116 242
116 243
116 249
116 250
116 251
116 252
116 255
117 0
117 5
117 8
117 10
117 12
117 15
117 16
117 19
117 23
117 25
117 27
117 28
117 29
117 30
117 34
117 36
117 37
117 38
117 40
117 43
117 44
117 46
117 53
117 54
117 56
117 57
117 59
117 60
117 61
117 62
117 71
117 73
117 75
117 76
117 85
117 86
117 88
117 89
117 90
117 94
117 98
117 100
117 102
117 104
117 106
117 107
117 109
117 110
117 112
117 113
117 116
117 119
117 120
117 123
117 124
117 126
117 127
117 131
117 134
117 135
117 137
117 138
117 140
117 141
117 148
117 151
117 153
117 158
117 159
117 160
117 163
117 164
117 166
117 172
117 173
117 175
117 176
117 178
117 179
117 180
117 181
117 183
117 186
117 187
117 189
117 194
117 195
117 196
117 199
117 200
117 202
117 204
117 205
117 210
117 211
117 213
117 220
117 227
117 228
117 229
117 230
117 234
117 237
117 238
117 239
117 242
117 243
117 249
117 250
117 251
117 252
117 255
118 208
119 0
119 5
119 8
119 10
119 12
119 15
119 16
119 19
119 23
119 25
119 27
119 28
119 29
119 30
119 34
119 36
119 37
119 38
119 40
119 43
119 44
119 46
119 53
119 54
119 56
119 57
119 59
119 60
119 61
119 62
119 71
119 73
119 75
119 76
119 85
119 86
119 88
119 89
119 90
119 94
119 98
119 100
119 102
119 104
119 106
119 107
119 109
119 110
119 112
119 113
119 116
119 117
119 120
119 123
119 124
119 126
119 127
119 131
119 134
119 135
119 137
119 138
119 140
119 141
119 148
119 151
119 153
119 158
119 159
119 160
119 163
119 164
119 166
119 172
119 173
119 175
119 176
119 178
119 179
119 180
119 181
119 183
119 186
119 187
119 189
119 194
119 195
119 196
119 199
119 200
119 202
119 204
119 205
119 210
119 211
119 213
119 220
119 227
119 228
119 229
119 230
119 234
119 237
119 238
119 239
119 242
119 243
119 249
119 250
119 251
119 252
119 255
120 0
120 5
120 8
120 10
120 12
120 15
120 16
120 19
120 23
120 25
120 27
120 28
120 29
120 30
120 34
120 36
120 37
120 38
120 40
120 43
120 44
120 46
120 53
120 54
120 56
120 57
120 59
120 60
120 61
120 62
120 71
120 73
120 75
120 76
120 85
120 86
120 88
120 89
120 90
120 94
120 98
120 100
120 102
120 104
120 106
120 107
120 109
120 110
120 112
120 113
120 116
120 117
120 119
120 123
120 124
120 126
120 127
120 131
120 134
120 135
120 137
120 138
120 140
120 141
120 148
120 151
120 153
120 158
120 159
120 160
120 163
120 164
120 166
120 172
120 173
120 175
120 176
120 178
120 179
120 180
120 181
120 183
120 186
120 187
120 189
120 194
120 195
120 196
120 199
120 200
120 202
120 204
120 205
120 210
120 211
120 213
120 220
120 227
120 228
120 229
120 230
120 234
120 237
120 238
120 239
120 242
120 243
120 249
120 250
120 251
120 252
120 255
121 11
121 39
121 50
121 79
121 103
121 212
121 217
122 4
122 13
122 182
123 0
123 5
123 8
123 10
123 12
123 15
123 16
123 19
123 23
123 25
123 27
123 28
123 29
123 30
123 34
123 36
123 37
123 38
123 40
123 43
123 44
123 46
123 53
123 54
123 56
123 57
123 59
123 60
123 61
123 62
123 71
123 73
123 75
123 76
123 85
123 86
123 88
123 89
123 90
123 94
123 98
123 100
123 102
123 104
123 106
123 107
123 109
123 110
123 112
123 113
123 116
123 117
123 119
123 120
123 124
123 126
123 127
123 131
123 134
123 135
123 137
123 138
123 140
123 141
123 148
123 151
123 153
123 158
123 159
123 160
123 163
123 164
123 166
123 172
123 173
123 175
123 176
123 178
123 179
123 180
123 181
123 183
123 186
123 187
123 189
123 194
123 195
123 196
123 199
123 200
123 202
123 204
123 205
123 210
123 211
123 213
123 220
123 227
123 228
123 229
123 230
123 234
123 237
123 238
123 239
123 242
123 243
123 249
123 250
123 251
123 252
123 255
124 0
124 5
124 8
124 10
124 12
124 15
124 16
124 19
124 23
124 25
124 27
124 28
124 29
124 30
124 34
124 36
124 37
124 38
124 40
124 43
124 44
124 46
124 53
124 54
124 56
124 57
124 59
124 60
124 61
124 62
124 71
124 73
124 75
124 76
124 85
124 86
124 88
124 89
124 90
124 94
124 98
124 100
124 102
124 104
124 106
124 107
124 109
124 110
124 112
124 113
124 116
124 117
124 119
124 120
124 123
124 126
124 127
124 131
124 134
124 135
124 137
124 138
124 140
124 141
124 148
124 151
124 153
124 158
124 159
124 160
124 163
124 164
124 166
124 172
124 173
124 175
124 176
124 178
124 179
124 180
124 181
124 183
124 186
124 187
124 189
124 194
124 195
124 196
124 199
124 200
124 202
124 204
124 205
124 210
124 211
124 213
124 220
124 227
124 228
124 229
124 230
124 234
124 237
124 238
124 239
124 242
124 243
124 249
124 250
124 251
124 252
124 255
125 18
125 70
125 108
125 226
126 0
126 5
126 8
126 10
126 12
126 15
126 16
126 19
126 23
126 25
126 27
126 28
126 29
126 30
126 34
126 36
126 37
126 38
126 40
126 43
126 44
126 46
126 53
126 54
126 56
126 57
126 59
126 60
126 61
126 62
126 71
126 73
126 75
126 76
126 85
126 86
126 88
126 89
126 90
126 94
126 98
126 100
126 102
126 104
126 106
126 107
126 109
126 110
126 112
126 113
126 116
126 117
126 119
126 120
126 123
126 124
126 127
126 131
126 134
126 135
126 137
126 138
126 140
126 141
126 148
126 151
126 153
126 158
126 159
126 160
126 163
126 164
126 166
126 172
126 173
126 175
126 176
126 178
126 179
126 180
126 181
126 183
126 186
126 187
126 189
126 194
126 195
126 196
126 199
126 200
126 202
126 204
126 205
126 210
126 211
126 213
126 220
126 227
126 228
126 229
126 230
126 234
126 237
126 238
126 239
126 242
126 243
126 249
126 250
126 251
126 252
126 255
127 0
127 5
127 8
127 10
127 12
127 15
127 16
127 19
127 23
127 25
127 27
127 28
127 29
127 30
127 34
127 36
127 37
127 38
127 40
127 43
127 44
127 46
127 53
127 54
127 56
127 57
127 59
127 60
127 61
127 62
127 71
127 73
127 75
127 76
127 85
127 86
127 88
127 89
127 90
127 94
127 98
127 100
127 102
127 104
127 106
127 107
127 109
127 110
127 112
127 113
127 116
127 117
127 119
127 120
127 123
127 124
127 126
127 131
127 134
127 135
127 137
127 138
127 140
127 141
127 148
127 151
127 153
127 158
127 159
127 160
127 163
127 164
127 166
127 172
127 173
127 175
127 176
127 178
127 179
127 180
127 181
127 183
127 186
127 187
127 189
127 194
127 195
127 196
127 199
127 200
127 202
127 204
127 205
127 210
127 211
127 213
127 220
127 227
127 228
127 229
127 230
127 234
127 237
127 238
127 239
127 242
127 243
127 249
127 250
127 251
127 252
127 255
128 190
129 14
129 35
129 132
129 143
129 144
129 149
129 170
129 201
129 214
129 215
129 224
129 225
129 253
130 233
131 0
131 5
131 8
131 10
131 12
131 15
131 16
131 19
131 23
131 25
131 27
131 28
131 29
131 30
131 34
131 36
131 37
131 38
131 40
131 43
131 44
131 46
131 53
131 54
131 56
131 57
131 59
131 60
131 61
131 62
131 71
131 73
131 75
131 76
131 85
131 86
131 88
131 89
131 90
131 94
131 98
131 100
131 102
131 104
131 106
131 107
131 109
131 110
131 112
131 113
131 116
131 117
131 119
131 120
131 123
131 124
131 126
131 127
131 134
131 135
131 137
131 138
131 140
131 141
131 148
131 151
131 153
131 158
131 159
131 160
131 163
131 164
131 166
131 172
131 173
131 175
131 176
131 178
131 179
131 180
131 181
131 183
131 186
131 187
131 189
131 194
131 195
131 196
131 199
131 200
131 202
131 204
131 205
131 210
131 211
131 213
131 220
131 227
131 228
131 229
131 230
131 234
131 237
131 238
131 239
131 242
131 243
131 249
131 250
131 251
131 252
131 255
132 14
132 35
132 129
132 143
132 144
132 149
132 170
132 201
132 214
132 215
132 224
132 225
132 253
133 41
133 45
133 84
133 152
133 185
133 191
133 232
134 0
134 5
134 8
134 10
134 12
134 15
134 16
134 19
134 23
134 25
134 27
134 28
134 29
134 30
134 34
134 36
134 37
134 38
134 40
134 43
134 44
134 46
134 53
134 54
134 56
134 57
134 59
134 60
134 61
134 62
134 71
134 73
134 75
134 76
134 85
134 86
134 88
134 89
134 90
134 94
134 98
134 100
134 102
134 104
134 106
134 107
134 109
134 110
134 112
134 113
134 116
134 117
134 119
134 120
134 123
134 124
134 126
134 127
134 131
134 135
134 137
134 138
134 140
134 141
134 148
134 151
134 153
134 158
134 159
134 160
134 163
134 164
134 166
134 172
134 173
134 175
134 176
134 178
134 179
134 180
134 181
134 183
134 186
134 187
134 189
134 194
134 195
134 196
134 199
134 200
134 202
134 204
134 205
134 210
134 211
134 213
134 220
134 227
134 228
134 229
134 230
134 234
134 237
134 238
134 239
134 242
134 243
134 249
134 250
134 251
134 252
134 255
135 0
135 5
135 8
135 10
135 12
135 15
135 16
135 19
135 23
135 25
135 27
135 28
135 29
135 30
135 34
135 36
135 37
135 38
135 40
135 43
135 44
135 46
135 53
135 54
135 56
135 57
135 59
135 60
135 61
135 62
135 71
135 73
135 75
135 76
135 85
135 86
135 88
135 89
135 90
135 94
135 98
135 100
135 102
135 104
135 106
135 107
135 109
135 110
135 112
135 113
135 116
135 117
135 119
135 120
135 123
135 124
135 126
135 127
135 131
135 134
135 137
135 138
135 140
135 141
135 148
135 151
135 153
135 158
135 159
135 160
135 163
135 164
135 166
135 172
135 173
135 175
135 176
135 178
135 179
135 180
135 181
135 183
135 186
135 187
135 189
135 194
135 195
135 196
135 199
135 200
135 202
135 204
135 205
135 210
135 211
135 213
135 220
135 227
135 228
135 229
135 230
135 234
135 237
135 238
135 239
135 242
135 243
135 249
135 250
135 251
135 252
135 255
136 67
137 0
137 5
137 8
137 10
137 12
137 15
137 16
137 19
137 23
137 25
137 27
137 28
137 29
137 30
137 34
137 36
137 37
137 38
137 40
137 43
137 44
137 46
137 53
137 54
137 56
137 57
137 59
137 60
137 61
137 62
137 71
137 73
137 75
137 76
137 85
137 86
137 88
137 89
137 90
137 94
137 98
137 100
137 102
137 104
137 106
137 107
137 109
137 110
137 112
137 113
137 116
137 117
137 119
137 120
137 123
137 124
137 126
137 127
137 131
137 134
137 135
137 138
137 140
137 141
137 148
137 151
137 153
137 158
137 159
137 160
137 163
137 164
137 166
137 172
137 173
137 175
137 176
137 178
137 179
137 180
137 181
137 183
137 186
137 187
137 189
137 194
137 195
137 196
137 199
137 200
137 202
137 204
137 205
137 210
137 211
137 213
137 220
137 227
137 228
137 229
137 230
137 234
137 237
137 238
137 239
137 242
137 243
137 249
137 250
137 251
137 252
137 255
138 0
138 5
138 8
138 10
138 12
138 15
138 16
138 19
138 23
138 25
138 27
138 28
138 29
138 30
138 34
138 36
138 37
138 38
138 40
138 43
138 44
138 46
138 53
138 54
138 56
138 57
138 59
138 60
138 61
138 62
138 71
138 73
138 75
138 76
138 85
138 86
138 88
138 89
138 90
138 94
138 98
138 100
138 102
138 104
138 106
138 107
138 109
138 110
138 112
138 113
138 116
138 117
138 119
138 120
138 123
138 124
138 126
138 127
138 131
138 134
138 135
138 137
138 140
138 141
138 148
138 151
138 153
138 158
138 159
138 160
138 163
138 164
138 166
138 172
138 173
138 175
138 176
138 178
138 179
138 180
138 181
138 183
138 186
138 187
138 189
138 194
138 195
138 196
138 199
138 200
138 202
138 204
138 205
138 210
138 211
138 213
138 220
138 227
138 228
138 229
138 230
138 234
138 237
138 238
138 239
138 242
138 243
138 249
138 250
138 251
138 252
138 255
139 31
139 146
140 0
140 5
140 8
140 10
140 12
140 15
140 16
140 19
140 23
140 25
140 27
140 28
140 29
140 30
140 34
140 36
140 37
140 38
140 40
140 43
140 44
140 46
140 53
140 54
140 56
140 57
140 59
140 60
140 61
140 62
140 71
140 73
140 75
140 76
140 85
140 86
140 88
140 89
140 90
140 94
140 98
140 100
140 102
140 104
140 106
140 107
140 109
140 110
140 112
140 113
140 116
140 117
140 119
140 120
140 123
140 124
140 126
140 127
140 131
140 134
140 135
140 137
140 138
140 141
140 148
140 151
140 153
140 158
140 159
140 160
140 163
140 164
140 166
140 172
140 173
140 175
140 176
140 178
140 179
140 180
140 181
140 183
140 186
140 187
140 189
140 194
140 195
140 196
140 199
140 200
140 202
140 204
140 205
140 210
140 211
140 213
140 220
140 227
140 228
140 229
140 230
140 234
140 237
140 238
140 239
140 242
140 243
140 249
140 250
140 251
140 252
140 255
141 0
141 5
141 8
141 10
141 12
141 15
141 16
141 19
141 23
141 25
141 27
141 28
141 29
141 30
141 34
141 36
141 37
141 38
141 40
141 43
141 44
141 46
141 53
141 54
141 56
141 57
141 59
141 60
141 61
141 62
141 71
141 73
141 75
141 76
141 85
141 86
141 88
141 89
141 90
141 94
141 98
141 100
141 102
141 104
141 106
141 107
141 109
141 110
141 112
141 113
141 116
141 117
141 119
141 120
141 123
141 124
141 126
141 127
141 131
141 134
141 135
141 137
141 138
141 140
141 148
141 151
141 153
141 158
141 159
141 160
141 163
141 164
141 166
141 172
141 173
141 175
141 176
141 178
141 179
141 180
141 181
141 183
141 186
141 187
141 189
141 194
141 195
141 196
141 199
141 200
141 202
141 204
141 205
141 210
141 211
141 213
141 220
141 227
141 228
141 229
141 230
141 234
141 237
141 238
141 239
141 242
141 243
141 249
141 250
141 251
141 252
141 255
142 47
143 14
143 35
143 129
143 132
143 144
143 149
143 170
143 201
143 214
143 215
143 224
143 225
143 253
144 14
144 35
144 129
144 132
144 143
144 149
144 170
144 201
144 214
144 215
144 224
144 225
144 253
145 51
145 83
146 31
146 139
148 0
148 5
148 8
148 10
148 12
148 15
148 16
148 19
148 23
148 25
148 27
148 28
148 29
148 30
148 34
148 36
148 37
148 38
148 40
148 43
148 44
148 46
148 53
148 54
148 56
148 57
148 59
148 60
148 61
148 62
148 71
148 73
148 75
148 76
148 85
148 86
148 88
148 89
148 90
148 94
148 98
148 100
148 102
148 104
148 106
148 107
148 109
148 110
148 112
148 113
148 116
148 117
148 119
148 120
148 123
148 124
148 126
148 127
148 131
148 134
148 135
148 137
148 138
148 140
148 141
148 151
148 153
148 158
148 159
148 160
148 163
148 164
148 166
148 172
148 173
148 175
148 176
148 178
148 179
148 180
148 181
148 183
148 186
148 187
148 189
148 194
148 195
148 196
148 199
148 200
148 202
148 204
148 205
148 210
148 211
148 213
148 220
148 227
148 228
148 229
148 230
148 234
148 237
148 238
148 239
148 242
148 243
148 249
148 250
148 251
148 252
148 255
149 14
149 35
149 129
149 132
149 143
149 144
149 170
149 201
149 214
149 215
149 224
149 225
149 253
151 0
151 5
151 8
151 10
151 12
151 15
151 16
151 19
151 23
151 25
151 27
151 28
151 29
151 30
151 34
151 36
151 37
151 38
151 40
151 43
151 44
151 46
151 53
151 54
151 56
151 57
151 59
151 60
151 61
151 62
151 71
151 73
151 75
151 76
151 85
151 86
151 88
151 89
151 90
151 94
151 98
151 100
151 102
151 104
151 106
151 107
151 109
151 110
151 112
151 113
151 116
151 117
151 119
151 120
151 123
151 124
151 126
151 127
151 131
151 134
151 135
151 137
151 138
151 140
151 141
151 148
151 153
151 158
151 159
151 160
151 163
151 164
151 166
151 172
151 173
151 175
151 176
151 178
151 179
151 180
151 181
151 183
151 186
151 187
151 189
151 194
151 195
151 196
151 199
151 200
151 202
151 204
151 205
151 210
151 211
151 213
151 220
151 227
151 228
151 229
151 230
151 234
151 237
151 238
151 239
151 242
151 243
151 249
151 250
151 251
151 252
151 255
152 41
152 45
152 84
152 133
152 185
152 191
152 232
153 0
153 5
153 8
153 10
153 12
153 15
153 16
153 19
153 23
153 25
153 27
153 28
153 29
153 30
153 34
153 36
153 37
153 38
153 40
153 43
153 44
153 46
153 53
153 54
153 56
153 57
153 59
153 60
153 61
153 62
153 71
153 73
153 75
153 76
153 85
153 86
153 88
153 89
153 90
153 94
153 98
153 100
153 102
153 104
153 106
153 107
153 109
153 110
153 112
153 113
153 116
153 117
153 119
153 120
153 123
153 124
153 126
153 127
153 131
153 134
153 135
153 137
153 138
153 140
153 141
153 148
153 151
153 158
153 159
153 160
153 163
153 164
153 166
153 172
153 173
153 175
153 176
153 178
153 179
153 180
153 181
153 183
153 186
153 187
153 189
153 194
153 195
153 196
153 199
153 200
153 202
153 204
153 205
153 210
153 211
153 213
153 220
153 227
153 228
153 229
153 230
153 234
153 237
153 238
153 239
153 242
153 243
153 249
153 250
153 251
153 252
153 255
154 82
154 157
155 207
156 203
157 82
157 154
158 0
158 5
158 8
158 10
158 12
158 15
158 16
158 19
158 23
158 25
158 27
158 28
158 29
158 30
158 34
158 36
158 37
158 38
158 40
158 43
158 44
158 46
158 53
158 54
158 56
158 57
158 59
158 60
158 61
158 62
158 71
158 73
158 75
158 76
158 85
158 86
158 88
158 89
158 90
158 94
158 98
158 100
158 102
158 104
158 106
158 107
158 109
158 110
158 112
158 113
158 116
158 117
158 119
158 120
158 123
158 124
158 126
158 127
158 131
158 134
158 135
158 137
158 138
158 140
158 141
158 148
158 151
158 153
158 159
158 160
158 163
158 164
158 166
158 172
158 173
158 175
158 176
158 178
158 179
158 180
158 181
158 183
158 186
158 187
158 189
158 194
158 195
158 196
158 199
158 200
158 202
158 204
158 205
158 210
158 211
158 213
158 220
158 227
158 228
158 229
158 230
158 234
158 237
158 238
158 239
158 242
158 243
158 249
158 250
158 251
158 252
158 255
159 0
159 5
159 8
159 10
159 12
159 15
159 16
159 19
159 23
159 25
159 27
159 28
159 29
159 30
159 34
159 36
159 37
159 38
159 40
159 43
159 44
159 46
159 53
159 54
159 56
159 57
159 59
159 60
159 61
159 62
159 71
159 73
159 75
159 76
159 85
159 86
159 88
159 89
159 90
159 94
159 98
159 100
159 102
159 104
159 106
159 107
159 109
159 110
159 112
159 113
159 116
159 117
159 119
159 120
159 123
159 124
159 126
159 127
159 131
159 134
159 135
159 137
159 138
159 140
159 141
159 148
159 151
159 153
159 158
159 160
159 163
159 164
159 166
159 172
159 173
159 175
159 176
159 178
159 179
159 180
159 181
159 183
159 186
159 187
159 189
159 194
159 195
159 196
159 199
159 200
159 202
159 204
159 205
159 210
159 211
159 213
159 220
159 227
159 228
159 229
159 230
159 234
159 237
159 238
159 239
159 242
159 243
159 249
159 250
159 251
159 252
159 255
160 0
160 5
160 8
160 10
160 12
160 15
160 16
160 19
160 23
160 25
160 27
160 28
160 29
160 30
160 34
160 36
160 37
160 38
160 40
160 43
160 44
160 46
160 53
160 54
160 56
160 57
160 59
160 60
160 61
160 62
160 71
160 73
160 75
160 76
160 85
160 86
160 88
160 89
160 90
160 94
160 98
160 100
160 102
160 104
160 106
160 107
160 109
160 110
160 112
160 113
160 116
160 117
160 119
160 120
160 123
160 124
160 126
160 127
160 131
160 134
160 135
160 137
160 138
160 140
160 141
160 148
160 151
160 153
160 158
160 159
160 163
160 164
160 166
160 172
160 173
160 175
160 176
160 178
160 179
160 180
160 181
160 183
160 186
160 187
160 189
160 194
160 195
160 196
160 199
160 200
160 202
160 204
160 205
160 210
160 211
160 213
160 220
160 227
160 228
160 229
160 230
160 234
160 237
160 238
160 239
160 242
160 243
160 249
160 250
160 251
160 252
160 255
163 0
163 5
163 8
163 10
163 12
163 15
163 16
163 19
163 23
163 25
163 27
163 28
163 29
163 30
163 34
163 36
163 37
163 38
163 40
163 43
163 44
163 46
163 53
163 54
163 56
163 57
163 59
163 60
163 61
163 62
163 71
163 73
163 75
163 76
163 85
163 86
163 88
163 89
163 90
163 94
163 98
163 100
163 102
163 104
163 106
163 107
163 109
163 110
163 112
163 113
163 116
163 117
163 119
163 120
163 123
163 124
163 126
163 127
163 131
163 134
163 135
163 137
163 138
163 140
163 141
163 148
163 151
163 153
163 158
163 159
163 160
163 164
163 166
163 172
163 173
163 175
163 176
163 178
163 179
163 180
163 181
163 183
163 186
163 187
163 189
163 194
163 195
163 196
163 199
163 200
163 202
163 204
163 205
163 210
163 211
163 213
163 220
163 227
163 228
163 229
163 230
163 234
163 237
163 238
163 239
163 242
163 243
163 249
163 250
163 251
163 252
163 255
164 0
164 5
164 8
164 10
164 12
164 15
164 16
164 19
164 23
164 25
164 27
164 28
164 29
164 30
164 34
164 36
164 37
164 38
164 40
164 43
164 44
164 46
164 53
164 54
164 56
164 57
164 59
164 60
164 61
164 62
164 71
164 73
164 75
164 76
164 85
164 86
164 88
164 89
164 90
164 94
164 98
164 100
164 102
164 104
164 106
164 107
164 109
164 110
164 112
164 113
164 116
164 117
164 119
164 120
164 123
164 124
164 126
164 127
164 131
164 134
164 135
164 137
164 138
164 140
164 141
164 148
164 151
164 153
164 158
164 159
164 160
164 163
164 166
164 172
164 173
164 175
164 176
164 178
164 179
164 180
164 181
164 183
164 186
164 187
164 189
164 194
164 195
164 196
164 199
164 200
164 202
164 204
164 205
164 210
164 211
164 213
164 220
164 227
164 228
164 229
164 230
164 234
164 237
164 238
164 239
164 242
164 243
164 249
164 250
164 251
164 252
164 255
166 0
166 5
166 8
166 10
166 12
166 15
166 16
166 19
166 23
166 25
166 27
166 28
166 29
166 30
166 34
166 36
166 37
166 38
166 40
166 43
166 44
166 46
166 53
166 54
166 56
166 57
166 59
166 60
166 61
166 62
166 71
166 73
166 75
166 76
166 85
166 86
166 88
166 89
166 90
166 94
166 98
166 100
166 102
166 104
166 106
166 107
166 109
166 110
166 112
166 113
166 116
166 117
166 119
166 120
166 123
166 124
166 126
166 127
166 131
166 134
166 135
166 137
166 138
166 140
166 141
166 148
166 151
166 153
166 158
166 159
166 160
166 163
166 164
166 172
166 173
166 175
166 176
166 178
166 179
166 180
166 181
166 183
166 186
166 187
166 189
166 194
166 195
166 196
166 199
166 200
166 202
166 204
166 205
166 210
166 211
166 213
166 220
166 227
166 228
166 229
166 230
166 234
166 237
166 238
166 239
166 242
166 243
166 249
166 250
166 251
166 252
166 255
167 9
167 206
168 2
168 111
168 222
170 14
170 35
170 129
170 132
170 143
170 144
170 149
170 201
170 214
170 215
170 224
170 225
170 253
171 74
171 115
172 0
172 5
172 8
172 10
172 12
172 15
172 16
172 19
172 23
172 25
172 27
172 28
172 29
172 30
172 34
172 36
172 37
172 38
172 40
172 43
172 44
172 46
172 53
172 54
172 56
172 57
172 59
172 60
172 61
172 62
172 71
172 73
172 75
172 76
172 85
172 86
172 88
172 89
172 90
172 94
172 98
172 100
172 102
172 104
172 106
172 107
172 109
172 110
172 112
172 113
172 116
172 117
172 119
172 120
172 123
172 124
172 126
172 127
172 131
172 134
172 135
172 137
172 138
172 140
172 141
172 148
172 151
172 153
172 158
172 159
172 160
172 163
172 164
172 166
172 173
172 175
172 176
172 178
172 179
172 180
172 181
172 183
172 186
172 187
172 189
172 194
172 195
172 196
172 199
172 200
172 202
172 204
172 205
172 210
172 211
172 213
172 220
172 227
172 228
172 229
172 230
172 234
172 237
172 238
172 239
172 242
172 243
172 249
172 250
172 251
172 252
172 255
173 0
173 5
173 8
173 10
173 12
173 15
173 16
173 19
173 23
173 25
173 27
173 28
173 29
173 30
173 34
173 36
173 37
173 38
173 40
173 43
173 44
173 46
173 53
173 54
173 56
173 57
173 59
173 60
173 61
173 62
173 71
173 73
173 75
173 76
173 85
173 86
173 88
173 89
173 90
173 94
173 98
173 100
173 102
173 104
173 106
173 107
173 109
173 110
173 112
173 113
173 116
173 117
173 119
173 120
173 123
173 124
173 126
173 127
173 131
173 134
173 135
173 137
173 138
173 140
173 141
173 148
173 151
173 153
173 158
173 159
173 160
173 163
173 164
173 166
173 172
173 175
173 176
173 178
173 179
173 180
173 181
173 183
173 186
173 187
173 189
173 194
173 195
173 196
173 199
173 200
173 202
173 204
173 205
173 210
173 211
173 213
173 220
173 227
173 228
173 229
173 230
173 234
173 237
173 238
173 239
173 242
173 243
173 249
173 250
173 251
173 252
173 255
174 235
175 0
175 5
175 8
175 10
175 12
175 15
175 16
175 19
175 23
175 25
175 27
175 28
175 29
175 30
175 34
175 36
175 37
175 38
175 40
175 43
175 44
175 46
175 53
175 54
175 56
175 57
175 59
175 60
175 61
175 62
175 71
175 73
175 75
175 76
175 85
175 86
175 88
175 89
175 90
175 94
175 98
175 100
175 102
175 104
175 106
175 107
175 109
175 110
175 112
175 113
175 116
175 117
175 119
175 120
175 123
175 124
175 126
175 127
175 131
175 134
175 135
175 137
175 138
175 140
175 141
175 148
175 151
175 153
175 158
175 159
175 160
175 163
175 164
175 166
175 172
175 173
175 176
175 178
175 179
175 180
175 181
175 183
175 186
175 187
175 189
175 194
175 195
175 196
175 199
175 200
175 202
175 204
175 205
175 210
175 211
175 213
175 220
175 227
175 228
175 229
175 230
175 234
175 237
175 238
175 239
175 242
175 243
175 249
175 250
175 251
175 252
175 255
176 0
176 5
176 8
176 10
176 12
176 15
176 16
176 19
176 23
176 25
176 27
176 28
176 29
176 30
176 34
176 36
176 37
176 38
176 40
176 43
176 44
176 46
176 53
176 54
176 56
176 57
176 59
176 60
176 61
176 62
176 71
176 73
176 75
176 76
176 85
176 86
176 88
176 89
176 90
176 94
176 98
176 100
176 102
176 104
176 106
176 107
176 109
176 110
176 112
176 113
176 116
176 117
176 119
176 120
176 123
176 124
176 126
176 127
176 131
176 134
176 135
176 137
176 138
176 140
176 141
176 148
176 151
176 153
176 158
176 159
176 160
176 163
176 164
176 166
176 172
176 173
176 175
176 178
176 179
176 180
176 181
176 183
176 186
176 187
176 189
176 194
176 195
176 196
176 199
176 200
176 202
176 204
176 205
176 210
176 211
176 213
176 220
176 227
176 228
176 229
176 230
176 234
176 237
176 238
176 239
176 242
176 243
176 249
176 250
176 251
176 252
176 255
178 0
178 5
178 8
178 10
178 12
178 15
178 16
178 19
178 23
178 25
178 27
178 28
178 29
178 30
178 34
178 36
178 37
178 38
178 40
178 43
178 44
178 46
178 53
178 54
178 56
178 57
178 59
178 60
178 61
178 62
178 71
178 73
178 75
178 76
178 85
178 86
178 88
178 89
178 90
178 94
178 98
178 100
178 102
178 104
178 106
178 107
178 109
178 110
178 112
178 113
178 116
178 117
178 119
178 120
178 123
178 124
178 126
178 127
178 131
178 134
178 135
178 137
178 138
178 140
178 141
178 148
178 151
178 153
178 158
178 159
178 160
178 163
178 164
178 166
178 172
178 173
178 175
178 176
178 179
178 180
178 181
178 183
178 186
178 187
178 189
178 194
178 195
178 196
178 199
178 200
178 202
178 204
178 205
178 210
178 211
178 213
178 220
178 227
178 228
178 229
178 230
178 234
178 237
178 238
178 239
178 242
178 243
178 249
178 250
178 251
178 252
178 255
179 0
179 5
179 8
179 10
179 12
179 15
179 16
179 19
179 23
179 25
179 27
179 28
179 29
179 30
179 34
179 36
179 37
179 38
179 40
179 43
179 44
179 46
179 53
179 54
179 56
179 57
179 59
179 60
179 61
179 62
179 71
179 73
179 75
179 76
179 85
179 86
179 88
179 89
179 90
179 94
179 98
179 100
179 102
179 104
179 106
179 107
179 109
179 110
179 112
179 113
179 116
179 117
179 119
179 120
179 123
179 124
179 126
179 127
179 131
179 134
179 135
179 137
179 138
179 140
179 141
179 148
179 151
179 153
179 158
179 159
179 160
179 163
179 164
179 166
179 172
179 173
179 175
179 176
179 178
179 180
179 181
179 183
179 186
179 187
179 189
179 194
179 195
179 196
179 199
179 200
179 202
179 204
179 205
179 210
179 211
179 213
179 220
179 227
179 228
179 229
179 230
179 234
179 237
179 238
179 239
179 242
179 243
179 249
179 250
179 251
179 252
179 255
180 0
180 5
180 8
180 10
180 12
180 15
180 16
180 19
180 23
180 25
180 27
180 28
180 29
180 30
180 34
180 36
180 37
180 38
180 40
180 43
180 44
180 46
180 53
180 54
180 56
180 57
180 59
180 60
180 61
180 62
180 71
180 73
180 75
180 76
180 85
180 86
180 88
180 89
180 90
180 94
180 98
180 100
180 102
180 104
180 106
180 107
180 109
180 110
180 112
180 113
180 116
180 117
180 119
180 120
180 123
180 124
180 126
180 127
180 131
180 134
180 135
180 137
180 138
180 140
180 141
180 148
180 151
180 153
180 158
180 159
180 160
180 163
180 164
180 166
180 172
180 173
180 175
180 176
180 178
180 179
180 181
180 183
180 186
180 187
180 189
180 194
180 195
180 196
180 199
180 200
180 202
180 204
180 205
180 210
180 211
180 213
180 220
180 227
180 228
180 229
180 230
180 234
180 237
180 238
180 239
180 242
180 243
180 249
180 250
180 251
180 252
180 255
181 0
181 5
181 8
181 10
181 12
181 15
181 16
181 19
181 23
181 25
181 27
181 28
181 29
181 30
181 34
181 36
181 37
181 38
181 40
181 43
181 44
181 46
181 53
181 54
181 56
181 57
181 59
181 60
181 61
181 62
181 71
181 73
181 75
181 76
181 85
181 86
181 88
181 89
181 90
181 94
181 98
181 100
181 102
181 104
181 106
181 107
181 109
181 110
181 112
181 113
181 116
181 117
181 119
181 120
181 123
181 124
181 126
181 127
181 131
181 134
181 135
181 137
181 138
181 140
181 141
181 148
181 151
181 153
181 158
181 159
181 160
181 163
181 164
181 166
181 172
181 173
181 175
181 176
181 178
181 179
181 180
181 183
181 186
181 187
181 189
181 194
181 195
181 196
181 199
181 200
181 202
181 204
181 205
181 210
181 211
181 213
181 220
181 227
181 228
181 229
181 230
181 234
181 237
181 238
181 239
181 242
181 243
181 249
181 250
181 251
181 252
181 255
182 4
182 13
182 122
183 0
183 5
183 8
183 10
183 12
183 15
183 16
183 19
183 23
183 25
183 27
183 28
183 29
183 30
183 34
183 36
183 37
183 38
183 40
183 43
183 44
183 46
183 53
183 54
183 56
183 57
183 59
183 60
183 61
183 62
183 71
183 73
183 75
183 76
183 85
183 86
183 88
183 89
183 90
183 94
183 98
183 100
183 102
183 104
183 106
183 107
183 109
183 110
183 112
183 113
183 116
183 117
183 119
183 120
183 123
183 124
183 126
183 127
183 131
183 134
183 135
183 137
183 138
183 140
183 141
183 148
183 151
183 153
183 158
183 159
183 160
183 163
183 164
183 166
183 172
183 173
183 175
183 176
183 178
183 179
183 180
183 181
183 186
183 187
183 189
183 194
183 195
183 196
183 199
183 200
183 202
183 204
183 205
183 210
183 211
183 213
183 220
183 227
183 228
183 229
183 230
183 234
183 237
183 238
183 239
183 242
183 243
183 249
183 250
183 251
183 252
183 255
184 68
185 41
185 45
185 84
185 133
185 152
185 191
185 232
186 0
186 5
186 8
186 10
186 12
186 15
186 16
186 19
186 23
186 25
186 27
186 28
186 29
186 30
186 34
186 36
186 37
186 38
186 40
186 43
186 44
186 46
186 53
186 54
186 56
186 57
186 59
186 60
186 61
186 62
186 71
186 73
186 75
186 76
186 85
186 86
186 88
186 89
186 90
186 94
186 98
186 100
186 102
186 104
186 106
186 107
186 109
186 110
186 112
186 113
186 116
186 117
186 119
186 120
186 123
186 124
186 126
186 127
186 131
186 134
186 135
186 137
186 138
186 140
186 141
186 148
186 151
186 153
186 158
186 159
186 160
186 163
186 164
186 166
186 172
186 173
186 175
186 176
186 178
186 179
186 180
186 181
186 183
186 187
186 189
186 194
186 195
186 196
186 199
186 200
186 202
186 204
186 205
186 210
186 211
186 213
186 220
186 227
186 228
186 229
186 230
186 234
186 237
186 238
186 239
186 242
186 243
186 249
186 250
186 251
186 252
186 255
187 0
187 5
187 8
187 10
187 12
187 15
187 16
187 19
187 23
187 25
187 27
187 28
187 29
187 30
187 34
187 36
187 37
187 38
187 40
187 43
187 44
187 46
187 53
187 54
187 56
187 57
187 59
187 60
187 61
187 62
187 71
187 73
187 75
187 76
187 85
187 86
187 88
187 89
187 90
187 94
187 98
187 100
187 102
187 104
187 106
187 107
187 109
187 110
187 112
187 113
187 116
187 117
187 119
187 120
187 123
187 124
187 126
187 127
187 131
187 134
187 135
187 137
187 138
187 140
187 141
187 148
187 151
187 153
187 158
187 159
187 160
187 163
187 164
187 166
187 172
187 173
187 175
187 176
187 178
187 179
187 180
187 181
187 183
187 186
187 189
187 194
187 195
187 196
187 199
187 200
187 202
187 204
187 205
187 210
187 211
187 213
187 220
187 227
187 228
187 229
187 230
187 234
187 237
187 238
187 239
187 242
187 243
187 249
187 250
187 251
187 252
187 255
189 0
189 5
189 8
189 10
189 12
189 15
189 16
189 19
189 23
189 25
189 27
189 28
189 29
189 30
189 34
189 36
189 37
189 38
189 40
189 43
189 44
189 46
189 53
189 54
189 56
189 57
189 59
189 60
189 61
189 62
189 71
189 73
189 75
189 76
189 85
189 86
189 88
189 89
189 90
189 94
189 98
189 100
189 102
189 104
189 106
189 107
189 109
189 110
189 112
189 113
189 116
189 117
189 119
189 120
189 123
189 124
189 126
189 127
189 131
189 134
189 135
189 137
189 138
189 140
189 141
189 148
189 151
189 153
189 158
189 159
189 160
189 163
189 164
189 166
189 172
189 173
189 175
189 176
189 178
189 179
189 180
189 181
189 183
189 186
189 187
189 194
189 195
189 196
189 199
189 200
189 202
189 204
189 205
189 210
189 211
189 213
189 220
189 227
189 228
189 229
189 230
189 234
189 237
189 238
189 239
189 242
189 243
189 249
189 250
189 251
189 252
189 255
190 128
191 41
191 45
191 84
191 133
191 152
191 185
191 232
193 33
193 48
194 0
194 5
194 8
194 10
194 12
194 15
194 16
194 19
194 23
194 25
194 27
194 28
194 29
194 30
194 34
194 36
194 37
194 38
194 40
194 43
194 44
194 46
194 53
194 54
194 56
194 57
194 59
194 60
194 61
194 62
194 71
194 73
194 75
194 76
194 85
194 86
194 88
194 89
194 90
194 94
194 98
194 100
194 102
194 104
194 106
194 107
194 109
194 110
194 112
194 113
194 116
194 117
194 119
194 120
194 123
194 124
194 126
194 127
194 131
194 134
194 135
194 137
194 138
194 140
194 141
194 148
194 151
194 153
194 158
194 159
194 160
194 163
194 164
194 166
194 172
194 173
194 175
194 176
194 178
194 179
194 180
194 181
194 183
194 186
194 187
194 189
194 195
194 196
194 199
194 200
194 202
194 204
194 205
194 210
194 211
194 213
194 220
194 227
194 228
194 229
194 230
194 234
194 237
194 238
194 239
194 242
194 243
194 249
194 250
194 251
194 252
194 255
195 0
195 5
195 8
195 10
195 12
195 15
195 16
195 19
195 23
195 25
195 27
195 28
195 29
195 30
195 34
195 36
195 37
195 38
195 40
195 43
195 44
195 46
195 53
195 54
195 56
195 57
195 59
195 60
195 61
195 62
195 71
195 73
195 75
195 76
195 85
195 86
195 88
195 89
195 90
195 94
195 98
195 100
195 102
195 104
195 106
195 107
195 109
195 110
195 112
195 113
195 116
195 117
195 119
195 120
195 123
195 124
195 126
195 127
195 131
195 134
195 135
195 137
195 138
195 140
195 141
195 148
195 151
195 153
195 158
195 159
195 160
195 163
195 164
195 166
195 172
195 173
195 175
195 176
195 178
195 179
195 180
195 181
195 183
195 186
195 187
195 189
195 194
195 196
195 199
195 200
195 202
195 204
195 205
195 210
195 211
195 213
195 220
195 227
195 228
195 229
195 230
195 234
195 237
195 238
195 239
195 242
195 243
195 249
195 250
195 251
195 252
195 255
196 0
196 5
196 8
196 10
196 12
196 15
196 16
196 19
196 23
196 25
196 27
196 28
196 29
196 30
196 34
196 36
196 37
196 38
196 40
196 43
196 44
196 46
196 53
196 54
196 56
196 57
196 59
196 60
196 61
196 62
196 71
196 73
196 75
196 76
196 85
196 86
196 88
196 89
196 90
196 94
196 98
196 100
196 102
196 104
196 106
196 107
196 109
196 110
196 112
196 113
196 116
196 117
196 119
196 120
196 123
196 124
196 126
196 127
196 131
196 134
196 135
196 137
196 138
196 140
196 141
196 148
196 151
196 153
196 158
196 159
196 160
196 163
196 164
196 166
196 172
196 173
196 175
196 176
196 178
196 179
196 180
196 181
196 183
196 186
196 187
196 189
196 194
196 195
196 199
196 200
196 202
196 204
196 205
196 210
196 211
196 213
196 220
196 227
196 228
196 229
196 230
196 234
196 237
196 238
196 239
196 242
196 243
196 249
196 250
196 251
196 252
196 255
197 95
199 0
199 5
199 8
199 10
199 12
199 15
199 16
199 19
199 23
199 25
199 27
199 28
199 29
199 30
199 34
199 36
199 37
199 38
199 40
199 43
199 44
199 46
199 53
199 54
199 56
199 57
199 59
199 60
199 61
199 62
199 71
199 73
199 75
199 76
199 85
199 86
199 88
199 89
199 90
199 94
199 98
199 100
199 102
199 104
199 106
199 107
199 109
199 110
199 112
199 113
199 116
199 117
199 119
199 120
199 123
199 124
199 126
199 127
199 131
199 134
199 135
199 137
199 138
199 140
199 141
199 148
199 151
199 153
199 158
199 159
199 160
199 163
199 164
199 166
199 172
199 173
199 175
199 176
199 178
199 179
199 180
199 181
199 183
199 186
199 187
199 189
199 194
199 195
199 196
199 200
199 202
199 204
199 205
199 210
199 211
199 213
199 220
199 227
199 228
199 229
199 230
199 234
199 237
199 238
199 239
199 242
199 243
199 249
199 250
199 251
199 252
199 255
200 0
200 5
200 8
200 10
200 12
200 15
200 16
200 19
200 23
200 25
200 27
200 28
200 29
200 30
200 34
200 36
200 37
200 38
200 40
200 43
200 44
200 46
200 53
200 54
200 56
200 57
200 59
200 60
200 61
200 62
200 71
200 73
200 75
200 76
200 85
200 86
200 88
200 89
200 90
200 94
200 98
200 100
200 102
200 104
200 106
200 107
200 109
200 110
200 112
200 113
200 116
200 117
200 119
200 120
200 123
200 124
200 126
200 127
200 131
200 134
200 135
200 137
200 138
200 140
200 141
200 148
200 151
200 153
200 158
200 159
200 160
200 163
200 164
200 166
200 172
200 173
200 175
200 176
200 178
200 179
200 180
200 181
200 183
200 186
200 187
200 189
200 194
200 195
200 196
200 199
200 202
200 204
200 205
200 210
200 211
200 213
200 220
200 227
200 228
200 229
200 230
200 234
200 237
200 238
200 239
200 242
200 243
200 249
200 250
200 251
200 252
200 255
201 14
201 35
201 129
201 132
201 143
201 144
201 149
201 170
201 214
201 215
201 224
201 225
201 253
202 0
202 5
202 8
202 10
202 12
202 15
202 16
202 19
202 23
202 25
202 27
202 28
202 29
202 30
202 34
202 36
202 37
202 38
202 40
202 43
202 44
202 46
202 53
202 54
202 56
202 57
202 59
202 60
202 61
202 62
202 71
202 73
202 75
202 76
202 85
202 86
202 88
202 89
202 90
202 94
202 98
202 100
202 102
202 104
202 106
202 107
202 109
202 110
202 112
202 113
202 116
202 117
202 119
202 120
202 123
202 124
202 126
202 127
202 131
202 134
202 135
202 137
202 138
202 140
202 141
202 148
202 151
202 153
202 158
202 159
202 160
202 163
202 164
202 166
202 172
202 173
202 175
202 176
202 178
202 179
202 180
202 181
202 183
202 186
202 187
202 189
202 194
202 195
202 196
202 199
202 200
202 204
202 205
202 210
202 211
202 213
202 220
202 227
202 228
202 229
202 230
202 234
202 237
202 238
202 239
202 242
202 243
202 249
202 250
202 251
202 252
202 255
203 156
204 0
204 5
204 8
204 10
204 12
204 15
204 16
204 19
204 23
204 25
204 27
204 28
204 29
204 30
204 34
204 36
204 37
204 38
204 40
204 43
204 44
204 46
204 53
204 54
204 56
204 57
204 59
204 60
204 61
204 62
204 71
204 73
204 75
204 76
204 85
204 86
204 88
204 89
204 90
204 94
204 98
204 100
204 102
204 104
204 106
204 107
204 109
204 110
204 112
204 113
204 116
204 117
204 119
204 120
204 123
204 124
204 126
204 127
204 131
204 134
204 135
204 137
204 138
204 140
204 141
204 148
204 151
204 153
204 158
204 159
204 160
204 163
204 164
204 166
204 172
204 173
204 175
204 176
204 178
204 179
204 180
204 181
204 183
204 186
204 187
204 189
204 194
204 195
204 196
204 199
204 200
204 202
204 205
204 210
204 211
204 213
204 220
204 227
204 228
204 229
204 230
204 234
204 237
204 238
204 239
204 242
204 243
204 249
204 250
204 251
204 252
204 255
205 0
205 5
205 8
205 10
205 12
205 15
205 16
205 19
205 23
205 25
205 27
205 28
205 29
205 30
205 34
205 36
205 37
205 38
205 40
205 43
205 44
205 46
205 53
205 54
205 56
205 57
205 59
205 60
205 61
205 62
205 71
205 73
205 75
205 76
205 85
205 86
205 88
205 89
205 90
205 94
205 98
205 100
205 102
205 104
205 106
205 107
205 109
205 110
205 112
205 113
205 116
205 117
205 119
205 120
205 123
205 124
205 126
205 127
205 131
205 134
205 135
205 137
205 138
205 140
205 141
205 148
205 151
205 153
205 158
205 159
205 160
205 163
205 164
205 166
205 172
205 173
205 175
205 176
205 178
205 179
205 180
205 181
205 183
205 186
205 187
205 189
205 194
205 195
205 196
205 199
205 200
205 202
205 204
205 210
205 211
205 213
205 220
205 227
205 228
205 229
205 230
205 234
205 237
205 238
205 239
205 242
205 243
205 249
205 250
205 251
205 252
205 255
206 9
206 167
207 155
208 118
209 254
210 0
210 5
210 8
210 10
210 12
210 15
210 16
210 19
210 23
210 25
210 27
210 28
210 29
210 30
210 34
210 36
210 37
210 38
210 40
210 43
210 44
210 46
210 53
210 54
210 56
210 57
210 59
210 60
210 61
210 62
210 71
210 73
210 75
210 76
210 85
210 86
210 88
210 89
210 90
210 94
210 98
210 100
210 102
210 104
210 106
210 107
210 109
210 110
210 112
210 113
210 116
210 117
210 119
210 120
210 123
210 124
210 126
210 127
210 131
210 134
210 135
210 137
210 138
210 140
210 141
210 148
210 151
210 153
210 158
210 159
210 160
210 163
210 164
210 166
210 172
210 173
210 175
210 176
210 178
210 179
210 180
210 181
210 183
210 186
210 187
210 189
210 194
210 195
210 196
210 199
210 200
210 202
210 204
210 205
210 211
210 213
210 220
210 227
210 228
210 229
210 230
210 234
210 237
210 238
210 239
210 242
210 243
210 249
210 250
210 251
210 252
210 255
211 0
211 5
211 8
211 10
211 12
211 15
211 16
211 19
211 23
211 25
211 27
211 28
211 29
211 30
211 34
211 36
211 37
211 38
211 40
211 43
211 44
211 46
211 53
211 54
211 56
211 57
211 59
211 60
211 61
211 62
211 71
211 73
211 75
211 76
211 85
211 86
211 88
211 89
211 90
211 94
211 98
211 100
211 102
211 104
211 106
211 107
211 109
211 110
211 112
211 113
211 116
211 117
211 119
211 120
211 123
211 124
211 126
211 127
211 131
211 134
211 135
211 137
211 138
211 140
211 141
211 148
211 151
211 153
211 158
211 159
211 160
211 163
211 164
211 166
211 172
211 173
211 175
211 176
211 178
211 179
211 180
211 181
211 183
211 186
211 187
211 189
211 194
211 195
211 196
211 199
211 200
211 202
211 204
211 205
211 210
211 213
211 220
211 227
211 228
211 229
211 230
211 234
211 237
211 238
211 239
211 242
211 243
211 249
211 250
211 251
211 252
211 255
212 11
212 39
212 50
212 79
212 103
212 121
212 217
213 0
213 5
213 8
213 10
213 12
213 15
213 16
213 19
213 23
213 25
213 27
213 28
213 29
213 30
213 34
213 36
213 37
213 38
213 40
213 43
213 44
213 46
213 53
213 54
213 56
213 57
213 59
213 60
213 61
213 62
213 71
213 73
213 75
213 76
213 85
213 86
213 88
213 89
213 90
213 94
213 98
213 100
213 102
213 104
213 106
213 107
213 109
213 110
213 112
213 113
213 116
213 117
213 119
213 120
213 123
213 124
213 126
213 127
213 131
213 134
213 135
213 137
213 138
213 140
213 141
213 148
213 151
213 153
213 158
213 159
213 160
213 163
213 164
213 166
213 172
213 173
213 175
213 176
213 178
213 179
213 180
213 181
213 183
213 186
213 187
213 189
213 194
213 195
213 196
213 199
213 200
213 202
213 204
213 205
213 210
213 211
213 220
213 227
213 228
213 229
213 230
213 234
213 237
213 238
213 239
213 242
213 243
213 249
213 250
213 251
213 252
213 255
214 14
214 35
214 129
214 132
214 143
214 144
214 149
214 170
214 201
214 215
214 224
214 225
214 253
215 14
215 35
215 129
215 132
215 143
215 144
215 149
215 170
215 201
215 214
215 224
215 225
215 253
216 58
216 66
216 72
217 11
217 39
217 50
217 79
217 103
217 121
217 212
219 20
219 42
220 0
220 5
220 8
220 10
220 12
220 15
220 16
220 19
220 23
220 25
220 27
220 28
220 29
220 30
220 34
220 36
220 37
220 38
220 40
220 43
220 44
220 46
220 53
220 54
220 56
220 57
220 59
220 60
220 61
220 62
220 71
220 73
220 75
220 76
220 85
220 86
220 88
220 89
220 90
220 94
220 98
220 100
220 102
220 104
220 106
220 107
220 109
220 110
220 112
220 113
220 116
220 117
220 119
220 120
220 123
220 124
220 126
220 127
220 131
220 134
220 135
220 137
220 138
220 140
220 141
220 148
220 151
220 153
220 158
220 159
220 160
220 163
220 164
220 166
220 172
220 173
220 175
220 176
220 178
220 179
220 180
220 181
220 183
220 186
220 187
220 189
220 194
220 195
220 196
220 199
220 200
220 202
220 204
220 205
220 210
220 211
220 213
220 227
220 228
220 229
220 230
220 234
220 237
220 238
220 239
220 242
220 243
220 249
220 250
220 251
220 252
220 255
221 63
221 247
222 2
222 111
222 168
223 6
223 81
224 14
224 35
224 129
224 132
224 143
224 144
224 149
224 170
224 201
224 214
224 215
224 225
224 253
225 14
225 35
225 129
225 132
225 143
225 144
225 149
225 170
225 201
225 214
225 215
225 224
225 253
226 18
226 70
226 108
226 125
227 0
227 5
227 8
227 10
227 12
227 15
227 16
227 19
227 23
227 25
227 27
227 28
227 29
227 30
227 34
227 36
227 37
227 38
227 40
227 43
227 44
227 46
227 53
227 54
227 56
227 57
227 59
227 60
227 61
227 62
227 71
227 73
227 75
227 76
227 85
227 86
227 88
227 89
227 90
227 94
227 98
227 100
227 102
227 104
227 106
227 107
227 109
227 110
227 112
227 113
227 116
227 117
227 119
227 120
227 123
227 124
227 126
227 127
227 131
227 134
227 135
227 137
227 138
227 140
227 141
227 148
227 151
227 153
227 158
227 159
227 160
227 163
227 164
227 166
227 172
227 173
227 175
227 176
227 178
227 179
227 180
227 181
227 183
227 186
227 187
227 189
227 194
227 195
227 196
227 199
227 200
227 202
227 204
227 205
227 210
227 211
227 213
227 220
227 228
227 229
227 230
227 234
227 237
227 238
227 239
227 242
227 243
227 249
227 250
227 251
227 252
227 255
228 0
228 5
228 8
228 10
228 12
228 15
228 16
228 19
228 23
228 25
228 27
228 28
228 29
228 30
228 34
228 36
228 37
228 38
228 40
228 43
228 44
228 46
228 53
228 54
228 56
228 57
228 59
228 60
228 61
228 62
228 71
228 73
228 75
228 76
228 85
228 86
228 88
228 89
228 90
228 94
228 98
228 100
228 102
228 104
228 106
228 107
228 109
228 110
228 112
228 113
228 116
228 117
228 119
228 120
228 123
228 124
228 126
228 127
228 131
228 134
228 135
228 137
228 138
228 140
228 141
228 148
228 151
228 153
228 158
228 159
228 160
228 163
228 164
228 166
228 172
228 173
228 175
228 176
228 178
228 179
228 180
228 181
228 183
228 186
228 187
228 189
228 194
228 195
228 196
228 199
228 200
228 202
228 204
228 205
228 210
228 211
228 213
228 220
228 227
228 229
228 230
228 234
228 237
228 238
228 239
228 242
228 243
228 249
228 250
228 251
228 252
228 255
229 0
229 5
229 8
229 10
229 12
229 15
229 16
229 19
229 23
229 25
229 27
229 28
229 29
229 30
229 34
229 36
229 37
229 38
229 40
229 43
229 44
229 46
229 53
229 54
229 56
229 57
229 59
229 60
229 61
229 62
229 71
229 73
229 75
229 76
229 85
229 86
229 88
229 89
229 90
229 94
229 98
229 100
229 102
229 104
229 106
229 107
229 109
229 110
229 112
229 113
229 116
229 117
229 119
229 120
229 123
229 124
229 126
229 127
229 131
229 134
229 135
229 137
229 138
229 140
229 141
229 148
229 151
229 153
229 158
229 159
229 160
229 163
229 164
229 166
229 172
229 173
229 175
229 176
229 178
229 179
229 180
229 181
229 183
229 186
229 187
229 189
229 194
229 195
229 196
229 199
229 200
229 202
229 204
229 205
229 210
229 211
229 213
229 220
229 227
229 228
229 230
229 234
229 237
229 238
229 239
229 242
229 243
229 249
229 250
229 251
229 252
229 255
230 0
230 5
230 8
230 10
230 12
230 15
230 16
230 19
230 23
230 25
230 27
230 28
230 29
230 30
230 34
230 36
230 37
230 38
230 40
230 43
230 44
230 46
230 53
230 54
230 56
230 57
230 59
230 60
230 61
230 62
230 71
230 73
230 75
230 76
230 85
230 86
230 88
230 89
230 90
230 94
230 98
230 100
230 102
230 104
230 106
230 107
230 109
230 110
230 112
230 113
230 116
230 117
230 119
230 120
230 123
230 124
230 126
230 127
230 131
230 134
230 135
230 137
230 138
230 140
230 141
230 148
230 151
230 153
230 158
230 159
230 160
230 163
230 164
230 166
230 172
230 173
230 175
230 176
230 178
230 179
230 180
230 181
230 183
230 186
230 187
230 189
230 194
230 195
230 196
230 199
230 200
230 202
230 204
230 205
230 210
230 211
230 213
230 220
230 227
230 228
230 229
230 234
230 237
230 238
230 239
230 242
230 243
230 249
230 250
230 251
230 252
230 255
231 246
232 41
232 45
232 84
232 133
232 152
232 185
232 191
233 130
234 0
234 5
234 8
234 10
234 12
234 15
234 16
234 19
234 23
234 25
234 27
234 28
234 29
234 30
234 34
234 36
234 37
234 38
234 40
234 43
234 44
234 46
234 53
234 54
234 56
234 57
234 59
234 60
234 61
234 62
234 71
234 73
234 75
234 76
234 85
234 86
234 88
234 89
234 90
234 94
234 98
234 100
234 102
234 104
234 106
234 107
234 109
234 110
234 112
234 113
234 116
234 117
234 119
234 120
234 123
234 124
234 126
234 127
234 131
234 134
234 135
234 137
234 138
234 140
234 141
234 148
234 151
234 153
234 158
234 159
234 160
234 163
234 164
234 166
234 172
234 173
234 175
234 176
234 178
234 179
234 180
234 181
234 183
234 186
234 187
234 189
234 194
234 195
234 196
234 199
234 200
234 202
234 204
234 205
234 210
234 211
234 213
234 220
234 227
234 228
234 229
234 230
234 237
234 238
234 239
234 242
234 243
234 249
234 250
234 251
234 252
234 255
235 174
236 96
237 0
237 5
237 8
237 10
237 12
237 15
237 16
237 19
237 23
237 25
237 27
237 28
237 29
237 30
237 34
237 36
237 37
237 38
237 40
237 43
237 44
237 46
237 53
237 54
237 56
237 57
237 59
237 60
237 61
237 62
237 71
237 73
237 75
237 76
237 85
237 86
237 88
237 89
237 90
237 94
237 98
237 100
237 102
237 104
237 106
237 107
237 109
237 110
237 112
237 113
237 116
237 117
237 119
237 120
237 123
237 124
237 126
237 127
237 131
237 134
237 135
237 137
237 138
237 140
237 141
237 148
237 151
237 153
237 158
237 159
237 160
237 163
237 164
237 166
237 172
237 173
237 175
237 176
237 178
237 179
237 180
237 181
237 183
237 186
237 187
237 189
237 194
237 195
237 196
237 199
237 200
237 202
237 204
237 205
237 210
237 211
237 213
237 220
237 227
237 228
237 229
237 230
237 234
237 238
237 239
237 242
237 243
237 249
237 250
237 251
237 252
237 255
238 0
238 5
238 8
238 10
238 12
238 15
238 16
238 19
238 23
238 25
238 27
238 28
238 29
238 30
238 34
238 36
238 37
238 38
238 40
238 43
238 44
238 46
238 53
238 54
238 56
238 57
238 59
238 60
238 61
238 62
238 71
238 73
238 75
238 76
238 85
238 86
238 88
238 89
238 90
238 94
238 98
238 100
238 102
238 104
238 106
238 107
238 109
238 110
238 112
238 113
238 116
238 117
238 119
238 120
238 123
238 124
238 126
238 127
238 131
238 134
238 135
238 137
238 138
238 140
238 141
238 148
238 151
238 153
238 158
238 159
238 160
238 163
238 164
238 166
238 172
238 173
238 175
238 176
238 178
238 179
238 180
238 181
238 183
238 186
238 187
238 189
238 194
238 195
238 196
238 199
238 200
238 202
238 204
238 205
238 210
238 211
238 213
238 220
238 227
238 228
238 229
238 230
238 234
238 237
238 239
238 242
238 243
238 249
238 250
238 251
238 252
238 255
239 0
239 5
239 8
239 10
239 12
239 15
239 16
239 19
239 23
239 25
239 27
239 28
239 29
239 30
239 34
239 36
239 37
239 38
239 40
239 43
239 44
239 46
239 53
239 54
239 56
239 57
239 59
239 60
239 61
239 62
239 71
239 73
239 75
239 76
239 85
239 86
239 88
239 89
239 90
239 94
239 98
239 100
239 102
239 104
239 106
239 107
239 109
239 110
239 112
239 113
239 116
239 117
239 119
239 120
239 123
239 124
239 126
239 127
239 131
239 134
239 135
239 137
239 138
239 140
239 141
239 148
239 151
239 153
239 158
239 159
239 160
239 163
239 164
239 166
239 172
239 173
239 175
239 176
239 178
239 179
239 180
239 181
239 183
239 186
239 187
239 189
239 194
239 195
239 196
239 199
239 200
239 202
239 204
239 205
239 210
239 211
239 213
239 220
239 227
239 228
239 229
239 230
239 234
239 237
239 238
239 242
239 243
239 249
239 250
239 251
239 252
239 255
242 0
242 5
242 8
242 10
242 12
242 15
242 16
242 19
242 23
242 25
242 27
242 28
242 29
242 30
242 34
242 36
242 37
242 38
242 40
242 43
242 44
242 46
242 53
242 54
242 56
242 57
242 59
242 60
242 61
242 62
242 71
242 73
242 75
242 76
242 85
242 86
242 88
242 89
242 90
242 94
242 98
242 100
242 102
242 104
242 106
242 107
242 109
242 110
242 112
242 113
242 116
242 117
242 119
242 120
242 123
242 124
242 126
242 127
242 131
242 134
242 135
242 137
242 138
242 140
242 141
242 148
242 151
242 153
242 158
242 159
242 160
242 163
242 164
242 166
242 172
242 173
242 175
242 176
242 178
242 179
242 180
242 181
242 183
242 186
242 187
242 189
242 194
242 195
242 196
242 199
242 200
242 202
242 204
242 205
242 210
242 211
242 213
242 220
242 227
242 228
242 229
242 230
242 234
242 237
242 238
242 239
242 243
242 249
242 250
242 251
242 252
242 255
243 0
243 5
243 8
243 10
243 12
243 15
243 16
243 19
243 23
243 25
243 27
243 28
243 29
243 30
243 34
243 36
243 37
243 38
243 40
243 43
243 44
243 46
243 53
243 54
243 56
243 57
243 59
243 60
243 61
243 62
243 71
243 73
243 75
243 76
243 85
243 86
243 88
243 89
243 90
243 94
243 98
243 100
243 102
243 104
243 106
243 107
243 109
243 110
243 112
243 113
243 116
243 117
243 119
243 120
243 123
243 124
243 126
243 127
243 131
243 134
243 135
243 137
243 138
243 140
243 141
243 148
243 151
243 153
243 158
243 159
243 160
243 163
243 164
243 166
243 172
243 173
243 175
243 176
243 178
243 179
243 180
243 181
243 183
243 186
243 187
243 189
243 194
243 195
243 196
243 199
243 200
243 202
243 204
243 205
243 210
243 211
243 213
243 220
243 227
243 228
243 229
243 230
243 234
243 237
243 238
243 239
243 242
243 249
243 250
243 251
243 252
243 255
244 32
246 231
247 221
249 0
249 5
249 8
249 10
249 12
249 15
249 16
249 19
249 23
249 25
249 27
249 28
249 29
249 30
249 34
249 36
249 37
249 38
249 40
249 43
249 44
249 46
249 53
249 54
249 56
249 57
249 59
249 60
249 61
249 62
249 71
249 73
249 75
249 76
249 85
249 86
249 88
249 89
249 90
249 94
249 98
249 100
249 102
249 104
249 106
249 107
249 109
249 110
249 112
249 113
249 116
249 117
249 119
249 120
249 123
249 124
249 126
249 127
249 131
249 134
249 135
249 137
249 138
249 140
249 141
249 148
249 151
249 153
249 158
249 159
249 160
249 163
249 164
249 166
249 172
249 173
249 175
249 176
249 178
249 179
249 180
249 181
249 183
249 186
249 187
249 189
249 194
249 195
249 196
249 199
249 200
249 202
249 204
249 205
249 210
249 211
249 213
249 220
249 227
249 228
249 229
249 230
249 234
249 237
249 238
249 239
249 242
249 243
249 250
249 251
249 252
249 255
250 0
250 5
250 8
250 10
250 12
250 15
250 16
250 19
250 23
250 25
250 27
250 28
250 29
250 30
250 34
250 36
250 37
250 38
250 40
250 43
250 44
250 46
250 53
250 54
250 56
250 57
250 59
250 60
250 61
250 62
250 71
250 73
250 75
250 76
250 85
250 86
250 88
250 89
250 90
250 94
250 98
250 100
250 102
250 104
250 106
250 107
250 109
250 110
250 112
250 113
250 116
250 117
250 119
250 120
250 123
250 124
250 126
250 127
250 131
250 134
250 135
250 137
250 138
250 140
250 141
250 148
250 151
250 153
250 158
250 159
250 160
250 163
250 164
250 166
250 172
250 173
250 175
250 176
250 178
250 179
250 180
250 181
250 183
250 186
250 187
250 189
250 194
250 195
250 196
250 199
250 200
250 202
250 204
250 205
250 210
250 211
250 213
250 220
250 227
250 228
250 229
250 230
250 234
250 237
250 238
250 239
250 242
250 243
250 249
250 251
250 252
250 255
251 0
251 5
251 8
251 10
251 12
251 15
251 16
251 19
251 23
251 25
251 27
251 28
251 29
251 30
251 34
251 36
251 37
251 38
251 40
251 43
251 44
251 46
251 53
251 54
251 56
251 57
251 59
251 60
251 61
251 62
251 71
251 73
251 75
251 76
251 85
251 86
251 88
251 89
251 90
251 94
251 98
251 100
251 102
251 104
251 106
251 107
251 109
251 110
251 112
251 113
251 116
251 117
251 119
251 120
251 123
251 124
251 126
251 127
251 131
251 134
251 135
251 137
251 138
251 140
251 141
251 148
251 151
251 153
251 158
251 159
251 160
251 163
251 164
251 166
251 172
251 173
251 175
251 176
251 178
251 179
251 180
251 181
251 183
251 186
251 187
251 189
251 194
251 195
251 196
251 199
251 200
251 202
251 204
251 205
251 210
251 211
251 213
251 220
251 227
251 228
251 229
251 230
251 234
251 237
251 238
251 239
251 242
251 243
251 249
251 250
251 252
251 255
252 0
252 5
252 8
252 10
252 12
252 15
252 16
252 19
252 23
252 25
252 27
252 28
252 29
252 30
252 34
252 36
252 37
252 38
252 40
252 43
252 44
252 46
252 53
252 54
252 56
252 57
252 59
252 60
252 61
252 62
252 71
252 73
252 75
252 76
252 85
252 86
252 88
252 89
252 90
252 94
252 98
252 100
252 102
252 104
252 106
252 107
252 109
252 110
252 112
252 113
252 116
252 117
252 119
252 120
252 123
252 124
252 126
252 127
252 131
252 134
252 135
252 137
252 138
252 140
252 141
252 148
252 151
252 153
252 158
252 159
252 160
252 163
252 164
252 166
252 172
252 173
252 175
252 176
252 178
252 179
252 180
252 181
252 183
252 186
252 187
252 189
252 194
252 195
252 196
252 199
252 200
252 202
252 204
252 205
252 210
252 211
252 213
252 220
252 227
252 228
252 229
252 230
252 234
252 237
252 238
252 239
252 242
252 243
252 249
252 250
252 251
252 255
253 14
253 35
253 129
253 132
253 143
253 144
253 149
253 170
253 201
253 214
253 215
253 224
253 225
254 209
255 0
255 5
255 8
255 10
255 12
255 15
255 16
255 19
255 23
255 25
255 27
255 28
255 29
255 30
255 34
255 36
255 37
255 38
255 40
255 43
255 44
255 46
255 53
255 54
255 56
255 57
255 59
255 60
255 61
255 62
255 71
255 73
255 75
255 76
255 85
255 86
255 88
255 89
255 90
255 94
255 98
255 100
255 102
255 104
255 106
255 107
255 109
255 110
255 112
255 113
255 116
255 117
255 119
255 120
255 123
255 124
255 126
255 127
255 131
255 134
255 135
255 137
255 138
255 140
255 141
255 148
255 151
255 153
255 158
255 159
255 160
255 163
255 164
255 166
255 172
255 173
255 175
255 176
255 178
255 179
255 180
255 181
255 183
255 186
255 187
255 189
255 194
255 195
255 196
255 199
255 200
255 202
255 204
255 205
255 210
255 211
255 213
255 220
255 227
255 228
255 229
255 230
255 234
255 237
255 238
255 239
255 242
255 243
255 249
255 250
255 251
255 252
