128 7020
2 3
2 4
2 6
2 9
2 11
2 12
2 13
2 14
2 18
2 20
2 22
2 23
2 24
2 25
2 27
2 28
2 30
2 31
2 33
2 34
2 35
2 36
2 37
2 38
2 39
2 40
2 41
2 42
2 43
2 45
2 46
2 47
2 48
2 49
2 50
2 51
2 53
2 54
2 56
2 59
2 60
2 62
2 63
2 64
2 65
2 68
2 69
2 70
2 74
2 76
2 77
2 79
2 80
2 81
2 83
2 84
2 86
2 87
2 90
2 92
2 93
2 95
2 97
2 98
2 99
2 101
2 102
2 103
2 104
2 107
2 108
2 111
2 112
2 114
2 115
2 119
2 120
2 121
2 122
2 124
2 125
2 126
2 127
3 2
3 4
3 6
3 9
3 11
3 12
3 13
3 14
3 18
3 20
3 22
3 23
3 24
3 25
3 27
3 28
3 30
3 31
3 33
3 34
3 35
3 36
3 37
3 38
3 39
3 40
3 41
3 42
3 43
3 45
3 46
3 47
3 48
3 49
3 50
3 51
3 53
3 54
3 56
3 59
3 60
3 62
3 63
3 64
3 65
3 68
3 69
3 70
3 74
3 76
3 77
3 79
3 80
3 81
3 83
3 84
3 86
3 87
3 90
3 92
3 93
3 95
3 97
3 98
3 99
3 101
3 102
3 103
3 104
3 107
3 108
3 111
3 112
3 114
3 115
3 119
3 120
3 121
3 122
3 124
3 125
3 126
3 127
4 2
4 3
4 6
4 9
4 11
4 12
4 13
4 14
4 18
4 20
4 22
4 23
4 24
4 25
4 27
4 28
4 30
4 31
4 33
4 34
4 35
4 36
4 37
4 38
4 39
4 40
4 41
4 42
4 43
4 45
4 46
4 47
4 48
4 49
4 50
4 51
4 53
4 54
4 56
4 59
4 60
4 62
4 63
4 64
4 65
4 68
4 69
4 70
4 74
4 76
4 77
4 79
4 80
4 81
4 83
4 84
4 86
4 87
4 90
4 92
4 93
4 95
4 97
4 98
4 99
4 101
4 102
4 103
4 104
4 107
4 108
4 111
4 112
4 114
4 115
4 119
4 120
4 121
4 122
4 124
4 125
4 126
4 127
5 10
6 2
6 3
6 4
6 9
6 11
6 12
6 13
6 14
6 18
6 20
6 22
6 23
6 24
6 25
6 27
6 28
6 30
6 31
6 33
6 34
6 35
6 36
6 37
6 38
6 39
6 40
6 41
6 42
6 43
6 45
6 46
6 47
6 48
6 49
6 50
6 51
6 53
6 54
6 56
6 59
6 60
6 62
6 63
6 64
6 65
6 68
6 69
6 70
6 74
6 76
6 77
6 79
6 80
6 81
6 83
6 84
6 86
6 87
6 90
6 92
6 93
6 95
6 97
6 98
6 99
6 101
6 102
6 103
6 104
6 107
6 108
6 111
6 112
6 114
6 115
6 119
6 120
6 121
6 122
6 124
6 125
6 126
6 127
9 2
9 3
9 4
9 6
9 11
9 12
9 13
9 14
9 18
9 20
9 22
9 23
9 24
9 25
9 27
9 28
9 30
9 31
9 33
9 34
9 35
9 36
9 37
9 38
9 39
9 40
9 41
9 42
9 43
9 45
9 46
9 47
9 48
9 49
9 50
9 51
9 53
9 54
9 56
9 59
9 60
9 62
9 63
9 64
9 65
9 68
9 69
9 70
9 74
9 76
9 77
9 79
9 80
9 81
9 83
9 84
9 86
9 87
9 90
9 92
9 93
9 95
9 97
9 98
9 99
9 101
9 102
9 103
9 104
9 107
9 108
9 111
9 112
9 114
9 115
9 119
9 120
9 121
9 122
9 124
9 125
9 126
9 127
10 5
11 2
11 3
11 4
11 6
11 9
11 12
11 13
11 14
11 18
11 20
11 22
11 23
11 24
11 25
11 27
11 28
11 30
11 31
11 33
11 34
11 35
11 36
11 37
11 38
11 39
11 40
11 41
11 42
11 43
11 45
11 46
11 47
11 48
11 49
11 50
11 51
11 53
11 54
11 56
11 59
11 60
11 62
11 63
11 64
11 65
11 68
11 69
11 70
11 74
11 76
11 77
11 79
11 80
11 81
11 83
11 84
11 86
11 87
11 90
11 92
11 93
11 95
11 97
11 98
11 99
11 101
11 102
11 103
11 104
11 107
11 108
11 111
11 112
11 114
11 115
11 119
11 120
11 121
11 122
11 124
11 125
11 126
11 127
12 2
12 3
12 4
12 6
12 9
12 11
12 13
12 14
12 18
12 20
12 22
12 23
12 24
12 25
12 27
12 28
12 30
12 31
12 33
12 34
12 35
12 36
12 37
12 38
12 39
12 40
12 41
12 42
12 43
12 45
12 46
12 47
12 48
12 49
12 50
12 51
12 53
12 54
12 56
12 59
12 60
12 62
12 63
12 64
12 65
12 68
12 69
12 70
12 74
12 76
12 77
12 79
12 80
12 81
12 83
12 84
12 86
12 87
12 90
12 92
12 93
12 95
12 97
12 98
12 99
12 101
12 102
12 103
12 104
12 107
12 108
12 111
12 112
12 114
12 115
12 119
12 120
12 121
12 122
12 124
12 125
12 126
12 127
13 2
13 3
13 4
13 6
13 9
13 11
13 12
13 14
13 18
13 20
13 22
13 23
13 24
13 25
13 27
13 28
13 30
13 31
13 33
13 34
13 35
13 36
13 37
13 38
13 39
13 40
13 41
13 42
13 43
13 45
13 46
13 47
13 48
13 49
13 50
13 51
13 53
13 54
13 56
13 59
13 60
13 62
13 63
13 64
13 65
13 68
13 69
13 70
13 74
13 76
13 77
13 79
13 80
13 81
13 83
13 84
13 86
13 87
13 90
13 92
13 93
13 95
13 97
13 98
13 99
13 101
13 102
13 103
13 104
13 107
13 108
13 111
13 112
13 114
13 115
13 119
13 120
13 121
13 122
13 124
13 125
13 126
13 127
14 2
14 3
14 4
14 6
14 9
14 11
14 12
14 13
14 18
14 20
14 22
14 23
14 24
14 25
14 27
14 28
14 30
14 31
14 33
14 34
14 35
14 36
14 37
14 38
14 39
14 40
14 41
14 42
14 43
14 45
14 46
14 47
14 48
14 49
14 50
14 51
14 53
14 54
14 56
14 59
14 60
14 62
14 63
14 64
14 65
14 68
14 69
14 70
14 74
14 76
14 77
14 79
14 80
14 81
14 83
14 84
14 86
14 87
14 90
14 92
14 93
14 95
14 97
14 98
14 99
14 101
14 102
14 103
14 104
14 107
14 108
14 111
14 112
14 114
14 115
14 119
14 120
14 121
14 122
14 124
14 125
14 126
14 127
16 19
16 66
16 72
16 85
16 110
18 2
18 3
18 4
18 6
18 9
18 11
18 12
18 13
18 14
18 20
18 22
18 23
18 24
18 25
18 27
18 28
18 30
18 31
18 33
18 34
18 35
18 36
18 37
18 38
18 39
18 40
18 41
18 42
18 43
18 45
18 46
18 47
18 48
18 49
18 50
18 51
18 53
18 54
18 56
18 59
18 60
18 62
18 63
18 64
18 65
18 68
18 69
18 70
18 74
18 76
18 77
18 79
18 80
18 81
18 83
18 84
18 86
18 87
18 90
18 92
18 93
18 95
18 97
18 98
18 99
18 101
18 102
18 103
18 104
18 107
18 108
18 111
18 112
18 114
18 115
18 119
18 120
18 121
18 122
18 124
18 125
18 126
18 127
19 16
19 66
19 72
19 85
19 110
20 2
20 3
20 4
20 6
20 9
20 11
20 12
20 13
20 14
20 18
20 22
20 23
20 24
20 25
20 27
20 28
20 30
20 31
20 33
20 34
20 35
20 36
20 37
20 38
20 39
20 40
20 41
20 42
20 43
20 45
20 46
20 47
20 48
20 49
20 50
20 51
20 53
20 54
20 56
20 59
20 60
20 62
20 63
20 64
20 65
20 68
20 69
20 70
20 74
20 76
20 77
20 79
20 80
20 81
20 83
20 84
20 86
20 87
20 90
20 92
20 93
20 95
20 97
20 98
20 99
20 101
20 102
20 103
20 104
20 107
20 108
20 111
20 112
20 114
20 115
20 119
20 120
20 121
20 122
20 124
20 125
20 126
20 127
22 2
22 3
22 4
22 6
22 9
22 11
22 12
22 13
22 14
22 18
22 20
22 23
22 24
22 25
22 27
22 28
22 30
22 31
22 33
22 34
22 35
22 36
22 37
22 38
22 39
22 40
22 41
22 42
22 43
22 45
22 46
22 47
22 48
22 49
22 50
22 51
22 53
22 54
22 56
22 59
22 60
22 62
22 63
22 64
22 65
22 68
22 69
22 70
22 74
22 76
22 77
22 79
22 80
22 81
22 83
22 84
22 86
22 87
22 90
22 92
22 93
22 95
22 97
22 98
22 99
22 101
22 102
22 103
22 104
22 107
22 108
22 111
22 112
22 114
22 115
22 119
22 120
22 121
22 122
22 124
22 125
22 126
22 127
23 2
23 3
23 4
23 6
23 9
23 11
23 12
23 13
23 14
23 18
23 20
23 22
23 24
23 25
23 27
23 28
23 30
23 31
23 33
23 34
23 35
23 36
23 37
23 38
23 39
23 40
23 41
23 42
23 43
23 45
23 46
23 47
23 48
23 49
23 50
23 51
23 53
23 54
23 56
23 59
23 60
23 62
23 63
23 64
23 65
23 68
23 69
23 70
23 74
23 76
23 77
23 79
23 80
23 81
23 83
23 84
23 86
23 87
23 90
23 92
23 93
23 95
23 97
23 98
23 99
23 101
23 102
23 103
23 104
23 107
23 108
23 111
23 112
23 114
23 115
23 119
23 120
23 121
23 122
23 124
23 125
23 126
23 127
24 2
24 3
24 4
24 6
24 9
24 11
24 12
24 13
24 14
24 18
24 20
24 22
24 23
24 25
24 27
24 28
24 30
24 31
24 33
24 34
24 35
24 36
24 37
24 38
24 39
24 40
24 41
24 42
24 43
24 45
24 46
24 47
24 48
24 49
24 50
24 51
24 53
24 54
24 56
24 59
24 60
24 62
24 63
24 64
24 65
24 68
24 69
24 70
24 74
24 76
24 77
24 79
24 80
24 81
24 83
24 84
24 86
24 87
24 90
24 92
24 93
24 95
24 97
24 98
24 99
24 101
24 102
24 103
24 104
24 107
24 108
24 111
24 112
24 114
24 115
24 119
24 120
24 121
24 122
24 124
24 125
24 126
24 127
25 2
25 3
25 4
25 6
25 9
25 11
25 12
25 13
25 14
25 18
25 20
25 22
25 23
25 24
25 27
25 28
25 30
25 31
25 33
25 34
25 35
25 36
25 37
25 38
25 39
25 40
25 41
25 42
25 43
25 45
25 46
25 47
25 48
25 49
25 50
25 51
25 53
25 54
25 56
25 59
25 60
25 62
25 63
25 64
25 65
25 68
25 69
25 70
25 74
25 76
25 77
25 79
25 80
25 81
25 83
25 84
25 86
25 87
25 90
25 92
25 93
25 95
25 97
25 98
25 99
25 101
25 102
25 103
25 104
25 107
25 108
25 111
25 112
25 114
25 115
25 119
25 120
25 121
25 122
25 124
25 125
25 126
25 127
27 2
27 3
27 4
27 6
27 9
27 11
27 12
27 13
27 14
27 18
27 20
27 22
27 23
27 24
27 25
27 28
27 30
27 31
27 33
27 34
27 35
27 36
27 37
27 38
27 39
27 40
27 41
27 42
27 43
27 45
27 46
27 47
27 48
27 49
27 50
27 51
27 53
27 54
27 56
27 59
27 60
27 62
27 63
27 64
27 65
27 68
27 69
27 70
27 74
27 76
27 77
27 79
27 80
27 81
27 83
27 84
27 86
27 87
27 90
27 92
27 93
27 95
27 97
27 98
27 99
27 101
27 102
27 103
27 104
27 107
27 108
27 111
27 112
27 114
27 115
27 119
27 120
27 121
27 122
27 124
27 125
27 126
27 127
28 2
28 3
28 4
28 6
28 9
28 11
28 12
28 13
28 14
28 18
28 20
28 22
28 23
28 24
28 25
28 27
28 30
28 31
28 33
28 34
28 35
28 36
28 37
28 38
28 39
28 40
28 41
28 42
28 43
28 45
28 46
28 47
28 48
28 49
28 50
28 51
28 53
28 54
28 56
28 59
28 60
28 62
28 63
28 64
28 65
28 68
28 69
28 70
28 74
28 76
28 77
28 79
28 80
28 81
28 83
28 84
28 86
28 87
28 90
28 92
28 93
28 95
28 97
28 98
28 99
28 101
28 102
28 103
28 104
28 107
28 108
28 111
28 112
28 114
28 115
28 119
28 120
28 121
28 122
28 124
28 125
28 126
28 127
30 2
30 3
30 4
30 6
30 9
30 11
30 12
30 13
30 14
30 18
30 20
30 22
30 23
30 24
30 25
30 27
30 28
30 31
30 33
30 34
30 35
30 36
30 37
30 38
30 39
30 40
30 41
30 42
30 43
30 45
30 46
30 47
30 48
30 49
30 50
30 51
30 53
30 54
30 56
30 59
30 60
30 62
30 63
30 64
30 65
30 68
30 69
30 70
30 74
30 76
30 77
30 79
30 80
30 81
30 83
30 84
30 86
30 87
30 90
30 92
30 93
30 95
30 97
30 98
30 99
30 101
30 102
30 103
30 104
30 107
30 108
30 111
30 112
30 114
30 115
30 119
30 120
30 121
30 122
30 124
30 125
30 126
30 127
31 2
31 3
31 4
31 6
31 9
31 11
31 12
31 13
31 14
31 18
31 20
31 22
31 23
31 24
31 25
31 27
31 28
31 30
31 33
31 34
31 35
31 36
31 37
31 38
31 39
31 40
31 41
31 42
31 43
31 45
31 46
31 47
31 48
31 49
31 50
31 51
31 53
31 54
31 56
31 59
31 60
31 62
31 63
31 64
31 65
31 68
31 69
31 70
31 74
31 76
31 77
31 79
31 80
31 81
31 83
31 84
31 86
31 87
31 90
31 92
31 93
31 95
31 97
31 98
31 99
31 101
31 102
31 103
31 104
31 107
31 108
31 111
31 112
31 114
31 115
31 119
31 120
31 121
31 122
31 124
31 125
31 126
31 127
32 61
32 88
33 2
33 3
33 4
33 6
33 9
33 11
33 12
33 13
33 14
33 18
33 20
33 22
33 23
33 24
33 25
33 27
33 28
33 30
33 31
33 34
33 35
33 36
33 37
33 38
33 39
33 40
33 41
33 42
33 43
33 45
33 46
33 47
33 48
33 49
33 50
33 51
33 53
33 54
33 56
33 59
33 60
33 62
33 63
33 64
33 65
33 68
33 69
33 70
33 74
33 76
33 77
33 79
33 80
33 81
33 83
33 84
33 86
33 87
33 90
33 92
33 93
33 95
33 97
33 98
33 99
33 101
33 102
33 103
33 104
33 107
33 108
33 111
33 112
33 114
33 115
33 119
33 120
33 121
33 122
33 124
33 125
33 126
33 127
34 2
34 3
34 4
34 6
34 9
34 11
34 12
34 13
34 14
34 18
34 20
34 22
34 23
34 24
34 25
34 27
34 28
34 30
34 31
34 33
34 35
34 36
34 37
34 38
34 39
34 40
34 41
34 42
34 43
34 45
34 46
34 47
34 48
34 49
34 50
34 51
34 53
34 54
34 56
34 59
34 60
34 62
34 63
34 64
34 65
34 68
34 69
34 70
34 74
34 76
34 77
34 79
34 80
34 81
34 83
34 84
34 86
34 87
34 90
34 92
34 93
34 95
34 97
34 98
34 99
34 101
34 102
34 103
34 104
34 107
34 108
34 111
34 112
34 114
34 115
34 119
34 120
34 121
34 122
34 124
34 125
34 126
34 127
35 2
35 3
35 4
35 6
35 9
35 11
35 12
35 13
35 14
35 18
35 20
35 22
35 23
35 24
35 25
35 27
35 28
35 30
35 31
35 33
35 34
35 36
35 37
35 38
35 39
35 40
35 41
35 42
35 43
35 45
35 46
35 47
35 48
35 49
35 50
35 51
35 53
35 54
35 56
35 59
35 60
35 62
35 63
35 64
35 65
35 68
35 69
35 70
35 74
35 76
35 77
35 79
35 80
35 81
35 83
35 84
35 86
35 87
35 90
35 92
35 93
35 95
35 97
35 98
35 99
35 101
35 102
35 103
35 104
35 107
35 108
35 111
35 112
35 114
35 115
35 119
35 120
35 121
35 122
35 124
35 125
35 126
35 127
36 2
36 3
36 4
36 6
36 9
36 11
36 12
36 13
36 14
36 18
36 20
36 22
36 23
36 24
36 25
36 27
36 28
36 30
36 31
36 33
36 34
36 35
36 37
36 38
36 39
36 40
36 41
36 42
36 43
36 45
36 46
36 47
36 48
36 49
36 50
36 51
36 53
36 54
36 56
36 59
36 60
36 62
36 63
36 64
36 65
36 68
36 69
36 70
36 74
36 76
36 77
36 79
36 80
36 81
36 83
36 84
36 86
36 87
36 90
36 92
36 93
36 95
36 97
36 98
36 99
36 101
36 102
36 103
36 104
36 107
36 108
36 111
36 112
36 114
36 115
36 119
36 120
36 121
36 122
36 124
36 125
36 126
36 127
37 2
37 3
37 4
37 6
37 9
37 11
37 12
37 13
37 14
37 18
37 20
37 22
37 23
37 24
37 25
37 27
37 28
37 30
37 31
37 33
37 34
37 35
37 36
37 38
37 39
37 40
37 41
37 42
37 43
37 45
37 46
37 47
37 48
37 49
37 50
37 51
37 53
37 54
37 56
37 59
37 60
37 62
37 63
37 64
37 65
37 68
37 69
37 70
37 74
37 76
37 77
37 79
37 80
37 81
37 83
37 84
37 86
37 87
37 90
37 92
37 93
37 95
37 97
37 98
37 99
37 101
37 102
37 103
37 104
37 107
37 108
37 111
37 112
37 114
37 115
37 119
37 120
37 121
37 122
37 124
37 125
37 126
37 127
38 2
38 3
38 4
38 6
38 9
38 11
38 12
38 13
38 14
38 18
38 20
38 22
38 23
38 24
38 25
38 27
38 28
38 30
38 31
38 33
38 34
38 35
38 36
38 37
38 39
38 40
38 41
38 42
38 43
38 45
38 46
38 47
38 48
38 49
38 50
38 51
38 53
38 54
38 56
38 59
38 60
38 62
38 63
38 64
38 65
38 68
38 69
38 70
38 74
38 76
38 77
38 79
38 80
38 81
38 83
38 84
38 86
38 87
38 90
38 92
38 93
38 95
38 97
38 98
38 99
38 101
38 102
38 103
38 104
38 107
38 108
38 111
38 112
38 114
38 115
38 119
38 120
38 121
38 122
38 124
38 125
38 126
38 127
39 2
39 3
39 4
39 6
39 9
39 11
39 12
39 13
39 14
39 18
39 20
39 22
39 23
39 24
39 25
39 27
39 28
39 30
39 31
39 33
39 34
39 35
39 36
39 37
39 38
39 40
39 41
39 42
39 43
39 45
39 46
39 47
39 48
39 49
39 50
39 51
39 53
39 54
39 56
39 59
39 60
39 62
39 63
39 64
39 65
39 68
39 69
39 70
39 74
39 76
39 77
39 79
39 80
39 81
39 83
39 84
39 86
39 87
39 90
39 92
39 93
39 95
39 97
39 98
39 99
39 101
39 102
39 103
39 104
39 107
39 108
39 111
39 112
39 114
39 115
39 119
39 120
39 121
39 122
39 124
39 125
39 126
39 127
40 2
40 3
40 4
40 6
40 9
40 11
40 12
40 13
40 14
40 18
40 20
40 22
40 23
40 24
40 25
40 27
40 28
40 30
40 31
40 33
40 34
40 35
40 36
40 37
40 38
40 39
40 41
40 42
40 43
40 45
40 46
40 47
40 48
40 49
40 50
40 51
40 53
40 54
40 56
40 59
40 60
40 62
40 63
40 64
40 65
40 68
40 69
40 70
40 74
40 76
40 77
40 79
40 80
40 81
40 83
40 84
40 86
40 87
40 90
40 92
40 93
40 95
40 97
40 98
40 99
40 101
40 102
40 103
40 104
40 107
40 108
40 111
40 112
40 114
40 115
40 119
40 120
40 121
40 122
40 124
40 125
40 126
40 127
41 2
41 3
41 4
41 6
41 9
41 11
41 12
41 13
41 14
41 18
41 20
41 22
41 23
41 24
41 25
41 27
41 28
41 30
41 31
41 33
41 34
41 35
41 36
41 37
41 38
41 39
41 40
41 42
41 43
41 45
41 46
41 47
41 48
41 49
41 50
41 51
41 53
41 54
41 56
41 59
41 60
41 62
41 63
41 64
41 65
41 68
41 69
41 70
41 74
41 76
41 77
41 79
41 80
41 81
41 83
41 84
41 86
41 87
41 90
41 92
41 93
41 95
41 97
41 98
41 99
41 101
41 102
41 103
41 104
41 107
41 108
41 111
41 112
41 114
41 115
41 119
41 120
41 121
41 122
41 124
41 125
41 126
41 127
42 2
42 3
42 4
42 6
42 9
42 11
42 12
42 13
42 14
42 18
42 20
42 22
42 23
42 24
42 25
42 27
42 28
42 30
42 31
42 33
42 34
42 35
42 36
42 37
42 38
42 39
42 40
42 41
42 43
42 45
42 46
42 47
42 48
42 49
42 50
42 51
42 53
42 54
42 56
42 59
42 60
42 62
42 63
42 64
42 65
42 68
42 69
42 70
42 74
42 76
42 77
42 79
42 80
42 81
42 83
42 84
42 86
42 87
42 90
42 92
42 93
42 95
42 97
42 98
42 99
42 101
42 102
42 103
42 104
42 107
42 108
42 111
42 112
42 114
42 115
42 119
42 120
42 121
42 122
42 124
42 125
42 126
42 127
43 2
43 3
43 4
43 6
43 9
43 11
43 12
43 13
43 14
43 18
43 20
43 22
43 23
43 24
43 25
43 27
43 28
43 30
43 31
43 33
43 34
43 35
43 36
43 37
43 38
43 39
43 40
43 41
43 42
43 45
43 46
43 47
43 48
43 49
43 50
43 51
43 53
43 54
43 56
43 59
43 60
43 62
43 63
43 64
43 65
43 68
43 69
43 70
43 74
43 76
43 77
43 79
43 80
43 81
43 83
43 84
43 86
43 87
43 90
43 92
43 93
43 95
43 97
43 98
43 99
43 101
43 102
43 103
43 104
43 107
43 108
43 111
43 112
43 114
43 115
43 119
43 120
43 121
43 122
43 124
43 125
43 126
43 127
44 73
45 2
45 3
45 4
45 6
45 9
45 11
45 12
45 13
45 14
45 18
45 20
45 22
45 23
45 24
45 25
45 27
45 28
45 30
45 31
45 33
45 34
45 35
45 36
45 37
45 38
45 39
45 40
45 41
45 42
45 43
45 46
45 47
45 48
45 49
45 50
45 51
45 53
45 54
45 56
45 59
45 60
45 62
45 63
45 64
45 65
45 68
45 69
45 70
45 74
45 76
45 77
45 79
45 80
45 81
45 83
45 84
45 86
45 87
45 90
45 92
45 93
45 95
45 97
45 98
45 99
45 101
45 102
45 103
45 104
45 107
45 108
45 111
45 112
45 114
45 115
45 119
45 120
45 121
45 122
45 124
45 125
45 126
45 127
46 2
46 3
46 4
46 6
46 9
46 11
46 12
46 13
46 14
46 18
46 20
46 22
46 23
46 24
46 25
46 27
46 28
46 30
46 31
46 33
46 34
46 35
46 36
46 37
46 38
46 39
46 40
46 41
46 42
46 43
46 45
46 47
46 48
46 49
46 50
46 51
46 53
46 54
46 56
46 59
46 60
46 62
46 63
46 64
46 65
46 68
46 69
46 70
46 74
46 76
46 77
46 79
46 80
46 81
46 83
46 84
46 86
46 87
46 90
46 92
46 93
46 95
46 97
46 98
46 99
46 101
46 102
46 103
46 104
46 107
46 108
46 111
46 112
46 114
46 115
46 119
46 120
46 121
46 122
46 124
46 125
46 126
46 127
47 2
47 3
47 4
47 6
47 9
47 11
47 12
47 13
47 14
47 18
47 20
47 22
47 23
47 24
47 25
47 27
47 28
47 30
47 31
47 33
47 34
47 35
47 36
47 37
47 38
47 39
47 40
47 41
47 42
47 43
47 45
47 46
47 48
47 49
47 50
47 51
47 53
47 54
47 56
47 59
47 60
47 62
47 63
47 64
47 65
47 68
47 69
47 70
47 74
47 76
47 77
47 79
47 80
47 81
47 83
47 84
47 86
47 87
47 90
47 92
47 93
47 95
47 97
47 98
47 99
47 101
47 102
47 103
47 104
47 107
47 108
47 111
47 112
47 114
47 115
47 119
47 120
47 121
47 122
47 124
47 125
47 126
47 127
48 2
48 3
48 4
48 6
48 9
48 11
48 12
48 13
48 14
48 18
48 20
48 22
48 23
48 24
48 25
48 27
48 28
48 30
48 31
48 33
48 34
48 35
48 36
48 37
48 38
48 39
48 40
48 41
48 42
48 43
48 45
48 46
48 47
48 49
48 50
48 51
48 53
48 54
48 56
48 59
48 60
48 62
48 63
48 64
48 65
48 68
48 69
48 70
48 74
48 76
48 77
48 79
48 80
48 81
48 83
48 84
48 86
48 87
48 90
48 92
48 93
48 95
48 97
48 98
48 99
48 101
48 102
48 103
48 104
48 107
48 108
48 111
48 112
48 114
48 115
48 119
48 120
48 121
48 122
48 124
48 125
48 126
48 127
49 2
49 3
49 4
49 6
49 9
49 11
49 12
49 13
49 14
49 18
49 20
49 22
49 23
49 24
49 25
49 27
49 28
49 30
49 31
49 33
49 34
49 35
49 36
49 37
49 38
49 39
49 40
49 41
49 42
49 43
49 45
49 46
49 47
49 48
49 50
49 51
49 53
49 54
49 56
49 59
49 60
49 62
49 63
49 64
49 65
49 68
49 69
49 70
49 74
49 76
49 77
49 79
49 80
49 81
49 83
49 84
49 86
49 87
49 90
49 92
49 93
49 95
49 97
49 98
49 99
49 101
49 102
49 103
49 104
49 107
49 108
49 111
49 112
49 114
49 115
49 119
49 120
49 121
49 122
49 124
49 125
49 126
49 127
50 2
50 3
50 4
50 6
50 9
50 11
50 12
50 13
50 14
50 18
50 20
50 22
50 23
50 24
50 25
50 27
50 28
50 30
50 31
50 33
50 34
50 35
50 36
50 37
50 38
50 39
50 40
50 41
50 42
50 43
50 45
50 46
50 47
50 48
50 49
50 51
50 53
50 54
50 56
50 59
50 60
50 62
50 63
50 64
50 65
50 68
50 69
50 70
50 74
50 76
50 77
50 79
50 80
50 81
50 83
50 84
50 86
50 87
50 90
50 92
50 93
50 95
50 97
50 98
50 99
50 101
50 102
50 103
50 104
50 107
50 108
50 111
50 112
50 114
50 115
50 119
50 120
50 121
50 122
50 124
50 125
50 126
50 127
51 2
51 3
51 4
51 6
51 9
51 11
51 12
51 13
51 14
51 18
51 20
51 22
51 23
51 24
51 25
51 27
51 28
51 30
51 31
51 33
51 34
51 35
51 36
51 37
51 38
51 39
51 40
51 41
51 42
51 43
51 45
51 46
51 47
51 48
51 49
51 50
51 53
51 54
51 56
51 59
51 60
51 62
51 63
51 64
51 65
51 68
51 69
51 70
51 74
51 76
51 77
51 79
51 80
51 81
51 83
51 84
51 86
51 87
51 90
51 92
51 93
51 95
51 97
51 98
51 99
51 101
51 102
51 103
51 104
51 107
51 108
51 111
51 112
51 114
51 115
51 119
51 120
51 121
51 122
51 124
51 125
51 126
51 127
53 2
53 3
53 4
53 6
53 9
53 11
53 12
53 13
53 14
53 18
53 20
53 22
53 23
53 24
53 25
53 27
53 28
53 30
53 31
53 33
53 34
53 35
53 36
53 37
53 38
53 39
53 40
53 41
53 42
53 43
53 45
53 46
53 47
53 48
53 49
53 50
53 51
53 54
53 56
53 59
53 60
53 62
53 63
53 64
53 65
53 68
53 69
53 70
53 74
53 76
53 77
53 79
53 80
53 81
53 83
53 84
53 86
53 87
53 90
53 92
53 93
53 95
53 97
53 98
53 99
53 101
53 102
53 103
53 104
53 107
53 108
53 111
53 112
53 114
53 115
53 119
53 120
53 121
53 122
53 124
53 125
53 126
53 127
54 2
54 3
54 4
54 6
54 9
54 11
54 12
54 13
54 14
54 18
54 20
54 22
54 23
54 24
54 25
54 27
54 28
54 30
54 31
54 33
54 34
54 35
54 36
54 37
54 38
54 39
54 40
54 41
54 42
54 43
54 45
54 46
54 47
54 48
54 49
54 50
54 51
54 53
54 56
54 59
54 60
54 62
54 63
54 64
54 65
54 68
54 69
54 70
54 74
54 76
54 77
54 79
54 80
54 81
54 83
54 84
54 86
54 87
54 90
54 92
54 93
54 95
54 97
54 98
54 99
54 101
54 102
54 103
54 104
54 107
54 108
54 111
54 112
54 114
54 115
54 119
54 120
54 121
54 122
54 124
54 125
54 126
54 127
56 2
56 3
56 4
56 6
56 9
56 11
56 12
56 13
56 14
56 18
56 20
56 22
56 23
56 24
56 25
56 27
56 28
56 30
56 31
56 33
56 34
56 35
56 36
56 37
56 38
56 39
56 40
56 41
56 42
56 43
56 45
56 46
56 47
56 48
56 49
56 50
56 51
56 53
56 54
56 59
56 60
56 62
56 63
56 64
56 65
56 68
56 69
56 70
56 74
56 76
56 77
56 79
56 80
56 81
56 83
56 84
56 86
56 87
56 90
56 92
56 93
56 95
56 97
56 98
56 99
56 101
56 102
56 103
56 104
56 107
56 108
56 111
56 112
56 114
56 115
56 119
56 120
56 121
56 122
56 124
56 125
56 126
56 127
57 117
59 2
59 3
59 4
59 6
59 9
59 11
59 12
59 13
59 14
59 18
59 20
59 22
59 23
59 24
59 25
59 27
59 28
59 30
59 31
59 33
59 34
59 35
59 36
59 37
59 38
59 39
59 40
59 41
59 42
59 43
59 45
59 46
59 47
59 48
59 49
59 50
59 51
59 53
59 54
59 56
59 60
59 62
59 63
59 64
59 65
59 68
59 69
59 70
59 74
59 76
59 77
59 79
59 80
59 81
59 83
59 84
59 86
59 87
59 90
59 92
59 93
59 95
59 97
59 98
59 99
59 101
59 102
59 103
59 104
59 107
59 108
59 111
59 112
59 114
59 115
59 119
59 120
59 121
59 122
59 124
59 125
59 126
59 127
60 2
60 3
60 4
60 6
60 9
60 11
60 12
60 13
60 14
60 18
60 20
60 22
60 23
60 24
60 25
60 27
60 28
60 30
60 31
60 33
60 34
60 35
60 36
60 37
60 38
60 39
60 40
60 41
60 42
60 43
60 45
60 46
60 47
60 48
60 49
60 50
60 51
60 53
60 54
60 56
60 59
60 62
60 63
60 64
60 65
60 68
60 69
60 70
60 74
60 76
60 77
60 79
60 80
60 81
60 83
60 84
60 86
60 87
60 90
60 92
60 93
60 95
60 97
60 98
60 99
60 101
60 102
60 103
60 104
60 107
60 108
60 111
60 112
60 114
60 115
60 119
60 120
60 121
60 122
60 124
60 125
60 126
60 127
61 32
61 88
62 2
62 3
62 4
62 6
62 9
62 11
62 12
62 13
62 14
62 18
62 20
62 22
62 23
62 24
62 25
62 27
62 28
62 30
62 31
62 33
62 34
62 35
62 36
62 37
62 38
62 39
62 40
62 41
62 42
62 43
62 45
62 46
62 47
62 48
62 49
62 50
62 51
62 53
62 54
62 56
62 59
62 60
62 63
62 64
62 65
62 68
62 69
62 70
62 74
62 76
62 77
62 79
62 80
62 81
62 83
62 84
62 86
62 87
62 90
62 92
62 93
62 95
62 97
62 98
62 99
62 101
62 102
62 103
62 104
62 107
62 108
62 111
62 112
62 114
62 115
62 119
62 120
62 121
62 122
62 124
62 125
62 126
62 127
63 2
63 3
63 4
63 6
63 9
63 11
63 12
63 13
63 14
63 18
63 20
63 22
63 23
63 24
63 25
63 27
63 28
63 30
63 31
63 33
63 34
63 35
63 36
63 37
63 38
63 39
63 40
63 41
63 42
63 43
63 45
63 46
63 47
63 48
63 49
63 50
63 51
63 53
63 54
63 56
63 59
63 60
63 62
63 64
63 65
63 68
63 69
63 70
63 74
63 76
63 77
63 79
63 80
63 81
63 83
63 84
63 86
63 87
63 90
63 92
63 93
63 95
63 97
63 98
63 99
63 101
63 102
63 103
63 104
63 107
63 108
63 111
63 112
63 114
63 115
63 119
63 120
63 121
63 122
63 124
63 125
63 126
63 127
64 2
64 3
64 4
64 6
64 9
64 11
64 12
64 13
64 14
64 18
64 20
64 22
64 23
64 24
64 25
64 27
64 28
64 30
64 31
64 33
64 34
64 35
64 36
64 37
64 38
64 39
64 40
64 41
64 42
64 43
64 45
64 46
64 47
64 48
64 49
64 50
64 51
64 53
64 54
64 56
64 59
64 60
64 62
64 63
64 65
64 68
64 69
64 70
64 74
64 76
64 77
64 79
64 80
64 81
64 83
64 84
64 86
64 87
64 90
64 92
64 93
64 95
64 97
64 98
64 99
64 101
64 102
64 103
64 104
64 107
64 108
64 111
64 112
64 114
64 115
64 119
64 120
64 121
64 122
64 124
64 125
64 126
64 127
65 2
65 3
65 4
65 6
65 9
65 11
65 12
65 13
65 14
65 18
65 20
65 22
65 23
65 24
65 25
65 27
65 28
65 30
65 31
65 33
65 34
65 35
65 36
65 37
65 38
65 39
65 40
65 41
65 42
65 43
65 45
65 46
65 47
65 48
65 49
65 50
65 51
65 53
65 54
65 56
65 59
65 60
65 62
65 63
65 64
65 68
65 69
65 70
65 74
65 76
65 77
65 79
65 80
65 81
65 83
65 84
65 86
65 87
65 90
65 92
65 93
65 95
65 97
65 98
65 99
65 101
65 102
65 103
65 104
65 107
65 108
65 111
65 112
65 114
65 115
65 119
65 120
65 121
65 122
65 124
65 125
65 126
65 127
66 16
66 19
66 72
66 85
66 110
68 2
68 3
68 4
68 6
68 9
68 11
68 12
68 13
68 14
68 18
68 20
68 22
68 23
68 24
68 25
68 27
68 28
68 30
68 31
68 33
68 34
68 35
68 36
68 37
68 38
68 39
68 40
68 41
68 42
68 43
68 45
68 46
68 47
68 48
68 49
68 50
68 51
68 53
68 54
68 56
68 59
68 60
68 62
68 63
68 64
68 65
68 69
68 70
68 74
68 76
68 77
68 79
68 80
68 81
68 83
68 84
68 86
68 87
68 90
68 92
68 93
68 95
68 97
68 98
68 99
68 101
68 102
68 103
68 104
68 107
68 108
68 111
68 112
68 114
68 115
68 119
68 120
68 121
68 122
68 124
68 125
68 126
68 127
69 2
69 3
69 4
69 6
69 9
69 11
69 12
69 13
69 14
69 18
69 20
69 22
69 23
69 24
69 25
69 27
69 28
69 30
69 31
69 33
69 34
69 35
69 36
69 37
69 38
69 39
69 40
69 41
69 42
69 43
69 45
69 46
69 47
69 48
69 49
69 50
69 51
69 53
69 54
69 56
69 59
69 60
69 62
69 63
69 64
69 65
69 68
69 70
69 74
69 76
69 77
69 79
69 80
69 81
69 83
69 84
69 86
69 87
69 90
69 92
69 93
69 95
69 97
69 98
69 99
69 101
69 102
69 103
69 104
69 107
69 108
69 111
69 112
69 114
69 115
69 119
69 120
69 121
69 122
69 124
69 125
69 126
69 127
70 2
70 3
70 4
70 6
70 9
70 11
70 12
70 13
70 14
70 18
70 20
70 22
70 23
70 24
70 25
70 27
70 28
70 30
70 31
70 33
70 34
70 35
70 36
70 37
70 38
70 39
70 40
70 41
70 42
70 43
70 45
70 46
70 47
70 48
70 49
70 50
70 51
70 53
70 54
70 56
70 59
70 60
70 62
70 63
70 64
70 65
70 68
70 69
70 74
70 76
70 77
70 79
70 80
70 81
70 83
70 84
70 86
70 87
70 90
70 92
70 93
70 95
70 97
70 98
70 99
70 101
70 102
70 103
70 104
70 107
70 108
70 111
70 112
70 114
70 115
70 119
70 120
70 121
70 122
70 124
70 125
70 126
70 127
72 16
72 19
72 66
72 85
72 110
73 44
74 2
74 3
74 4
74 6
74 9
74 11
74 12
74 13
74 14
74 18
74 20
74 22
74 23
74 24
74 25
74 27
74 28
74 30
74 31
74 33
74 34
74 35
74 36
74 37
74 38
74 39
74 40
74 41
74 42
74 43
74 45
74 46
74 47
74 48
74 49
74 50
74 51
74 53
74 54
74 56
74 59
74 60
74 62
74 63
74 64
74 65
74 68
74 69
74 70
74 76
74 77
74 79
74 80
74 81
74 83
74 84
74 86
74 87
74 90
74 92
74 93
74 95
74 97
74 98
74 99
74 101
74 102
74 103
74 104
74 107
74 108
74 111
74 112
74 114
74 115
74 119
74 120
74 121
74 122
74 124
74 125
74 126
74 127
76 2
76 3
76 4
76 6
76 9
76 11
76 12
76 13
76 14
76 18
76 20
76 22
76 23
76 24
76 25
76 27
76 28
76 30
76 31
76 33
76 34
76 35
76 36
76 37
76 38
76 39
76 40
76 41
76 42
76 43
76 45
76 46
76 47
76 48
76 49
76 50
76 51
76 53
76 54
76 56
76 59
76 60
76 62
76 63
76 64
76 65
76 68
76 69
76 70
76 74
76 77
76 79
76 80
76 81
76 83
76 84
76 86
76 87
76 90
76 92
76 93
76 95
76 97
76 98
76 99
76 101
76 102
76 103
76 104
76 107
76 108
76 111
76 112
76 114
76 115
76 119
76 120
76 121
76 122
76 124
76 125
76 126
76 127
77 2
77 3
77 4
77 6
77 9
77 11
77 12
77 13
77 14
77 18
77 20
77 22
77 23
77 24
77 25
77 27
77 28
77 30
77 31
77 33
77 34
77 35
77 36
77 37
77 38
77 39
77 40
77 41
77 42
77 43
77 45
77 46
77 47
77 48
77 49
77 50
77 51
77 53
77 54
77 56
77 59
77 60
77 62
77 63
77 64
77 65
77 68
77 69
77 70
77 74
77 76
77 79
77 80
77 81
77 83
77 84
77 86
77 87
77 90
77 92
77 93
77 95
77 97
77 98
77 99
77 101
77 102
77 103
77 104
77 107
77 108
77 111
77 112
77 114
77 115
77 119
77 120
77 121
77 122
77 124
77 125
77 126
77 127
79 2
79 3
79 4
79 6
79 9
79 11
79 12
79 13
79 14
79 18
79 20
79 22
79 23
79 24
79 25
79 27
79 28
79 30
79 31
79 33
79 34
79 35
79 36
79 37
79 38
79 39
79 40
79 41
79 42
79 43
79 45
79 46
79 47
79 48
79 49
79 50
79 51
79 53
79 54
79 56
79 59
79 60
79 62
79 63
79 64
79 65
79 68
79 69
79 70
79 74
79 76
79 77
79 80
79 81
79 83
79 84
79 86
79 87
79 90
79 92
79 93
79 95
79 97
79 98
79 99
79 101
79 102
79 103
79 104
79 107
79 108
79 111
79 112
79 114
79 115
79 119
79 120
79 121
79 122
79 124
79 125
79 126
79 127
80 2
80 3
80 4
80 6
80 9
80 11
80 12
80 13
80 14
80 18
80 20
80 22
80 23
80 24
80 25
80 27
80 28
80 30
80 31
80 33
80 34
80 35
80 36
80 37
80 38
80 39
80 40
80 41
80 42
80 43
80 45
80 46
80 47
80 48
80 49
80 50
80 51
80 53
80 54
80 56
80 59
80 60
80 62
80 63
80 64
80 65
80 68
80 69
80 70
80 74
80 76
80 77
80 79
80 81
80 83
80 84
80 86
80 87
80 90
80 92
80 93
80 95
80 97
80 98
80 99
80 101
80 102
80 103
80 104
80 107
80 108
80 111
80 112
80 114
80 115
80 119
80 120
80 121
80 122
80 124
80 125
80 126
80 127
81 2
81 3
81 4
81 6
81 9
81 11
81 12
81 13
81 14
81 18
81 20
81 22
81 23
81 24
81 25
81 27
81 28
81 30
81 31
81 33
81 34
81 35
81 36
81 37
81 38
81 39
81 40
81 41
81 42
81 43
81 45
81 46
81 47
81 48
81 49
81 50
81 51
81 53
81 54
81 56
81 59
81 60
81 62
81 63
81 64
81 65
81 68
81 69
81 70
81 74
81 76
81 77
81 79
81 80
81 83
81 84
81 86
81 87
81 90
81 92
81 93
81 95
81 97
81 98
81 99
81 101
81 102
81 103
81 104
81 107
81 108
81 111
81 112
81 114
81 115
81 119
81 120
81 121
81 122
81 124
81 125
81 126
81 127
83 2
83 3
83 4
83 6
83 9
83 11
83 12
83 13
83 14
83 18
83 20
83 22
83 23
83 24
83 25
83 27
83 28
83 30
83 31
83 33
83 34
83 35
83 36
83 37
83 38
83 39
83 40
83 41
83 42
83 43
83 45
83 46
83 47
83 48
83 49
83 50
83 51
83 53
83 54
83 56
83 59
83 60
83 62
83 63
83 64
83 65
83 68
83 69
83 70
83 74
83 76
83 77
83 79
83 80
83 81
83 84
83 86
83 87
83 90
83 92
83 93
83 95
83 97
83 98
83 99
83 101
83 102
83 103
83 104
83 107
83 108
83 111
83 112
83 114
83 115
83 119
83 120
83 121
83 122
83 124
83 125
83 126
83 127
84 2
84 3
84 4
84 6
84 9
84 11
84 12
84 13
84 14
84 18
84 20
84 22
84 23
84 24
84 25
84 27
84 28
84 30
84 31
84 33
84 34
84 35
84 36
84 37
84 38
84 39
84 40
84 41
84 42
84 43
84 45
84 46
84 47
84 48
84 49
84 50
84 51
84 53
84 54
84 56
84 59
84 60
84 62
84 63
84 64
84 65
84 68
84 69
84 70
84 74
84 76
84 77
84 79
84 80
84 81
84 83
84 86
84 87
84 90
84 92
84 93
84 95
84 97
84 98
84 99
84 101
84 102
84 103
84 104
84 107
84 108
84 111
84 112
84 114
84 115
84 119
84 120
84 121
84 122
84 124
84 125
84 126
84 127
85 16
85 19
85 66
85 72
85 110
86 2
86 3
86 4
86 6
86 9
86 11
86 12
86 13
86 14
86 18
86 20
86 22
86 23
86 24
86 25
86 27
86 28
86 30
86 31
86 33
86 34
86 35
86 36
86 37
86 38
86 39
86 40
86 41
86 42
86 43
86 45
86 46
86 47
86 48
86 49
86 50
86 51
86 53
86 54
86 56
86 59
86 60
86 62
86 63
86 64
86 65
86 68
86 69
86 70
86 74
86 76
86 77
86 79
86 80
86 81
86 83
86 84
86 87
86 90
86 92
86 93
86 95
86 97
86 98
86 99
86 101
86 102
86 103
86 104
86 107
86 108
86 111
86 112
86 114
86 115
86 119
86 120
86 121
86 122
86 124
86 125
86 126
86 127
87 2
87 3
87 4
87 6
87 9
87 11
87 12
87 13
87 14
87 18
87 20
87 22
87 23
87 24
87 25
87 27
87 28
87 30
87 31
87 33
87 34
87 35
87 36
87 37
87 38
87 39
87 40
87 41
87 42
87 43
87 45
87 46
87 47
87 48
87 49
87 50
87 51
87 53
87 54
87 56
87 59
87 60
87 62
87 63
87 64
87 65
87 68
87 69
87 70
87 74
87 76
87 77
87 79
87 80
87 81
87 83
87 84
87 86
87 90
87 92
87 93
87 95
87 97
87 98
87 99
87 101
87 102
87 103
87 104
87 107
87 108
87 111
87 112
87 114
87 115
87 119
87 120
87 121
87 122
87 124
87 125
87 126
87 127
88 32
88 61
90 2
90 3
90 4
90 6
90 9
90 11
90 12
90 13
90 14
90 18
90 20
90 22
90 23
90 24
90 25
90 27
90 28
90 30
90 31
90 33
90 34
90 35
90 36
90 37
90 38
90 39
90 40
90 41
90 42
90 43
90 45
90 46
90 47
90 48
90 49
90 50
90 51
90 53
90 54
90 56
90 59
90 60
90 62
90 63
90 64
90 65
90 68
90 69
90 70
90 74
90 76
90 77
90 79
90 80
90 81
90 83
90 84
90 86
90 87
90 92
90 93
90 95
90 97
90 98
90 99
90 101
90 102
90 103
90 104
90 107
90 108
90 111
90 112
90 114
90 115
90 119
90 120
90 121
90 122
90 124
90 125
90 126
90 127
92 2
92 3
92 4
92 6
92 9
92 11
92 12
92 13
92 14
92 18
92 20
92 22
92 23
92 24
92 25
92 27
92 28
92 30
92 31
92 33
92 34
92 35
92 36
92 37
92 38
92 39
92 40
92 41
92 42
92 43
92 45
92 46
92 47
92 48
92 49
92 50
92 51
92 53
92 54
92 56
92 59
92 60
92 62
92 63
92 64
92 65
92 68
92 69
92 70
92 74
92 76
92 77
92 79
92 80
92 81
92 83
92 84
92 86
92 87
92 90
92 93
92 95
92 97
92 98
92 99
92 101
92 102
92 103
92 104
92 107
92 108
92 111
92 112
92 114
92 115
92 119
92 120
92 121
92 122
92 124
92 125
92 126
92 127
93 2
93 3
93 4
93 6
93 9
93 11
93 12
93 13
93 14
93 18
93 20
93 22
93 23
93 24
93 25
93 27
93 28
93 30
93 31
93 33
93 34
93 35
93 36
93 37
93 38
93 39
93 40
93 41
93 42
93 43
93 45
93 46
93 47
93 48
93 49
93 50
93 51
93 53
93 54
93 56
93 59
93 60
93 62
93 63
93 64
93 65
93 68
93 69
93 70
93 74
93 76
93 77
93 79
93 80
93 81
93 83
93 84
93 86
93 87
93 90
93 92
93 95
93 97
93 98
93 99
93 101
93 102
93 103
93 104
93 107
93 108
93 111
93 112
93 114
93 115
93 119
93 120
93 121
93 122
93 124
93 125
93 126
93 127
94 106
94 113
95 2
95 3
95 4
95 6
95 9
95 11
95 12
95 13
95 14
95 18
95 20
95 22
95 23
95 24
95 25
95 27
95 28
95 30
95 31
95 33
95 34
95 35
95 36
95 37
95 38
95 39
95 40
95 41
95 42
95 43
95 45
95 46
95 47
95 48
95 49
95 50
95 51
95 53
95 54
95 56
95 59
95 60
95 62
95 63
95 64
95 65
95 68
95 69
95 70
95 74
95 76
95 77
95 79
95 80
95 81
95 83
95 84
95 86
95 87
95 90
95 92
95 93
95 97
95 98
95 99
95 101
95 102
95 103
95 104
95 107
95 108
95 111
95 112
95 114
95 115
95 119
95 120
95 121
95 122
95 124
95 125
95 126
95 127
97 2
97 3
97 4
97 6
97 9
97 11
97 12
97 13
97 14
97 18
97 20
97 22
97 23
97 24
97 25
97 27
97 28
97 30
97 31
97 33
97 34
97 35
97 36
97 37
97 38
97 39
97 40
97 41
97 42
97 43
97 45
97 46
97 47
97 48
97 49
97 50
97 51
97 53
97 54
97 56
97 59
97 60
97 62
97 63
97 64
97 65
97 68
97 69
97 70
97 74
97 76
97 77
97 79
97 80
97 81
97 83
97 84
97 86
97 87
97 90
97 92
97 93
97 95
97 98
97 99
97 101
97 102
97 103
97 104
97 107
97 108
97 111
97 112
97 114
97 115
97 119
97 120
97 121
97 122
97 124
97 125
97 126
97 127
98 2
98 3
98 4
98 6
98 9
98 11
98 12
98 13
98 14
98 18
98 20
98 22
98 23
98 24
98 25
98 27
98 28
98 30
98 31
98 33
98 34
98 35
98 36
98 37
98 38
98 39
98 40
98 41
98 42
98 43
98 45
98 46
98 47
98 48
98 49
98 50
98 51
98 53
98 54
98 56
98 59
98 60
98 62
98 63
98 64
98 65
98 68
98 69
98 70
98 74
98 76
98 77
98 79
98 80
98 81
98 83
98 84
98 86
98 87
98 90
98 92
98 93
98 95
98 97
98 99
98 101
98 102
98 103
98 104
98 107
98 108
98 111
98 112
98 114
98 115
98 119
98 120
98 121
98 122
98 124
98 125
98 126
98 127
99 2
99 3
99 4
99 6
99 9
99 11
99 12
99 13
99 14
99 18
99 20
99 22
99 23
99 24
99 25
99 27
99 28
99 30
99 31
99 33
99 34
99 35
99 36
99 37
99 38
99 39
99 40
99 41
99 42
99 43
99 45
99 46
99 47
99 48
99 49
99 50
99 51
99 53
99 54
99 56
99 59
99 60
99 62
99 63
99 64
99 65
99 68
99 69
99 70
99 74
99 76
99 77
99 79
99 80
99 81
99 83
99 84
99 86
99 87
99 90
99 92
99 93
99 95
99 97
99 98
99 101
99 102
99 103
99 104
99 107
99 108
99 111
99 112
99 114
99 115
99 119
99 120
99 121
99 122
99 124
99 125
99 126
99 127
101 2
101 3
101 4
101 6
101 9
101 11
101 12
101 13
101 14
101 18
101 20
101 22
101 23
101 24
101 25
101 27
101 28
101 30
101 31
101 33
101 34
101 35
101 36
101 37
101 38
101 39
101 40
101 41
101 42
101 43
101 45
101 46
101 47
101 48
101 49
101 50
101 51
101 53
101 54
101 56
101 59
101 60
101 62
101 63
101 64
101 65
101 68
101 69
101 70
101 74
101 76
101 77
101 79
101 80
101 81
101 83
101 84
101 86
101 87
101 90
101 92
101 93
101 95
101 97
101 98
101 99
101 102
101 103
101 104
101 107
101 108
101 111
101 112
101 114
101 115
101 119
101 120
101 121
101 122
101 124
101 125
101 126
101 127
102 2
102 3
102 4
102 6
102 9
102 11
102 12
102 13
102 14
102 18
102 20
102 22
102 23
102 24
102 25
102 27
102 28
102 30
102 31
102 33
102 34
102 35
102 36
102 37
102 38
102 39
102 40
102 41
102 42
102 43
102 45
102 46
102 47
102 48
102 49
102 50
102 51
102 53
102 54
102 56
102 59
102 60
102 62
102 63
102 64
102 65
102 68
102 69
102 70
102 74
102 76
102 77
102 79
102 80
102 81
102 83
102 84
102 86
102 87
102 90
102 92
102 93
102 95
102 97
102 98
102 99
102 101
102 103
102 104
102 107
102 108
102 111
102 112
102 114
102 115
102 119
102 120
102 121
102 122
102 124
102 125
102 126
102 127
103 2
103 3
103 4
103 6
103 9
103 11
103 12
103 13
103 14
103 18
103 20
103 22
103 23
103 24
103 25
103 27
103 28
103 30
103 31
103 33
103 34
103 35
103 36
103 37
103 38
103 39
103 40
103 41
103 42
103 43
103 45
103 46
103 47
103 48
103 49
103 50
103 51
103 53
103 54
103 56
103 59
103 60
103 62
103 63
103 64
103 65
103 68
103 69
103 70
103 74
103 76
103 77
103 79
103 80
103 81
103 83
103 84
103 86
103 87
103 90
103 92
103 93
103 95
103 97
103 98
103 99
103 101
103 102
103 104
103 107
103 108
103 111
103 112
103 114
103 115
103 119
103 120
103 121
103 122
103 124
103 125
103 126
103 127
104 2
104 3
104 4
104 6
104 9
104 11
104 12
104 13
104 14
104 18
104 20
104 22
104 23
104 24
104 25
104 27
104 28
104 30
104 31
104 33
104 34
104 35
104 36
104 37
104 38
104 39
104 40
104 41
104 42
104 43
104 45
104 46
104 47
104 48
104 49
104 50
104 51
104 53
104 54
104 56
104 59
104 60
104 62
104 63
104 64
104 65
104 68
104 69
104 70
104 74
104 76
104 77
104 79
104 80
104 81
104 83
104 84
104 86
104 87
104 90
104 92
104 93
104 95
104 97
104 98
104 99
104 101
104 102
104 103
104 107
104 108
104 111
104 112
104 114
104 115
104 119
104 120
104 121
104 122
104 124
104 125
104 126
104 127
106 94
106 113
107 2
107 3
107 4
107 6
107 9
107 11
107 12
107 13
107 14
107 18
107 20
107 22
107 23
107 24
107 25
107 27
107 28
107 30
107 31
107 33
107 34
107 35
107 36
107 37
107 38
107 39
107 40
107 41
107 42
107 43
107 45
107 46
107 47
107 48
107 49
107 50
107 51
107 53
107 54
107 56
107 59
107 60
107 62
107 63
107 64
107 65
107 68
107 69
107 70
107 74
107 76
107 77
107 79
107 80
107 81
107 83
107 84
107 86
107 87
107 90
107 92
107 93
107 95
107 97
107 98
107 99
107 101
107 102
107 103
107 104
107 108
107 111
107 112
107 114
107 115
107 119
107 120
107 121
107 122
107 124
107 125
107 126
107 127
108 2
108 3
108 4
108 6
108 9
108 11
108 12
108 13
108 14
108 18
108 20
108 22
108 23
108 24
108 25
108 27
108 28
108 30
108 31
108 33
108 34
108 35
108 36
108 37
108 38
108 39
108 40
108 41
108 42
108 43
108 45
108 46
108 47
108 48
108 49
108 50
108 51
108 53
108 54
108 56
108 59
108 60
108 62
108 63
108 64
108 65
108 68
108 69
108 70
108 74
108 76
108 77
108 79
108 80
108 81
108 83
108 84
108 86
108 87
108 90
108 92
108 93
108 95
108 97
108 98
108 99
108 101
108 102
108 103
108 104
108 107
108 111
108 112
108 114
108 115
108 119
108 120
108 121
108 122
108 124
108 125
108 126
108 127
110 16
110 19
110 66
110 72
110 85
111 2
111 3
111 4
111 6
111 9
111 11
111 12
111 13
111 14
111 18
111 20
111 22
111 23
111 24
111 25
111 27
111 28
111 30
111 31
111 33
111 34
111 35
111 36
111 37
111 38
111 39
111 40
111 41
111 42
111 43
111 45
111 46
111 47
111 48
111 49
111 50
111 51
111 53
111 54
111 56
111 59
111 60
111 62
111 63
111 64
111 65
111 68
111 69
111 70
111 74
111 76
111 77
111 79
111 80
111 81
111 83
111 84
111 86
111 87
111 90
111 92
111 93
111 95
111 97
111 98
111 99
111 101
111 102
111 103
111 104
111 107
111 108
111 112
111 114
111 115
111 119
111 120
111 121
111 122
111 124
111 125
111 126
111 127
112 2
112 3
112 4
112 6
112 9
112 11
112 12
112 13
112 14
112 18
112 20
112 22
112 23
112 24
112 25
112 27
112 28
112 30
112 31
112 33
112 34
112 35
112 36
112 37
112 38
112 39
112 40
112 41
112 42
112 43
112 45
112 46
112 47
112 48
112 49
112 50
112 51
112 53
112 54
112 56
112 59
112 60
112 62
112 63
112 64
112 65
112 68
112 69
112 70
112 74
112 76
112 77
112 79
112 80
112 81
112 83
112 84
112 86
112 87
112 90
112 92
112 93
112 95
112 97
112 98
112 99
112 101
112 102
112 103
112 104
112 107
112 108
112 111
112 114
112 115
112 119
112 120
112 121
112 122
112 124
112 125
112 126
112 127
113 94
113 106
114 2
114 3
114 4
114 6
114 9
114 11
114 12
114 13
114 14
114 18
114 20
114 22
114 23
114 24
114 25
114 27
114 28
114 30
114 31
114 33
114 34
114 35
114 36
114 37
114 38
114 39
114 40
114 41
114 42
114 43
114 45
114 46
114 47
114 48
114 49
114 50
114 51
114 53
114 54
114 56
114 59
114 60
114 62
114 63
114 64
114 65
114 68
114 69
114 70
114 74
114 76
114 77
114 79
114 80
114 81
114 83
114 84
114 86
114 87
114 90
114 92
114 93
114 95
114 97
114 98
114 99
114 101
114 102
114 103
114 104
114 107
114 108
114 111
114 112
114 115
114 119
114 120
114 121
114 122
114 124
114 125
114 126
114 127
115 2
115 3
115 4
115 6
115 9
115 11
115 12
115 13
115 14
115 18
115 20
115 22
115 23
115 24
115 25
115 27
115 28
115 30
115 31
115 33
115 34
115 35
115 36
115 37
115 38
115 39
115 40
115 41
115 42
115 43
115 45
115 46
115 47
115 48
115 49
115 50
115 51
115 53
115 54
115 56
115 59
115 60
115 62
115 63
115 64
115 65
115 68
115 69
115 70
115 74
115 76
115 77
115 79
115 80
115 81
115 83
115 84
115 86
115 87
115 90
115 92
115 93
115 95
115 97
115 98
115 99
115 101
115 102
115 103
115 104
115 107
115 108
115 111
115 112
115 114
115 119
115 120
115 121
115 122
115 124
115 125
115 126
115 127
117 57
119 2
119 3
119 4
119 6
119 9
119 11
119 12
119 13
119 14
119 18
119 20
119 22
119 23
119 24
119 25
119 27
119 28
119 30
119 31
119 33
119 34
119 35
119 36
119 37
119 38
119 39
119 40
119 41
119 42
119 43
119 45
119 46
119 47
119 48
119 49
119 50
119 51
119 53
119 54
119 56
119 59
119 60
119 62
119 63
119 64
119 65
119 68
119 69
119 70
119 74
119 76
119 77
119 79
119 80
119 81
119 83
119 84
119 86
119 87
119 90
119 92
119 93
119 95
119 97
119 98
119 99
119 101
119 102
119 103
119 104
119 107
119 108
119 111
119 112
119 114
119 115
119 120
119 121
119 122
119 124
119 125
119 126
119 127
120 2
120 3
120 4
120 6
120 9
120 11
120 12
120 13
120 14
120 18
120 20
120 22
120 23
120 24
120 25
120 27
120 28
120 30
120 31
120 33
120 34
120 35
120 36
120 37
120 38
120 39
120 40
120 41
120 42
120 43
120 45
120 46
120 47
120 48
120 49
120 50
120 51
120 53
120 54
120 56
120 59
120 60
120 62
120 63
120 64
120 65
120 68
120 69
120 70
120 74
120 76
120 77
120 79
120 80
120 81
120 83
120 84
120 86
120 87
120 90
120 92
120 93
120 95
120 97
120 98
120 99
120 101
120 102
120 103
120 104
120 107
120 108
120 111
120 112
120 114
120 115
120 119
120 121
120 122
120 124
120 125
120 126
120 127
121 2
121 3
121 4
121 6
121 9
121 11
121 12
121 13
121 14
121 18
121 20
121 22
121 23
121 24
121 25
121 27
121 28
121 30
121 31
121 33
121 34
121 35
121 36
121 37
121 38
121 39
121 40
121 41
121 42
121 43
121 45
121 46
121 47
121 48
121 49
121 50
121 51
121 53
121 54
121 56
121 59
121 60
121 62
121 63
121 64
121 65
121 68
121 69
121 70
121 74
121 76
121 77
121 79
121 80
121 81
121 83
121 84
121 86
121 87
121 90
121 92
121 93
121 95
121 97
121 98
121 99
121 101
121 102
121 103
121 104
121 107
121 108
121 111
121 112
121 114
121 115
121 119
121 120
121 122
121 124
121 125
121 126
121 127
122 2
122 3
122 4
122 6
122 9
122 11
122 12
122 13
122 14
122 18
122 20
122 22
122 23
122 24
122 25
122 27
122 28
122 30
122 31
122 33
122 34
122 35
122 36
122 37
122 38
122 39
122 40
122 41
122 42
122 43
122 45
122 46
122 47
122 48
122 49
122 50
122 51
122 53
122 54
122 56
122 59
122 60
122 62
122 63
122 64
122 65
122 68
122 69
122 70
122 74
122 76
122 77
122 79
122 80
122 81
122 83
122 84
122 86
122 87
122 90
122 92
122 93
122 95
122 97
122 98
122 99
122 101
122 102
122 103
122 104
122 107
122 108
122 111
122 112
122 114
122 115
122 119
122 120
122 121
122 124
122 125
122 126
122 127
124 2
124 3
124 4
124 6
124 9
124 11
124 12
124 13
124 14
124 18
124 20
124 22
124 23
124 24
124 25
124 27
124 28
124 30
124 31
124 33
124 34
124 35
124 36
124 37
124 38
124 39
124 40
124 41
124 42
124 43
124 45
124 46
124 47
124 48
124 49
124 50
124 51
124 53
124 54
124 56
124 59
124 60
124 62
124 63
124 64
124 65
124 68
124 69
124 70
124 74
124 76
124 77
124 79
124 80
124 81
124 83
124 84
124 86
124 87
124 90
124 92
124 93
124 95
124 97
124 98
124 99
124 101
124 102
124 103
124 104
124 107
124 108
124 111
124 112
124 114
124 115
124 119
124 120
124 121
124 122
124 125
124 126
124 127
125 2
125 3
125 4
125 6
125 9
125 11
125 12
125 13
125 14
125 18
125 20
125 22
125 23
125 24
125 25
125 27
125 28
125 30
125 31
125 33
125 34
125 35
125 36
125 37
125 38
125 39
125 40
125 41
125 42
125 43
125 45
125 46
125 47
125 48
125 49
125 50
125 51
125 53
125 54
125 56
125 59
125 60
125 62
125 63
125 64
125 65
125 68
125 69
125 70
125 74
125 76
125 77
125 79
125 80
125 81
125 83
125 84
125 86
125 87
125 90
125 92
125 93
125 95
125 97
125 98
125 99
125 101
125 102
125 103
125 104
125 107
125 108
125 111
125 112
125 114
125 115
125 119
125 120
125 121
125 122
125 124
125 126
125 127
126 2
126 3
126 4
126 6
126 9
126 11
126 12
126 13
126 14
126 18
126 20
126 22
126 23
126 24
126 25
126 27
126 28
126 30
126 31
126 33
126 34
126 35
126 36
126 37
126 38
126 39
126 40
126 41
126 42
126 43
126 45
126 46
126 47
126 48
126 49
126 50
126 51
126 53
126 54
126 56
126 59
126 60
126 62
126 63
126 64
126 65
126 68
126 69
126 70
126 74
126 76
126 77
126 79
126 80
126 81
126 83
126 84
126 86
126 87
126 90
126 92
126 93
126 95
126 97
126 98
126 99
126 101
126 102
126 103
126 104
126 107
126 108
126 111
126 112
126 114
126 115
126 119
126 120
126 121
126 122
126 124
126 125
126 127
127 2
127 3
127 4
127 6
127 9
127 11
127 12
127 13
127 14
127 18
127 20
127 22
127 23
127 24
127 25
127 27
127 28
127 30
127 31
127 33
127 34
127 35
127 36
127 37
127 38
127 39
127 40
127 41
127 42
127 43
127 45
127 46
127 47
127 48
127 49
127 50
127 51
127 53
127 54
127 56
127 59
127 60
127 62
127 63
127 64
127 65
127 68
127 69
127 70
127 74
127 76
127 77
127 79
127 80
127 81
127 83
127 84
127 86
127 87
127 90
127 92
127 93
127 95
127 97
127 98
127 99
127 101
127 102
127 103
127 104
127 107
127 108
127 111
127 112
127 114
127 115
127 119
127 120
127 121
127 122
127 124
127 125
127 126
