64 723
0 38
1 2
1 5
1 6
1 9
1 12
1 15
1 20
1 21
1 23
1 24
1 28
1 29
1 30
1 32
1 36
1 41
1 42
1 45
1 50
1 51
1 52
1 54
1 56
1 57
1 58
1 60
2 1
2 5
2 6
2 9
2 12
2 15
2 20
2 21
2 23
2 24
2 28
2 29
2 30
2 32
2 36
2 41
2 42
2 45
2 50
2 51
2 52
2 54
2 56
2 57
2 58
2 60
4 13
5 1
5 2
5 6
5 9
5 12
5 15
5 20
5 21
5 23
5 24
5 28
5 29
5 30
5 32
5 36
5 41
5 42
5 45
5 50
5 51
5 52
5 54
5 56
5 57
5 58
5 60
6 1
6 2
6 5
6 9
6 12
6 15
6 20
6 21
6 23
6 24
6 28
6 29
6 30
6 32
6 36
6 41
6 42
6 45
6 50
6 51
6 52
6 54
6 56
6 57
6 58
6 60
9 1
9 2
9 5
9 6
9 12
9 15
9 20
9 21
9 23
9 24
9 28
9 29
9 30
9 32
9 36
9 41
9 42
9 45
9 50
9 51
9 52
9 54
9 56
9 57
9 58
9 60
10 18
11 39
12 1
12 2
12 5
12 6
12 9
12 15
12 20
12 21
12 23
12 24
12 28
12 29
12 30
12 32
12 36
12 41
12 42
12 45
12 50
12 51
12 52
12 54
12 56
12 57
12 58
12 60
13 4
14 35
15 1
15 2
15 5
15 6
15 9
15 12
15 20
15 21
15 23
15 24
15 28
15 29
15 30
15 32
15 36
15 41
15 42
15 45
15 50
15 51
15 52
15 54
15 56
15 57
15 58
15 60
16 19
18 10
19 16
20 1
20 2
20 5
20 6
20 9
20 12
20 15
20 21
20 23
20 24
20 28
20 29
20 30
20 32
20 36
20 41
20 42
20 45
20 50
20 51
20 52
20 54
20 56
20 57
20 58
20 60
21 1
21 2
21 5
21 6
21 9
21 12
21 15
21 20
21 23
21 24
21 28
21 29
21 30
21 32
21 36
21 41
21 42
21 45
21 50
21 51
21 52
21 54
21 56
21 57
21 58
21 60
22 63
23 1
23 2
23 5
23 6
23 9
23 12
23 15
23 20
23 21
23 24
23 28
23 29
23 30
23 32
23 36
23 41
23 42
23 45
23 50
23 51
23 52
23 54
23 56
23 57
23 58
23 60
24 1
24 2
24 5
24 6
24 9
24 12
24 15
24 20
24 21
24 23
24 28
24 29
24 30
24 32
24 36
24 41
24 42
24 45
24 50
24 51
24 52
24 54
24 56
24 57
24 58
24 60
28 1
28 2
28 5
28 6
28 9
28 12
28 15
28 20
28 21
28 23
28 24
28 29
28 30
28 32
28 36
28 41
28 42
28 45
28 50
28 51
28 52
28 54
28 56
28 57
28 58
28 60
29 1
29 2
29 5
29 6
29 9
29 12
29 15
29 20
29 21
29 23
29 24
29 28
29 30
29 32
29 36
29 41
29 42
29 45
29 50
29 51
29 52
29 54
29 56
29 57
29 58
29 60
30 1
30 2
30 5
30 6
30 9
30 12
30 15
30 20
30 21
30 23
30 24
30 28
30 29
30 32
30 36
30 41
30 42
30 45
30 50
30 51
30 52
30 54
30 56
30 57
30 58
30 60
32 1
32 2
32 5
32 6
32 9
32 12
32 15
32 20
32 21
32 23
32 24
32 28
32 29
32 30
32 36
32 41
32 42
32 45
32 50
32 51
32 52
32 54
32 56
32 57
32 58
32 60
33 48
35 14
36 1
36 2
36 5
36 6
36 9
36 12
36 15
36 20
36 21
36 23
36 24
36 28
36 29
36 30
36 32
36 41
36 42
36 45
36 50
36 51
36 52
36 54
36 56
36 57
36 58
36 60
38 62
39 11
41 1
41 2
41 5
41 6
41 9
41 12
41 15
41 20
41 21
41 23
41 24
41 28
41 29
41 30
41 32
41 36
41 42
41 45
41 50
41 51
41 52
41 54
41 56
41 57
41 58
41 60
42 1
42 2
42 5
42 6
42 9
42 12
42 15
42 20
42 21
42 23
42 24
42 28
42 29
42 30
42 32
42 36
42 41
42 45
42 50
42 51
42 52
42 54
42 56
42 57
42 58
42 60
43 46
45 1
45 2
45 5
45 6
45 9
45 12
45 15
45 20
45 21
45 23
45 24
45 28
45 29
45 30
45 32
45 36
45 41
45 42
45 50
45 51
45 52
45 54
45 56
45 57
45 58
45 60
46 43
47 61
48 33
50 1
50 2
50 5
50 6
50 9
50 12
50 15
50 20
50 21
50 23
50 24
50 28
50 29
50 30
50 32
50 36
50 41
50 42
50 45
50 51
50 52
50 54
50 56
50 57
50 58
50 60
51 1
51 2
51 5
51 6
51 9
51 12
51 15
51 20
51 21
51 23
51 24
51 28
51 29
51 30
51 32
51 36
51 41
51 42
51 45
51 50
51 52
51 54
51 56
51 57
51 58
51 60
52 1
52 2
52 5
52 6
52 9
52 12
52 15
52 20
52 21
52 23
52 24
52 28
52 29
52 30
52 32
52 36
52 41
52 42
52 45
52 50
52 51
52 54
52 56
52 57
52 58
52 60
54 1
54 2
54 5
54 6
54 9
54 12
54 15
54 20
54 21
54 23
54 24
54 28
54 29
54 30
54 32
54 36
54 41
54 42
54 45
54 50
54 51
54 52
54 56
54 57
54 58
54 60
56 1
56 2
56 5
56 6
56 9
56 12
56 15
56 20
56 21
56 23
56 24
56 28
56 29
56 30
56 32
56 36
56 41
56 42
56 45
56 50
56 51
56 52
56 54
56 57
56 58
56 60
57 1
57 2
57 5
57 6
57 9
57 12
57 15
57 20
57 21
57 23
57 24
57 28
57 29
57 30
57 32
57 36
57 41
57 42
57 45
57 50
57 51
57 52
57 54
57 56
57 58
57 60
58 1
58 2
58 5
58 6
58 9
58 12
58 15
58 20
58 21
58 23
58 24
58 28
58 29
58 30
58 32
58 36
58 41
58 42
58 45
58 50
58 51
58 52
58 54
58 56
58 57
58 60
60 1
60 2
60 5
60 6
60 9
60 12
60 15
60 20
60 21
60 23
60 24
60 28
60 29
60 30
60 32
60 36
60 41
60 42
60 45
60 50
60 51
60 52
60 54
60 56
60 57
60 58
61 47
62 38
63 22
