64 774
1 4
1 9
1 10
1 12
1 13
1 17
1 18
1 21
1 22
1 23
1 24
1 25
1 26
1 28
1 33
1 36
1 38
1 41
1 44
1 45
1 47
1 48
1 53
1 58
1 59
1 62
1 63
4 1
4 9
4 10
4 12
4 13
4 17
4 18
4 21
4 22
4 23
4 24
4 25
4 26
4 28
4 33
4 36
4 38
4 41
4 44
4 45
4 47
4 48
4 53
4 58
4 59
4 62
4 63
9 1
9 4
9 10
9 12
9 13
9 17
9 18
9 21
9 22
9 23
9 24
9 25
9 26
9 28
9 33
9 36
9 38
9 41
9 44
9 45
9 47
9 48
9 53
9 58
9 59
9 62
9 63
10 1
10 4
10 9
10 12
10 13
10 17
10 18
10 21
10 22
10 23
10 24
10 25
10 26
10 28
10 33
10 36
10 38
10 41
10 44
10 45
10 47
10 48
10 53
10 58
10 59
10 62
10 63
11 39
11 56
12 1
12 4
12 9
12 10
12 13
12 17
12 18
12 21
12 22
12 23
12 24
12 25
12 26
12 28
12 33
12 36
12 38
12 41
12 44
12 45
12 47
12 48
12 53
12 58
12 59
12 62
12 63
13 1
13 4
13 9
13 10
13 12
13 17
13 18
13 21
13 22
13 23
13 24
13 25
13 26
13 28
13 33
13 36
13 38
13 41
13 44
13 45
13 47
13 48
13 53
13 58
13 59
13 62
13 63
14 35
15 37
16 19
17 1
17 4
17 9
17 10
17 12
17 13
17 18
17 21
17 22
17 23
17 24
17 25
17 26
17 28
17 33
17 36
17 38
17 41
17 44
17 45
17 47
17 48
17 53
17 58
17 59
17 62
17 63
18 1
18 4
18 9
18 10
18 12
18 13
18 17
18 21
18 22
18 23
18 24
18 25
18 26
18 28
18 33
18 36
18 38
18 41
18 44
18 45
18 47
18 48
18 53
18 58
18 59
18 62
18 63
19 16
20 42
21 1
21 4
21 9
21 10
21 12
21 13
21 17
21 18
21 22
21 23
21 24
21 25
21 26
21 28
21 33
21 36
21 38
21 41
21 44
21 45
21 47
21 48
21 53
21 58
21 59
21 62
21 63
22 1
22 4
22 9
22 10
22 12
22 13
22 17
22 18
22 21
22 23
22 24
22 25
22 26
22 28
22 33
22 36
22 38
22 41
22 44
22 45
22 47
22 48
22 53
22 58
22 59
22 62
22 63
23 1
23 4
23 9
23 10
23 12
23 13
23 17
23 18
23 21
23 22
23 24
23 25
23 26
23 28
23 33
23 36
23 38
23 41
23 44
23 45
23 47
23 48
23 53
23 58
23 59
23 62
23 63
24 1
24 4
24 9
24 10
24 12
24 13
24 17
24 18
24 21
24 22
24 23
24 25
24 26
24 28
24 33
24 36
24 38
24 41
24 44
24 45
24 47
24 48
24 53
24 58
24 59
24 62
24 63
25 1
25 4
25 9
25 10
25 12
25 13
25 17
25 18
25 21
25 22
25 23
25 24
25 26
25 28
25 33
25 36
25 38
25 41
25 44
25 45
25 47
25 48
25 53
25 58
25 59
25 62
25 63
26 1
26 4
26 9
26 10
26 12
26 13
26 17
26 18
26 21
26 22
26 23
26 24
26 25
26 28
26 33
26 36
26 38
26 41
26 44
26 45
26 47
26 48
26 53
26 58
26 59
26 62
26 63
28 1
28 4
28 9
28 10
28 12
28 13
28 17
28 18
28 21
28 22
28 23
28 24
28 25
28 26
28 33
28 36
28 38
28 41
28 44
28 45
28 47
28 48
28 53
28 58
28 59
28 62
28 63
31 52
33 1
33 4
33 9
33 10
33 12
33 13
33 17
33 18
33 21
33 22
33 23
33 24
33 25
33 26
33 28
33 36
33 38
33 41
33 44
33 45
33 47
33 48
33 53
33 58
33 59
33 62
33 63
35 14
36 1
36 4
36 9
36 10
36 12
36 13
36 17
36 18
36 21
36 22
36 23
36 24
36 25
36 26
36 28
36 33
36 38
36 41
36 44
36 45
36 47
36 48
36 53
36 58
36 59
36 62
36 63
37 15
38 1
38 4
38 9
38 10
38 12
38 13
38 17
38 18
38 21
38 22
38 23
38 24
38 25
38 26
38 28
38 33
38 36
38 41
38 44
38 45
38 47
38 48
38 53
38 58
38 59
38 62
38 63
39 11
39 56
41 1
41 4
41 9
41 10
41 12
41 13
41 17
41 18
41 21
41 22
41 23
41 24
41 25
41 26
41 28
41 33
41 36
41 38
41 44
41 45
41 47
41 48
41 53
41 58
41 59
41 62
41 63
42 20
43 46
44 1
44 4
44 9
44 10
44 12
44 13
44 17
44 18
44 21
44 22
44 23
44 24
44 25
44 26
44 28
44 33
44 36
44 38
44 41
44 45
44 47
44 48
44 53
44 58
44 59
44 62
44 63
45 1
45 4
45 9
45 10
45 12
45 13
45 17
45 18
45 21
45 22
45 23
45 24
45 25
45 26
45 28
45 33
45 36
45 38
45 41
45 44
45 47
45 48
45 53
45 58
45 59
45 62
45 63
46 43
47 1
47 4
47 9
47 10
47 12
47 13
47 17
47 18
47 21
47 22
47 23
47 24
47 25
47 26
47 28
47 33
47 36
47 38
47 41
47 44
47 45
47 48
47 53
47 58
47 59
47 62
47 63
48 1
48 4
48 9
48 10
48 12
48 13
48 17
48 18
48 21
48 22
48 23
48 24
48 25
48 26
48 28
48 33
48 36
48 38
48 41
48 44
48 45
48 47
48 53
48 58
48 59
48 62
48 63
52 31
53 1
53 4
53 9
53 10
53 12
53 13
53 17
53 18
53 21
53 22
53 23
53 24
53 25
53 26
53 28
53 33
53 36
53 38
53 41
53 44
53 45
53 47
53 48
53 58
53 59
53 62
53 63
56 11
56 39
58 1
58 4
58 9
58 10
58 12
58 13
58 17
58 18
58 21
58 22
58 23
58 24
58 25
58 26
58 28
58 33
58 36
58 38
58 41
58 44
58 45
58 47
58 48
58 53
58 59
58 62
58 63
59 1
59 4
59 9
59 10
59 12
59 13
59 17
59 18
59 21
59 22
59 23
59 24
59 25
59 26
59 28
59 33
59 36
59 38
59 41
59 44
59 45
59 47
59 48
59 53
59 58
59 62
59 63
62 1
62 4
62 9
62 10
62 12
62 13
62 17
62 18
62 21
62 22
62 23
62 24
62 25
62 26
62 28
62 33
62 36
62 38
62 41
62 44
62 45
62 47
62 48
62 53
62 58
62 59
62 63
63 1
63 4
63 9
63 10
63 12
63 13
63 17
63 18
63 21
63 22
63 23
63 24
63 25
63 26
63 28
63 33
63 36
63 38
63 41
63 44
63 45
63 47
63 48
63 53
63 58
63 59
63 62
