32 380
1 3
1 4
1 8
1 9
1 11
1 13
1 15
1 16
1 17
1 18
1 19
1 20
1 21
1 24
1 25
1 26
1 27
1 28
1 31
3 1
3 4
3 8
3 9
3 11
3 13
3 15
3 16
3 17
3 18
3 19
3 20
3 21
3 24
3 25
3 26
3 27
3 28
3 31
4 1
4 3
4 8
4 9
4 11
4 13
4 15
4 16
4 17
4 18
4 19
4 20
4 21
4 24
4 25
4 26
4 27
4 28
4 31
8 1
8 3
8 4
8 9
8 11
8 13
8 15
8 16
8 17
8 18
8 19
8 20
8 21
8 24
8 25
8 26
8 27
8 28
8 31
9 1
9 3
9 4
9 8
9 11
9 13
9 15
9 16
9 17
9 18
9 19
9 20
9 21
9 24
9 25
9 26
9 27
9 28
9 31
11 1
11 3
11 4
11 8
11 9
11 13
11 15
11 16
11 17
11 18
11 19
11 20
11 21
11 24
11 25
11 26
11 27
11 28
11 31
13 1
13 3
13 4
13 8
13 9
13 11
13 15
13 16
13 17
13 18
13 19
13 20
13 21
13 24
13 25
13 26
13 27
13 28
13 31
15 1
15 3
15 4
15 8
15 9
15 11
15 13
15 16
15 17
15 18
15 19
15 20
15 21
15 24
15 25
15 26
15 27
15 28
15 31
16 1
16 3
16 4
16 8
16 9
16 11
16 13
16 15
16 17
16 18
16 19
16 20
16 21
16 24
16 25
16 26
16 27
16 28
16 31
17 1
17 3
17 4
17 8
17 9
17 11
17 13
17 15
17 16
17 18
17 19
17 20
17 21
17 24
17 25
17 26
17 27
17 28
17 31
18 1
18 3
18 4
18 8
18 9
18 11
18 13
18 15
18 16
18 17
18 19
18 20
18 21
18 24
18 25
18 26
18 27
18 28
18 31
19 1
19 3
19 4
19 8
19 9
19 11
19 13
19 15
19 16
19 17
19 18
19 20
19 21
19 24
19 25
19 26
19 27
19 28
19 31
20 1
20 3
20 4
20 8
20 9
20 11
20 13
20 15
20 16
20 17
20 18
20 19
20 21
20 24
20 25
20 26
20 27
20 28
20 31
21 1
21 3
21 4
21 8
21 9
21 11
21 13
21 15
21 16
21 17
21 18
21 19
21 20
21 24
21 25
21 26
21 27
21 28
21 31
24 1
24 3
24 4
24 8
24 9
24 11
24 13
24 15
24 16
24 17
24 18
24 19
24 20
24 21
24 25
24 26
24 27
24 28
24 31
25 1
25 3
25 4
25 8
25 9
25 11
25 13
25 15
25 16
25 17
25 18
25 19
25 20
25 21
25 24
25 26
25 27
25 28
25 31
26 1
26 3
26 4
26 8
26 9
26 11
26 13
26 15
26 16
26 17
26 18
26 19
26 20
26 21
26 24
26 25
26 27
26 28
26 31
27 1
27 3
27 4
27 8
27 9
27 11
27 13
27 15
27 16
27 17
27 18
27 19
27 20
27 21
27 24
27 25
27 26
27 28
27 31
28 1
28 3
28 4
28 8
28 9
28 11
28 13
28 15
28 16
28 17
28 18
28 19
28 20
28 21
28 24
28 25
28 26
28 27
28 31
31 1
31 3
31 4
31 8
31 9
31 11
31 13
31 15
31 16
31 17
31 18
31 19
31 20
31 21
31 24
31 25
31 26
31 27
31 28
