128 2769
0 1
0 2
0 3
0 6
0 8
0 10
0 15
0 17
0 21
0 24
0 26
0 28
0 31
0 33
0 36
0 38
0 47
0 48
0 51
0 54
0 55
0 56
0 57
0 59
0 61
0 62
0 64
0 65
0 68
0 74
0 76
0 77
0 81
0 82
0 83
0 86
0 88
0 89
0 93
0 96
0 99
0 105
0 111
0 112
0 115
0 117
0 120
0 124
0 125
0 126
0 127
1 0
1 2
1 3
1 6
1 8
1 10
1 15
1 17
1 21
1 24
1 26
1 28
1 31
1 33
1 36
1 38
1 47
1 48
1 51
1 54
1 55
1 56
1 57
1 59
1 61
1 62
1 64
1 65
1 68
1 74
1 76
1 77
1 81
1 82
1 83
1 86
1 88
1 89
1 93
1 96
1 99
1 105
1 111
1 112
1 115
1 117
1 120
1 124
1 125
1 126
1 127
2 0
2 1
2 3
2 6
2 8
2 10
2 15
2 17
2 21
2 24
2 26
2 28
2 31
2 33
2 36
2 38
2 47
2 48
2 51
2 54
2 55
2 56
2 57
2 59
2 61
2 62
2 64
2 65
2 68
2 74
2 76
2 77
2 81
2 82
2 83
2 86
2 88
2 89
2 93
2 96
2 99
2 105
2 111
2 112
2 115
2 117
2 120
2 124
2 125
2 126
2 127
3 0
3 1
3 2
3 6
3 8
3 10
3 15
3 17
3 21
3 24
3 26
3 28
3 31
3 33
3 36
3 38
3 47
3 48
3 51
3 54
3 55
3 56
3 57
3 59
3 61
3 62
3 64
3 65
3 68
3 74
3 76
3 77
3 81
3 82
3 83
3 86
3 88
3 89
3 93
3 96
3 99
3 105
3 111
3 112
3 115
3 117
3 120
3 124
3 125
3 126
3 127
4 13
4 122
6 0
6 1
6 2
6 3
6 8
6 10
6 15
6 17
6 21
6 24
6 26
6 28
6 31
6 33
6 36
6 38
6 47
6 48
6 51
6 54
6 55
6 56
6 57
6 59
6 61
6 62
6 64
6 65
6 68
6 74
6 76
6 77
6 81
6 82
6 83
6 86
6 88
6 89
6 93
6 96
6 99
6 105
6 111
6 112
6 115
6 117
6 120
6 124
6 125
6 126
6 127
8 0
8 1
8 2
8 3
8 6
8 10
8 15
8 17
8 21
8 24
8 26
8 28
8 31
8 33
8 36
8 38
8 47
8 48
8 51
8 54
8 55
8 56
8 57
8 59
8 61
8 62
8 64
8 65
8 68
8 74
8 76
8 77
8 81
8 82
8 83
8 86
8 88
8 89
8 93
8 96
8 99
8 105
8 111
8 112
8 115
8 117
8 120
8 124
8 125
8 126
8 127
9 41
9 45
9 84
10 0
10 1
10 2
10 3
10 6
10 8
10 15
10 17
10 21
10 24
10 26
10 28
10 31
10 33
10 36
10 38
10 47
10 48
10 51
10 54
10 55
10 56
10 57
10 59
10 61
10 62
10 64
10 65
10 68
10 74
10 76
10 77
10 81
10 82
10 83
10 86
10 88
10 89
10 93
10 96
10 99
10 105
10 111
10 112
10 115
10 117
10 120
10 124
10 125
10 126
10 127
11 39
11 79
11 103
13 4
13 122
14 35
15 0
15 1
15 2
15 3
15 6
15 8
15 10
15 17
15 21
15 24
15 26
15 28
15 31
15 33
15 36
15 38
15 47
15 48
15 51
15 54
15 55
15 56
15 57
15 59
15 61
15 62
15 64
15 65
15 68
15 74
15 76
15 77
15 81
15 82
15 83
15 86
15 88
15 89
15 93
15 96
15 99
15 105
15 111
15 112
15 115
15 117
15 120
15 124
15 125
15 126
15 127
16 19
16 52
16 85
16 110
16 118
16 123
17 0
17 1
17 2
17 3
17 6
17 8
17 10
17 15
17 21
17 24
17 26
17 28
17 31
17 33
17 36
17 38
17 47
17 48
17 51
17 54
17 55
17 56
17 57
17 59
17 61
17 62
17 64
17 65
17 68
17 74
17 76
17 77
17 81
17 82
17 83
17 86
17 88
17 89
17 93
17 96
17 99
17 105
17 111
17 112
17 115
17 117
17 120
17 124
17 125
17 126
17 127
18 60
18 70
18 108
19 16
19 52
19 85
19 110
19 118
19 123
20 42
21 0
21 1
21 2
21 3
21 6
21 8
21 10
21 15
21 17
21 24
21 26
21 28
21 31
21 33
21 36
21 38
21 47
21 48
21 51
21 54
21 55
21 56
21 57
21 59
21 61
21 62
21 64
21 65
21 68
21 74
21 76
21 77
21 81
21 82
21 83
21 86
21 88
21 89
21 93
21 96
21 99
21 105
21 111
21 112
21 115
21 117
21 120
21 124
21 125
21 126
21 127
22 63
24 0
24 1
24 2
24 3
24 6
24 8
24 10
24 15
24 17
24 21
24 26
24 28
24 31
24 33
24 36
24 38
24 47
24 48
24 51
24 54
24 55
24 56
24 57
24 59
24 61
24 62
24 64
24 65
24 68
24 74
24 76
24 77
24 81
24 82
24 83
24 86
24 88
24 89
24 93
24 96
24 99
24 105
24 111
24 112
24 115
24 117
24 120
24 124
24 125
24 126
24 127
26 0
26 1
26 2
26 3
26 6
26 8
26 10
26 15
26 17
26 21
26 24
26 28
26 31
26 33
26 36
26 38
26 47
26 48
26 51
26 54
26 55
26 56
26 57
26 59
26 61
26 62
26 64
26 65
26 68
26 74
26 76
26 77
26 81
26 82
26 83
26 86
26 88
26 89
26 93
26 96
26 99
26 105
26 111
26 112
26 115
26 117
26 120
26 124
26 125
26 126
26 127
27 102
28 0
28 1
28 2
28 3
28 6
28 8
28 10
28 15
28 17
28 21
28 24
28 26
28 31
28 33
28 36
28 38
28 47
28 48
28 51
28 54
28 55
28 56
28 57
28 59
28 61
28 62
28 64
28 65
28 68
28 74
28 76
28 77
28 81
28 82
28 83
28 86
28 88
28 89
28 93
28 96
28 99
28 105
28 111
28 112
28 115
28 117
28 120
28 124
28 125
28 126
28 127
30 104
31 0
31 1
31 2
31 3
31 6
31 8
31 10
31 15
31 17
31 21
31 24
31 26
31 28
31 33
31 36
31 38
31 47
31 48
31 51
31 54
31 55
31 56
31 57
31 59
31 61
31 62
31 64
31 65
31 68
31 74
31 76
31 77
31 81
31 82
31 83
31 86
31 88
31 89
31 93
31 96
31 99
31 105
31 111
31 112
31 115
31 117
31 120
31 124
31 125
31 126
31 127
33 0
33 1
33 2
33 3
33 6
33 8
33 10
33 15
33 17
33 21
33 24
33 26
33 28
33 31
33 36
33 38
33 47
33 48
33 51
33 54
33 55
33 56
33 57
33 59
33 61
33 62
33 64
33 65
33 68
33 74
33 76
33 77
33 81
33 82
33 83
33 86
33 88
33 89
33 93
33 96
33 99
33 105
33 111
33 112
33 115
33 117
33 120
33 124
33 125
33 126
33 127
35 14
36 0
36 1
36 2
36 3
36 6
36 8
36 10
36 15
36 17
36 21
36 24
36 26
36 28
36 31
36 33
36 38
36 47
36 48
36 51
36 54
36 55
36 56
36 57
36 59
36 61
36 62
36 64
36 65
36 68
36 74
36 76
36 77
36 81
36 82
36 83
36 86
36 88
36 89
36 93
36 96
36 99
36 105
36 111
36 112
36 115
36 117
36 120
36 124
36 125
36 126
36 127
37 107
38 0
38 1
38 2
38 3
38 6
38 8
38 10
38 15
38 17
38 21
38 24
38 26
38 28
38 31
38 33
38 36
38 47
38 48
38 51
38 54
38 55
38 56
38 57
38 59
38 61
38 62
38 64
38 65
38 68
38 74
38 76
38 77
38 81
38 82
38 83
38 86
38 88
38 89
38 93
38 96
38 99
38 105
38 111
38 112
38 115
38 117
38 120
38 124
38 125
38 126
38 127
39 11
39 79
39 103
41 9
41 45
41 84
42 20
43 46
43 90
44 73
45 9
45 41
45 84
46 43
46 90
47 0
47 1
47 2
47 3
47 6
47 8
47 10
47 15
47 17
47 21
47 24
47 26
47 28
47 31
47 33
47 36
47 38
47 48
47 51
47 54
47 55
47 56
47 57
47 59
47 61
47 62
47 64
47 65
47 68
47 74
47 76
47 77
47 81
47 82
47 83
47 86
47 88
47 89
47 93
47 96
47 99
47 105
47 111
47 112
47 115
47 117
47 120
47 124
47 125
47 126
47 127
48 0
48 1
48 2
48 3
48 6
48 8
48 10
48 15
48 17
48 21
48 24
48 26
48 28
48 31
48 33
48 36
48 38
48 47
48 51
48 54
48 55
48 56
48 57
48 59
48 61
48 62
48 64
48 65
48 68
48 74
48 76
48 77
48 81
48 82
48 83
48 86
48 88
48 89
48 93
48 96
48 99
48 105
48 111
48 112
48 115
48 117
48 120
48 124
48 125
48 126
48 127
50 121
51 0
51 1
51 2
51 3
51 6
51 8
51 10
51 15
51 17
51 21
51 24
51 26
51 28
51 31
51 33
51 36
51 38
51 47
51 48
51 54
51 55
51 56
51 57
51 59
51 61
51 62
51 64
51 65
51 68
51 74
51 76
51 77
51 81
51 82
51 83
51 86
51 88
51 89
51 93
51 96
51 99
51 105
51 111
51 112
51 115
51 117
51 120
51 124
51 125
51 126
51 127
52 16
52 19
52 85
52 110
52 118
52 123
54 0
54 1
54 2
54 3
54 6
54 8
54 10
54 15
54 17
54 21
54 24
54 26
54 28
54 31
54 33
54 36
54 38
54 47
54 48
54 51
54 55
54 56
54 57
54 59
54 61
54 62
54 64
54 65
54 68
54 74
54 76
54 77
54 81
54 82
54 83
54 86
54 88
54 89
54 93
54 96
54 99
54 105
54 111
54 112
54 115
54 117
54 120
54 124
54 125
54 126
54 127
55 0
55 1
55 2
55 3
55 6
55 8
55 10
55 15
55 17
55 21
55 24
55 26
55 28
55 31
55 33
55 36
55 38
55 47
55 48
55 51
55 54
55 56
55 57
55 59
55 61
55 62
55 64
55 65
55 68
55 74
55 76
55 77
55 81
55 82
55 83
55 86
55 88
55 89
55 93
55 96
55 99
55 105
55 111
55 112
55 115
55 117
55 120
55 124
55 125
55 126
55 127
56 0
56 1
56 2
56 3
56 6
56 8
56 10
56 15
56 17
56 21
56 24
56 26
56 28
56 31
56 33
56 36
56 38
56 47
56 48
56 51
56 54
56 55
56 57
56 59
56 61
56 62
56 64
56 65
56 68
56 74
56 76
56 77
56 81
56 82
56 83
56 86
56 88
56 89
56 93
56 96
56 99
56 105
56 111
56 112
56 115
56 117
56 120
56 124
56 125
56 126
56 127
57 0
57 1
57 2
57 3
57 6
57 8
57 10
57 15
57 17
57 21
57 24
57 26
57 28
57 31
57 33
57 36
57 38
57 47
57 48
57 51
57 54
57 55
57 56
57 59
57 61
57 62
57 64
57 65
57 68
57 74
57 76
57 77
57 81
57 82
57 83
57 86
57 88
57 89
57 93
57 96
57 99
57 105
57 111
57 112
57 115
57 117
57 120
57 124
57 125
57 126
57 127
59 0
59 1
59 2
59 3
59 6
59 8
59 10
59 15
59 17
59 21
59 24
59 26
59 28
59 31
59 33
59 36
59 38
59 47
59 48
59 51
59 54
59 55
59 56
59 57
59 61
59 62
59 64
59 65
59 68
59 74
59 76
59 77
59 81
59 82
59 83
59 86
59 88
59 89
59 93
59 96
59 99
59 105
59 111
59 112
59 115
59 117
59 120
59 124
59 125
59 126
59 127
60 18
60 70
60 108
61 0
61 1
61 2
61 3
61 6
61 8
61 10
61 15
61 17
61 21
61 24
61 26
61 28
61 31
61 33
61 36
61 38
61 47
61 48
61 51
61 54
61 55
61 56
61 57
61 59
61 62
61 64
61 65
61 68
61 74
61 76
61 77
61 81
61 82
61 83
61 86
61 88
61 89
61 93
61 96
61 99
61 105
61 111
61 112
61 115
61 117
61 120
61 124
61 125
61 126
61 127
62 0
62 1
62 2
62 3
62 6
62 8
62 10
62 15
62 17
62 21
62 24
62 26
62 28
62 31
62 33
62 36
62 38
62 47
62 48
62 51
62 54
62 55
62 56
62 57
62 59
62 61
62 64
62 65
62 68
62 74
62 76
62 77
62 81
62 82
62 83
62 86
62 88
62 89
62 93
62 96
62 99
62 105
62 111
62 112
62 115
62 117
62 120
62 124
62 125
62 126
62 127
63 22
64 0
64 1
64 2
64 3
64 6
64 8
64 10
64 15
64 17
64 21
64 24
64 26
64 28
64 31
64 33
64 36
64 38
64 47
64 48
64 51
64 54
64 55
64 56
64 57
64 59
64 61
64 62
64 65
64 68
64 74
64 76
64 77
64 81
64 82
64 83
64 86
64 88
64 89
64 93
64 96
64 99
64 105
64 111
64 112
64 115
64 117
64 120
64 124
64 125
64 126
64 127
65 0
65 1
65 2
65 3
65 6
65 8
65 10
65 15
65 17
65 21
65 24
65 26
65 28
65 31
65 33
65 36
65 38
65 47
65 48
65 51
65 54
65 55
65 56
65 57
65 59
65 61
65 62
65 64
65 68
65 74
65 76
65 77
65 81
65 82
65 83
65 86
65 88
65 89
65 93
65 96
65 99
65 105
65 111
65 112
65 115
65 117
65 120
65 124
65 125
65 126
65 127
66 72
68 0
68 1
68 2
68 3
68 6
68 8
68 10
68 15
68 17
68 21
68 24
68 26
68 28
68 31
68 33
68 36
68 38
68 47
68 48
68 51
68 54
68 55
68 56
68 57
68 59
68 61
68 62
68 64
68 65
68 74
68 76
68 77
68 81
68 82
68 83
68 86
68 88
68 89
68 93
68 96
68 99
68 105
68 111
68 112
68 115
68 117
68 120
68 124
68 125
68 126
68 127
70 18
70 60
70 108
72 66
73 44
74 0
74 1
74 2
74 3
74 6
74 8
74 10
74 15
74 17
74 21
74 24
74 26
74 28
74 31
74 33
74 36
74 38
74 47
74 48
74 51
74 54
74 55
74 56
74 57
74 59
74 61
74 62
74 64
74 65
74 68
74 76
74 77
74 81
74 82
74 83
74 86
74 88
74 89
74 93
74 96
74 99
74 105
74 111
74 112
74 115
74 117
74 120
74 124
74 125
74 126
74 127
76 0
76 1
76 2
76 3
76 6
76 8
76 10
76 15
76 17
76 21
76 24
76 26
76 28
76 31
76 33
76 36
76 38
76 47
76 48
76 51
76 54
76 55
76 56
76 57
76 59
76 61
76 62
76 64
76 65
76 68
76 74
76 77
76 81
76 82
76 83
76 86
76 88
76 89
76 93
76 96
76 99
76 105
76 111
76 112
76 115
76 117
76 120
76 124
76 125
76 126
76 127
77 0
77 1
77 2
77 3
77 6
77 8
77 10
77 15
77 17
77 21
77 24
77 26
77 28
77 31
77 33
77 36
77 38
77 47
77 48
77 51
77 54
77 55
77 56
77 57
77 59
77 61
77 62
77 64
77 65
77 68
77 74
77 76
77 81
77 82
77 83
77 86
77 88
77 89
77 93
77 96
77 99
77 105
77 111
77 112
77 115
77 117
77 120
77 124
77 125
77 126
77 127
79 11
79 39
79 103
81 0
81 1
81 2
81 3
81 6
81 8
81 10
81 15
81 17
81 21
81 24
81 26
81 28
81 31
81 33
81 36
81 38
81 47
81 48
81 51
81 54
81 55
81 56
81 57
81 59
81 61
81 62
81 64
81 65
81 68
81 74
81 76
81 77
81 82
81 83
81 86
81 88
81 89
81 93
81 96
81 99
81 105
81 111
81 112
81 115
81 117
81 120
81 124
81 125
81 126
81 127
82 0
82 1
82 2
82 3
82 6
82 8
82 10
82 15
82 17
82 21
82 24
82 26
82 28
82 31
82 33
82 36
82 38
82 47
82 48
82 51
82 54
82 55
82 56
82 57
82 59
82 61
82 62
82 64
82 65
82 68
82 74
82 76
82 77
82 81
82 83
82 86
82 88
82 89
82 93
82 96
82 99
82 105
82 111
82 112
82 115
82 117
82 120
82 124
82 125
82 126
82 127
83 0
83 1
83 2
83 3
83 6
83 8
83 10
83 15
83 17
83 21
83 24
83 26
83 28
83 31
83 33
83 36
83 38
83 47
83 48
83 51
83 54
83 55
83 56
83 57
83 59
83 61
83 62
83 64
83 65
83 68
83 74
83 76
83 77
83 81
83 82
83 86
83 88
83 89
83 93
83 96
83 99
83 105
83 111
83 112
83 115
83 117
83 120
83 124
83 125
83 126
83 127
84 9
84 41
84 45
85 16
85 19
85 52
85 110
85 118
85 123
86 0
86 1
86 2
86 3
86 6
86 8
86 10
86 15
86 17
86 21
86 24
86 26
86 28
86 31
86 33
86 36
86 38
86 47
86 48
86 51
86 54
86 55
86 56
86 57
86 59
86 61
86 62
86 64
86 65
86 68
86 74
86 76
86 77
86 81
86 82
86 83
86 88
86 89
86 93
86 96
86 99
86 105
86 111
86 112
86 115
86 117
86 120
86 124
86 125
86 126
86 127
88 0
88 1
88 2
88 3
88 6
88 8
88 10
88 15
88 17
88 21
88 24
88 26
88 28
88 31
88 33
88 36
88 38
88 47
88 48
88 51
88 54
88 55
88 56
88 57
88 59
88 61
88 62
88 64
88 65
88 68
88 74
88 76
88 77
88 81
88 82
88 83
88 86
88 89
88 93
88 96
88 99
88 105
88 111
88 112
88 115
88 117
88 120
88 124
88 125
88 126
88 127
89 0
89 1
89 2
89 3
89 6
89 8
89 10
89 15
89 17
89 21
89 24
89 26
89 28
89 31
89 33
89 36
89 38
89 47
89 48
89 51
89 54
89 55
89 56
89 57
89 59
89 61
89 62
89 64
89 65
89 68
89 74
89 76
89 77
89 81
89 82
89 83
89 86
89 88
89 93
89 96
89 99
89 105
89 111
89 112
89 115
89 117
89 120
89 124
89 125
89 126
89 127
90 43
90 46
93 0
93 1
93 2
93 3
93 6
93 8
93 10
93 15
93 17
93 21
93 24
93 26
93 28
93 31
93 33
93 36
93 38
93 47
93 48
93 51
93 54
93 55
93 56
93 57
93 59
93 61
93 62
93 64
93 65
93 68
93 74
93 76
93 77
93 81
93 82
93 83
93 86
93 88
93 89
93 96
93 99
93 105
93 111
93 112
93 115
93 117
93 120
93 124
93 125
93 126
93 127
94 106
94 113
96 0
96 1
96 2
96 3
96 6
96 8
96 10
96 15
96 17
96 21
96 24
96 26
96 28
96 31
96 33
96 36
96 38
96 47
96 48
96 51
96 54
96 55
96 56
96 57
96 59
96 61
96 62
96 64
96 65
96 68
96 74
96 76
96 77
96 81
96 82
96 83
96 86
96 88
96 89
96 93
96 99
96 105
96 111
96 112
96 115
96 117
96 120
96 124
96 125
96 126
96 127
97 114
99 0
99 1
99 2
99 3
99 6
99 8
99 10
99 15
99 17
99 21
99 24
99 26
99 28
99 31
99 33
99 36
99 38
99 47
99 48
99 51
99 54
99 55
99 56
99 57
99 59
99 61
99 62
99 64
99 65
99 68
99 74
99 76
99 77
99 81
99 82
99 83
99 86
99 88
99 89
99 93
99 96
99 105
99 111
99 112
99 115
99 117
99 120
99 124
99 125
99 126
99 127
102 27
103 11
103 39
103 79
104 30
105 0
105 1
105 2
105 3
105 6
105 8
105 10
105 15
105 17
105 21
105 24
105 26
105 28
105 31
105 33
105 36
105 38
105 47
105 48
105 51
105 54
105 55
105 56
105 57
105 59
105 61
105 62
105 64
105 65
105 68
105 74
105 76
105 77
105 81
105 82
105 83
105 86
105 88
105 89
105 93
105 96
105 99
105 111
105 112
105 115
105 117
105 120
105 124
105 125
105 126
105 127
106 94
106 113
107 37
108 18
108 60
108 70
110 16
110 19
110 52
110 85
110 118
110 123
111 0
111 1
111 2
111 3
111 6
111 8
111 10
111 15
111 17
111 21
111 24
111 26
111 28
111 31
111 33
111 36
111 38
111 47
111 48
111 51
111 54
111 55
111 56
111 57
111 59
111 61
111 62
111 64
111 65
111 68
111 74
111 76
111 77
111 81
111 82
111 83
111 86
111 88
111 89
111 93
111 96
111 99
111 105
111 112
111 115
111 117
111 120
111 124
111 125
111 126
111 127
112 0
112 1
112 2
112 3
112 6
112 8
112 10
112 15
112 17
112 21
112 24
112 26
112 28
112 31
112 33
112 36
112 38
112 47
112 48
112 51
112 54
112 55
112 56
112 57
112 59
112 61
112 62
112 64
112 65
112 68
112 74
112 76
112 77
112 81
112 82
112 83
112 86
112 88
112 89
112 93
112 96
112 99
112 105
112 111
112 115
112 117
112 120
112 124
112 125
112 126
112 127
113 94
113 106
114 97
115 0
115 1
115 2
115 3
115 6
115 8
115 10
115 15
115 17
115 21
115 24
115 26
115 28
115 31
115 33
115 36
115 38
115 47
115 48
115 51
115 54
115 55
115 56
115 57
115 59
115 61
115 62
115 64
115 65
115 68
115 74
115 76
115 77
115 81
115 82
115 83
115 86
115 88
115 89
115 93
115 96
115 99
115 105
115 111
115 112
115 117
115 120
115 124
115 125
115 126
115 127
117 0
117 1
117 2
117 3
117 6
117 8
117 10
117 15
117 17
117 21
117 24
117 26
117 28
117 31
117 33
117 36
117 38
117 47
117 48
117 51
117 54
117 55
117 56
117 57
117 59
117 61
117 62
117 64
117 65
117 68
117 74
117 76
117 77
117 81
117 82
117 83
117 86
117 88
117 89
117 93
117 96
117 99
117 105
117 111
117 112
117 115
117 120
117 124
117 125
117 126
117 127
118 16
118 19
118 52
118 85
118 110
118 123
120 0
120 1
120 2
120 3
120 6
120 8
120 10
120 15
120 17
120 21
120 24
120 26
120 28
120 31
120 33
120 36
120 38
120 47
120 48
120 51
120 54
120 55
120 56
120 57
120 59
120 61
120 62
120 64
120 65
120 68
120 74
120 76
120 77
120 81
120 82
120 83
120 86
120 88
120 89
120 93
120 96
120 99
120 105
120 111
120 112
120 115
120 117
120 124
120 125
120 126
120 127
121 50
122 4
122 13
122 46
123 16
123 19
123 52
123 85
123 110
123 118
124 0
124 1
124 2
124 3
124 6
124 8
124 10
124 15
124 17
124 21
124 24
124 26
124 28
124 31
124 33
124 36
124 38
124 47
124 48
124 51
124 54
124 55
124 56
124 57
124 59
124 61
124 62
124 64
124 65
124 68
124 74
124 76
124 77
124 81
124 82
124 83
124 86
124 88
124 89
124 93
124 96
124 99
124 105
124 111
124 112
124 115
124 117
124 120
124 125
124 126
124 127
125 0
125 1
125 2
125 3
125 6
125 8
125 10
125 15
125 17
125 21
125 24
125 26
125 28
125 31
125 33
125 36
125 38
125 47
125 48
125 51
125 54
125 55
125 56
125 57
125 59
125 61
125 62
125 64
125 65
125 68
125 74
125 76
125 77
125 81
125 82
125 83
125 86
125 88
125 89
125 93
125 96
125 99
125 105
125 111
125 112
125 115
125 117
125 120
125 124
125 126
125 127
126 0
126 1
126 2
126 3
126 6
126 8
126 10
126 15
126 17
126 21
126 24
126 26
126 28
126 31
126 33
126 36
126 38
126 47
126 48
126 51
126 54
126 55
126 56
126 57
126 59
126 61
126 62
126 64
126 65
126 68
126 74
126 76
126 77
126 81
126 82
126 83
126 86
126 88
126 89
126 93
126 96
126 99
126 105
126 111
126 112
126 115
126 117
126 120
126 124
126 125
126 127
127 0
127 1
127 2
127 3
127 6
127 8
127 10
127 15
127 17
127 21
127 24
127 26
127 28
127 31
127 33
127 36
127 38
127 47
127 48
127 51
127 54
127 55
127 56
127 57
127 59
127 61
127 62
127 64
127 65
127 68
127 74
127 76
127 77
127 81
127 82
127 83
127 86
127 88
127 89
127 93
127 96
127 99
127 105
127 111
127 112
127 115
127 117
127 120
127 124
127 125
127 126
