64 1416
1 2
1 4
1 5
1 6
1 7
1 12
1 13
1 14
1 18
1 20
1 23
1 24
1 25
1 26
1 27
1 29
1 33
1 35
1 37
1 38
1 40
1 41
1 42
1 43
1 45
1 46
1 47
1 48
1 50
1 51
1 52
1 54
1 56
1 59
1 60
1 61
1 62
2 1
2 4
2 5
2 6
2 7
2 12
2 13
2 14
2 18
2 20
2 23
2 24
2 25
2 26
2 27
2 29
2 33
2 35
2 37
2 38
2 40
2 41
2 42
2 43
2 45
2 46
2 47
2 48
2 50
2 51
2 52
2 54
2 56
2 59
2 60
2 61
2 62
4 1
4 2
4 5
4 6
4 7
4 12
4 13
4 14
4 18
4 20
4 23
4 24
4 25
4 26
4 27
4 29
4 33
4 35
4 37
4 38
4 40
4 41
4 42
4 43
4 45
4 46
4 47
4 48
4 50
4 51
4 52
4 54
4 56
4 59
4 60
4 61
4 62
5 1
5 2
5 4
5 6
5 7
5 12
5 13
5 14
5 18
5 20
5 23
5 24
5 25
5 26
5 27
5 29
5 33
5 35
5 37
5 38
5 40
5 41
5 42
5 43
5 45
5 46
5 47
5 48
5 50
5 51
5 52
5 54
5 56
5 59
5 60
5 61
5 62
6 1
6 2
6 4
6 5
6 7
6 12
6 13
6 14
6 18
6 20
6 23
6 24
6 25
6 26
6 27
6 29
6 33
6 35
6 37
6 38
6 40
6 41
6 42
6 43
6 45
6 46
6 47
6 48
6 50
6 51
6 52
6 54
6 56
6 59
6 60
6 61
6 62
7 1
7 2
7 4
7 5
7 6
7 12
7 13
7 14
7 18
7 20
7 23
7 24
7 25
7 26
7 27
7 29
7 33
7 35
7 37
7 38
7 40
7 41
7 42
7 43
7 45
7 46
7 47
7 48
7 50
7 51
7 52
7 54
7 56
7 59
7 60
7 61
7 62
11 32
11 39
12 1
12 2
12 4
12 5
12 6
12 7
12 13
12 14
12 18
12 20
12 23
12 24
12 25
12 26
12 27
12 29
12 33
12 35
12 37
12 38
12 40
12 41
12 42
12 43
12 45
12 46
12 47
12 48
12 50
12 51
12 52
12 54
12 56
12 59
12 60
12 61
12 62
13 1
13 2
13 4
13 5
13 6
13 7
13 12
13 14
13 18
13 20
13 23
13 24
13 25
13 26
13 27
13 29
13 33
13 35
13 37
13 38
13 40
13 41
13 42
13 43
13 45
13 46
13 47
13 48
13 50
13 51
13 52
13 54
13 56
13 59
13 60
13 61
13 62
14 1
14 2
14 4
14 5
14 6
14 7
14 12
14 13
14 18
14 20
14 23
14 24
14 25
14 26
14 27
14 29
14 33
14 35
14 37
14 38
14 40
14 41
14 42
14 43
14 45
14 46
14 47
14 48
14 50
14 51
14 52
14 54
14 56
14 59
14 60
14 61
14 62
16 19
18 1
18 2
18 4
18 5
18 6
18 7
18 12
18 13
18 14
18 20
18 23
18 24
18 25
18 26
18 27
18 29
18 33
18 35
18 37
18 38
18 40
18 41
18 42
18 43
18 45
18 46
18 47
18 48
18 50
18 51
18 52
18 54
18 56
18 59
18 60
18 61
18 62
19 16
20 1
20 2
20 4
20 5
20 6
20 7
20 12
20 13
20 14
20 18
20 23
20 24
20 25
20 26
20 27
20 29
20 33
20 35
20 37
20 38
20 40
20 41
20 42
20 43
20 45
20 46
20 47
20 48
20 50
20 51
20 52
20 54
20 56
20 59
20 60
20 61
20 62
22 63
23 1
23 2
23 4
23 5
23 6
23 7
23 12
23 13
23 14
23 18
23 20
23 24
23 25
23 26
23 27
23 29
23 33
23 35
23 37
23 38
23 40
23 41
23 42
23 43
23 45
23 46
23 47
23 48
23 50
23 51
23 52
23 54
23 56
23 59
23 60
23 61
23 62
24 1
24 2
24 4
24 5
24 6
24 7
24 12
24 13
24 14
24 18
24 20
24 23
24 25
24 26
24 27
24 29
24 33
24 35
24 37
24 38
24 40
24 41
24 42
24 43
24 45
24 46
24 47
24 48
24 50
24 51
24 52
24 54
24 56
24 59
24 60
24 61
24 62
25 1
25 2
25 4
25 5
25 6
25 7
25 12
25 13
25 14
25 18
25 20
25 23
25 24
25 26
25 27
25 29
25 33
25 35
25 37
25 38
25 40
25 41
25 42
25 43
25 45
25 46
25 47
25 48
25 50
25 51
25 52
25 54
25 56
25 59
25 60
25 61
25 62
26 1
26 2
26 4
26 5
26 6
26 7
26 12
26 13
26 14
26 18
26 20
26 23
26 24
26 25
26 27
26 29
26 33
26 35
26 37
26 38
26 40
26 41
26 42
26 43
26 45
26 46
26 47
26 48
26 50
26 51
26 52
26 54
26 56
26 59
26 60
26 61
26 62
27 1
27 2
27 4
27 5
27 6
27 7
27 12
27 13
27 14
27 18
27 20
27 23
27 24
27 25
27 26
27 29
27 33
27 35
27 37
27 38
27 40
27 41
27 42
27 43
27 45
27 46
27 47
27 48
27 50
27 51
27 52
27 54
27 56
27 59
27 60
27 61
27 62
29 1
29 2
29 4
29 5
29 6
29 7
29 12
29 13
29 14
29 18
29 20
29 23
29 24
29 25
29 26
29 27
29 33
29 35
29 37
29 38
29 40
29 41
29 42
29 43
29 45
29 46
29 47
29 48
29 50
29 51
29 52
29 54
29 56
29 59
29 60
29 61
29 62
32 11
32 39
33 1
33 2
33 4
33 5
33 6
33 7
33 12
33 13
33 14
33 18
33 20
33 23
33 24
33 25
33 26
33 27
33 29
33 35
33 37
33 38
33 40
33 41
33 42
33 43
33 45
33 46
33 47
33 48
33 50
33 51
33 52
33 54
33 56
33 59
33 60
33 61
33 62
35 1
35 2
35 4
35 5
35 6
35 7
35 12
35 13
35 14
35 18
35 20
35 23
35 24
35 25
35 26
35 27
35 29
35 33
35 37
35 38
35 40
35 41
35 42
35 43
35 45
35 46
35 47
35 48
35 50
35 51
35 52
35 54
35 56
35 59
35 60
35 61
35 62
37 1
37 2
37 4
37 5
37 6
37 7
37 12
37 13
37 14
37 18
37 20
37 23
37 24
37 25
37 26
37 27
37 29
37 33
37 35
37 38
37 40
37 41
37 42
37 43
37 45
37 46
37 47
37 48
37 50
37 51
37 52
37 54
37 56
37 59
37 60
37 61
37 62
38 1
38 2
38 4
38 5
38 6
38 7
38 12
38 13
38 14
38 18
38 20
38 23
38 24
38 25
38 26
38 27
38 29
38 33
38 35
38 37
38 40
38 41
38 42
38 43
38 45
38 46
38 47
38 48
38 50
38 51
38 52
38 54
38 56
38 59
38 60
38 61
38 62
39 11
39 32
40 1
40 2
40 4
40 5
40 6
40 7
40 12
40 13
40 14
40 18
40 20
40 23
40 24
40 25
40 26
40 27
40 29
40 33
40 35
40 37
40 38
40 41
40 42
40 43
40 45
40 46
40 47
40 48
40 50
40 51
40 52
40 54
40 56
40 59
40 60
40 61
40 62
41 1
41 2
41 4
41 5
41 6
41 7
41 12
41 13
41 14
41 18
41 20
41 23
41 24
41 25
41 26
41 27
41 29
41 33
41 35
41 37
41 38
41 40
41 42
41 43
41 45
41 46
41 47
41 48
41 50
41 51
41 52
41 54
41 56
41 59
41 60
41 61
41 62
42 1
42 2
42 4
42 5
42 6
42 7
42 12
42 13
42 14
42 18
42 20
42 23
42 24
42 25
42 26
42 27
42 29
42 33
42 35
42 37
42 38
42 40
42 41
42 43
42 45
42 46
42 47
42 48
42 50
42 51
42 52
42 54
42 56
42 59
42 60
42 61
42 62
43 1
43 2
43 4
43 5
43 6
43 7
43 12
43 13
43 14
43 18
43 20
43 23
43 24
43 25
43 26
43 27
43 29
43 33
43 35
43 37
43 38
43 40
43 41
43 42
43 45
43 46
43 47
43 48
43 50
43 51
43 52
43 54
43 56
43 59
43 60
43 61
43 62
45 1
45 2
45 4
45 5
45 6
45 7
45 12
45 13
45 14
45 18
45 20
45 23
45 24
45 25
45 26
45 27
45 29
45 33
45 35
45 37
45 38
45 40
45 41
45 42
45 43
45 46
45 47
45 48
45 50
45 51
45 52
45 54
45 56
45 59
45 60
45 61
45 62
46 1
46 2
46 4
46 5
46 6
46 7
46 12
46 13
46 14
46 18
46 20
46 23
46 24
46 25
46 26
46 27
46 29
46 33
46 35
46 37
46 38
46 40
46 41
46 42
46 43
46 45
46 47
46 48
46 50
46 51
46 52
46 54
46 56
46 59
46 60
46 61
46 62
47 1
47 2
47 4
47 5
47 6
47 7
47 12
47 13
47 14
47 18
47 20
47 23
47 24
47 25
47 26
47 27
47 29
47 33
47 35
47 37
47 38
47 40
47 41
47 42
47 43
47 45
47 46
47 48
47 50
47 51
47 52
47 54
47 56
47 59
47 60
47 61
47 62
48 1
48 2
48 4
48 5
48 6
48 7
48 12
48 13
48 14
48 18
48 20
48 23
48 24
48 25
48 26
48 27
48 29
48 33
48 35
48 37
48 38
48 40
48 41
48 42
48 43
48 45
48 46
48 47
48 50
48 51
48 52
48 54
48 56
48 59
48 60
48 61
48 62
50 1
50 2
50 4
50 5
50 6
50 7
50 12
50 13
50 14
50 18
50 20
50 23
50 24
50 25
50 26
50 27
50 29
50 33
50 35
50 37
50 38
50 40
50 41
50 42
50 43
50 45
50 46
50 47
50 48
50 51
50 52
50 54
50 56
50 59
50 60
50 61
50 62
51 1
51 2
51 4
51 5
51 6
51 7
51 12
51 13
51 14
51 18
51 20
51 23
51 24
51 25
51 26
51 27
51 29
51 33
51 35
51 37
51 38
51 40
51 41
51 42
51 43
51 45
51 46
51 47
51 48
51 50
51 52
51 54
51 56
51 59
51 60
51 61
51 62
52 1
52 2
52 4
52 5
52 6
52 7
52 12
52 13
52 14
52 18
52 20
52 23
52 24
52 25
52 26
52 27
52 29
52 33
52 35
52 37
52 38
52 40
52 41
52 42
52 43
52 45
52 46
52 47
52 48
52 50
52 51
52 54
52 56
52 59
52 60
52 61
52 62
54 1
54 2
54 4
54 5
54 6
54 7
54 12
54 13
54 14
54 18
54 20
54 23
54 24
54 25
54 26
54 27
54 29
54 33
54 35
54 37
54 38
54 40
54 41
54 42
54 43
54 45
54 46
54 47
54 48
54 50
54 51
54 52
54 56
54 59
54 60
54 61
54 62
56 1
56 2
56 4
56 5
56 6
56 7
56 12
56 13
56 14
56 18
56 20
56 23
56 24
56 25
56 26
56 27
56 29
56 33
56 35
56 37
56 38
56 40
56 41
56 42
56 43
56 45
56 46
56 47
56 48
56 50
56 51
56 52
56 54
56 59
56 60
56 61
56 62
59 1
59 2
59 4
59 5
59 6
59 7
59 12
59 13
59 14
59 18
59 20
59 23
59 24
59 25
59 26
59 27
59 29
59 33
59 35
59 37
59 38
59 40
59 41
59 42
59 43
59 45
59 46
59 47
59 48
59 50
59 51
59 52
59 54
59 56
59 60
59 61
59 62
60 1
60 2
60 4
60 5
60 6
60 7
60 12
60 13
60 14
60 18
60 20
60 23
60 24
60 25
60 26
60 27
60 29
60 33
60 35
60 37
60 38
60 40
60 41
60 42
60 43
60 45
60 46
60 47
60 48
60 50
60 51
60 52
60 54
60 56
60 59
60 61
60 62
61 1
61 2
61 4
61 5
61 6
61 7
61 12
61 13
61 14
61 18
61 20
61 23
61 24
61 25
61 26
61 27
61 29
61 33
61 35
61 37
61 38
61 40
61 41
61 42
61 43
61 45
61 46
61 47
61 48
61 50
61 51
61 52
61 54
61 56
61 59
61 60
61 62
62 1
62 2
62 4
62 5
62 6
62 7
62 12
62 13
62 14
62 18
62 20
62 23
62 24
62 25
62 26
62 27
62 29
62 33
62 35
62 37
62 38
62 40
62 41
62 42
62 43
62 45
62 46
62 47
62 48
62 50
62 51
62 52
62 54
62 56
62 59
62 60
62 61
63 22
