64 650
1 16
1 23
1 28
1 31
1 33
1 39
1 47
3 8
3 10
3 17
3 19
3 24
3 25
3 26
3 34
3 36
3 42
3 43
3 46
3 55
3 57
3 58
3 60
4 6
4 7
4 13
4 21
4 30
4 35
4 37
4 38
4 40
4 44
4 48
4 49
4 50
4 52
5 11
5 22
5 29
5 45
5 51
5 54
5 56
5 61
5 63
6 4
6 7
6 13
6 21
6 30
6 35
6 37
6 38
6 40
6 44
6 48
6 49
6 50
6 52
7 4
7 6
7 13
7 21
7 30
7 35
7 37
7 38
7 40
7 44
7 48
7 49
7 50
7 52
8 3
8 10
8 17
8 19
8 24
8 25
8 26
8 34
8 36
8 42
8 43
8 46
8 55
8 57
8 58
8 60
9 41
9 62
10 3
10 8
10 17
10 19
10 24
10 25
10 26
10 34
10 36
10 42
10 43
10 46
10 55
10 57
10 58
10 60
11 5
11 22
11 29
11 45
11 51
11 54
11 56
11 61
11 63
12 20
12 32
12 59
13 4
13 6
13 7
13 21
13 30
13 35
13 37
13 38
13 40
13 44
13 48
13 49
13 50
13 52
14 53
15 18
16 1
16 23
16 28
16 31
16 33
16 39
16 47
17 3
17 8
17 10
17 19
17 24
17 25
17 26
17 34
17 36
17 42
17 43
17 46
17 55
17 57
17 58
17 60
18 15
19 3
19 8
19 10
19 17
19 24
19 25
19 26
19 34
19 36
19 42
19 43
19 46
19 55
19 57
19 58
19 60
20 12
20 32
20 59
21 4
21 6
21 7
21 13
21 30
21 35
21 37
21 38
21 40
21 44
21 48
21 49
21 50
21 52
22 5
22 11
22 29
22 45
22 51
22 54
22 56
22 61
22 63
23 1
23 16
23 28
23 31
23 33
23 39
23 47
24 3
24 8
24 10
24 17
24 19
24 25
24 26
24 34
24 36
24 42
24 43
24 46
24 55
24 57
24 58
24 60
25 3
25 8
25 10
25 17
25 19
25 24
25 26
25 34
25 36
25 42
25 43
25 46
25 55
25 57
25 58
25 60
26 3
26 8
26 10
26 17
26 19
26 24
26 25
26 34
26 36
26 42
26 43
26 46
26 55
26 57
26 58
26 60
28 1
28 16
28 23
28 31
28 33
28 39
28 47
29 5
29 11
29 22
29 45
29 51
29 54
29 56
29 61
29 63
30 4
30 6
30 7
30 13
30 21
30 35
30 37
30 38
30 40
30 44
30 48
30 49
30 50
30 52
31 1
31 16
31 23
31 28
31 33
31 39
31 47
32 12
32 20
32 59
33 1
33 16
33 23
33 28
33 31
33 39
33 47
34 3
34 8
34 10
34 17
34 19
34 24
34 25
34 26
34 36
34 42
34 43
34 46
34 55
34 57
34 58
34 60
35 4
35 6
35 7
35 13
35 21
35 30
35 37
35 38
35 40
35 44
35 48
35 49
35 50
35 52
36 3
36 8
36 10
36 17
36 19
36 24
36 25
36 26
36 34
36 42
36 43
36 46
36 55
36 57
36 58
36 60
37 4
37 6
37 7
37 13
37 21
37 30
37 35
37 38
37 40
37 44
37 48
37 49
37 50
37 52
38 4
38 6
38 7
38 13
38 21
38 30
38 35
38 37
38 40
38 44
38 48
38 49
38 50
38 52
39 1
39 16
39 23
39 28
39 31
39 33
39 47
40 4
40 6
40 7
40 13
40 21
40 30
40 35
40 37
40 38
40 44
40 48
40 49
40 50
40 52
41 9
41 62
42 3
42 8
42 10
42 17
42 19
42 24
42 25
42 26
42 34
42 36
42 43
42 46
42 55
42 57
42 58
42 60
43 3
43 8
43 10
43 17
43 19
43 24
43 25
43 26
43 34
43 36
43 42
43 46
43 55
43 57
43 58
43 60
44 4
44 6
44 7
44 13
44 21
44 30
44 35
44 37
44 38
44 40
44 48
44 49
44 50
44 52
45 5
45 11
45 22
45 29
45 51
45 54
45 56
45 61
45 63
46 3
46 8
46 10
46 17
46 19
46 24
46 25
46 26
46 34
46 36
46 42
46 43
46 55
46 57
46 58
46 60
47 1
47 16
47 23
47 28
47 31
47 33
47 39
48 4
48 6
48 7
48 13
48 21
48 30
48 35
48 37
48 38
48 40
48 44
48 49
48 50
48 52
49 4
49 6
49 7
49 13
49 21
49 30
49 35
49 37
49 38
49 40
49 44
49 48
49 50
49 52
50 4
50 6
50 7
50 13
50 21
50 30
50 35
50 37
50 38
50 40
50 44
50 48
50 49
50 52
51 5
51 11
51 22
51 29
51 45
51 54
51 56
51 61
51 63
52 4
52 6
52 7
52 13
52 21
52 30
52 35
52 37
52 38
52 40
52 44
52 48
52 49
52 50
53 14
54 5
54 11
54 22
54 29
54 45
54 51
54 56
54 61
54 63
55 3
55 8
55 10
55 17
55 19
55 24
55 25
55 26
55 34
55 36
55 42
55 43
55 46
55 57
55 58
55 60
56 5
56 11
56 22
56 29
56 45
56 51
56 54
56 61
56 63
57 3
57 8
57 10
57 17
57 19
57 24
57 25
57 26
57 34
57 36
57 42
57 43
57 46
57 55
57 58
57 60
58 3
58 8
58 10
58 17
58 19
58 24
58 25
58 26
58 34
58 36
58 42
58 43
58 46
58 55
58 57
58 60
59 12
59 20
59 32
60 3
60 8
60 10
60 17
60 19
60 24
60 25
60 26
60 34
60 36
60 42
60 43
60 46
60 55
60 57
60 58
61 5
61 11
61 22
61 29
61 45
61 51
61 54
61 56
61 63
62 9
62 41
63 5
63 11
63 22
63 29
63 45
63 51
63 54
63 56
63 61
