32 160
1 3
1 6
1 7
1 12
1 14
1 15
1 17
1 23
1 26
1 27
1 29
1 30
3 1
3 6
3 7
3 12
3 14
3 15
3 17
3 23
3 26
3 27
3 29
3 30
4 13
6 1
6 3
6 7
6 12
6 14
6 15
6 17
6 23
6 26
6 27
6 29
6 30
7 1
7 3
7 6
7 12
7 14
7 15
7 17
7 23
7 26
7 27
7 29
7 30
12 1
12 3
12 6
12 7
12 14
12 15
12 17
12 23
12 26
12 27
12 29
12 30
13 4
14 1
14 3
14 6
14 7
14 12
14 15
14 17
14 23
14 26
14 27
14 29
14 30
15 1
15 3
15 6
15 7
15 12
15 14
15 17
15 23
15 26
15 27
15 29
15 30
16 19
17 1
17 3
17 6
17 7
17 12
17 14
17 15
17 23
17 26
17 27
17 29
17 30
19 16
23 1
23 3
23 6
23 7
23 12
23 14
23 15
23 17
23 26
23 27
23 29
23 30
26 1
26 3
26 6
26 7
26 12
26 14
26 15
26 17
26 23
26 27
26 29
26 30
27 1
27 3
27 6
27 7
27 12
27 14
27 15
27 17
27 23
27 26
27 29
27 30
29 1
29 3
29 6
29 7
29 12
29 14
29 15
29 17
29 23
29 26
29 27
29 30
30 1
30 3
30 6
30 7
30 12
30 14
30 15
30 17
30 23
30 26
30 27
30 29
