64 895
0 3
0 8
0 12
0 14
0 16
0 17
0 18
0 19
0 21
0 22
0 25
0 27
0 28
0 29
0 31
0 35
0 36
0 37
0 38
0 41
0 45
0 50
0 51
0 53
0 54
0 60
0 61
0 62
0 63
1 7
3 0
3 8
3 12
3 14
3 16
3 17
3 18
3 19
3 21
3 22
3 25
3 27
3 28
3 29
3 31
3 35
3 36
3 37
3 38
3 41
3 45
3 50
3 51
3 53
3 54
3 60
3 61
3 62
3 63
4 13
4 56
6 7
6 30
7 6
7 30
8 0
8 3
8 12
8 14
8 16
8 17
8 18
8 19
8 21
8 22
8 25
8 27
8 28
8 29
8 31
8 35
8 36
8 37
8 38
8 41
8 45
8 50
8 51
8 53
8 54
8 60
8 61
8 62
8 63
11 32
11 39
12 0
12 3
12 8
12 14
12 16
12 17
12 18
12 19
12 21
12 22
12 25
12 27
12 28
12 29
12 31
12 35
12 36
12 37
12 38
12 41
12 45
12 50
12 51
12 53
12 54
12 60
12 61
12 62
12 63
13 4
13 56
14 0
14 3
14 8
14 12
14 16
14 17
14 18
14 19
14 21
14 22
14 25
14 27
14 28
14 29
14 31
14 35
14 36
14 37
14 38
14 41
14 45
14 50
14 51
14 53
14 54
14 60
14 61
14 62
14 63
16 0
16 3
16 8
16 12
16 14
16 17
16 18
16 19
16 21
16 22
16 25
16 27
16 28
16 29
16 31
16 35
16 36
16 37
16 38
16 41
16 45
16 50
16 51
16 53
16 54
16 60
16 61
16 62
16 63
17 0
17 3
17 8
17 12
17 14
17 16
17 18
17 19
17 21
17 22
17 25
17 27
17 28
17 29
17 31
17 35
17 36
17 37
17 38
17 41
17 45
17 50
17 51
17 53
17 54
17 60
17 61
17 62
17 63
18 0
18 3
18 8
18 12
18 14
18 16
18 17
18 19
18 21
18 22
18 25
18 27
18 28
18 29
18 31
18 35
18 36
18 37
18 38
18 41
18 45
18 50
18 51
18 53
18 54
18 60
18 61
18 62
18 63
19 0
19 3
19 8
19 12
19 14
19 16
19 17
19 18
19 21
19 22
19 25
19 27
19 28
19 29
19 31
19 35
19 36
19 37
19 38
19 41
19 45
19 50
19 51
19 53
19 54
19 60
19 61
19 62
19 63
20 42
21 0
21 3
21 8
21 12
21 14
21 16
21 17
21 18
21 19
21 22
21 25
21 27
21 28
21 29
21 31
21 35
21 36
21 37
21 38
21 41
21 45
21 50
21 51
21 53
21 54
21 60
21 61
21 62
21 63
22 0
22 3
22 8
22 12
22 14
22 16
22 17
22 18
22 19
22 21
22 25
22 27
22 28
22 29
22 31
22 35
22 36
22 37
22 38
22 41
22 45
22 50
22 51
22 53
22 54
22 60
22 61
22 62
22 63
25 0
25 3
25 8
25 12
25 14
25 16
25 17
25 18
25 19
25 21
25 22
25 27
25 28
25 29
25 31
25 35
25 36
25 37
25 38
25 41
25 45
25 50
25 51
25 53
25 54
25 60
25 61
25 62
25 63
27 0
27 3
27 8
27 12
27 14
27 16
27 17
27 18
27 19
27 21
27 22
27 25
27 28
27 29
27 31
27 35
27 36
27 37
27 38
27 41
27 45
27 50
27 51
27 53
27 54
27 60
27 61
27 62
27 63
28 0
28 3
28 8
28 12
28 14
28 16
28 17
28 18
28 19
28 21
28 22
28 25
28 27
28 29
28 31
28 35
28 36
28 37
28 38
28 41
28 45
28 50
28 51
28 53
28 54
28 60
28 61
28 62
28 63
29 0
29 3
29 8
29 12
29 14
29 16
29 17
29 18
29 19
29 21
29 22
29 25
29 27
29 28
29 31
29 35
29 36
29 37
29 38
29 41
29 45
29 50
29 51
29 53
29 54
29 60
29 61
29 62
29 63
30 6
30 7
31 0
31 3
31 8
31 12
31 14
31 16
31 17
31 18
31 19
31 21
31 22
31 25
31 27
31 28
31 29
31 35
31 36
31 37
31 38
31 41
31 45
31 50
31 51
31 53
31 54
31 60
31 61
31 62
31 63
32 11
32 39
33 48
35 0
35 3
35 8
35 12
35 14
35 16
35 17
35 18
35 19
35 21
35 22
35 25
35 27
35 28
35 29
35 31
35 36
35 37
35 38
35 41
35 45
35 50
35 51
35 53
35 54
35 60
35 61
35 62
35 63
36 0
36 3
36 8
36 12
36 14
36 16
36 17
36 18
36 19
36 21
36 22
36 25
36 27
36 28
36 29
36 31
36 35
36 37
36 38
36 41
36 45
36 50
36 51
36 53
36 54
36 60
36 61
36 62
36 63
37 0
37 3
37 8
37 12
37 14
37 16
37 17
37 18
37 19
37 21
37 22
37 25
37 27
37 28
37 29
37 31
37 35
37 36
37 38
37 41
37 45
37 50
37 51
37 53
37 54
37 60
37 61
37 62
37 63
38 0
38 3
38 8
38 12
38 14
38 16
38 17
38 18
38 19
38 21
38 22
38 25
38 27
38 28
38 29
38 31
38 35
38 36
38 37
38 41
38 45
38 50
38 51
38 53
38 54
38 60
38 61
38 62
38 63
39 11
39 32
41 0
41 3
41 8
41 12
41 14
41 16
41 17
41 18
41 19
41 21
41 22
41 25
41 27
41 28
41 29
41 31
41 35
41 36
41 37
41 38
41 45
41 50
41 51
41 53
41 54
41 60
41 61
41 62
41 63
42 20
43 46
45 0
45 3
45 8
45 12
45 14
45 16
45 17
45 18
45 19
45 21
45 22
45 25
45 27
45 28
45 29
45 31
45 35
45 36
45 37
45 38
45 41
45 50
45 51
45 53
45 54
45 60
45 61
45 62
45 63
46 43
48 33
50 0
50 3
50 8
50 12
50 14
50 16
50 17
50 18
50 19
50 21
50 22
50 25
50 27
50 28
50 29
50 31
50 35
50 36
50 37
50 38
50 41
50 45
50 51
50 53
50 54
50 60
50 61
50 62
50 63
51 0
51 3
51 8
51 12
51 14
51 16
51 17
51 18
51 19
51 21
51 22
51 25
51 27
51 28
51 29
51 31
51 35
51 36
51 37
51 38
51 41
51 45
51 50
51 53
51 54
51 60
51 61
51 62
51 63
53 0
53 3
53 8
53 12
53 14
53 16
53 17
53 18
53 19
53 21
53 22
53 25
53 27
53 28
53 29
53 31
53 35
53 36
53 37
53 38
53 41
53 45
53 50
53 51
53 54
53 60
53 61
53 62
53 63
54 0
54 3
54 8
54 12
54 14
54 16
54 17
54 18
54 19
54 21
54 22
54 25
54 27
54 28
54 29
54 31
54 35
54 36
54 37
54 38
54 41
54 45
54 50
54 51
54 53
54 60
54 61
54 62
54 63
56 4
56 13
60 0
60 3
60 8
60 12
60 14
60 16
60 17
60 18
60 19
60 21
60 22
60 25
60 27
60 28
60 29
60 31
60 35
60 36
60 37
60 38
60 41
60 45
60 50
60 51
60 53
60 54
60 61
60 62
60 63
61 0
61 3
61 8
61 12
61 14
61 16
61 17
61 18
61 19
61 21
61 22
61 25
61 27
61 28
61 29
61 31
61 35
61 36
61 37
61 38
61 41
61 45
61 50
61 51
61 53
61 54
61 60
61 62
61 63
62 0
62 3
62 8
62 12
62 14
62 16
62 17
62 18
62 19
62 21
62 22
62 25
62 27
62 28
62 29
62 31
62 35
62 36
62 37
62 38
62 41
62 45
62 50
62 51
62 53
62 54
62 60
62 61
62 63
63 0
63 3
63 8
63 12
63 14
63 16
63 17
63 18
63 19
63 21
63 22
63 25
63 27
63 28
63 29
63 31
63 35
63 36
63 37
63 38
63 41
63 45
63 50
63 51
63 53
63 54
63 60
63 61
63 62
