256 12675
0 26
2 27
2 102
2 111
2 168
2 222
3 4
3 5
3 6
3 8
3 9
3 10
3 11
3 13
3 15
3 16
3 19
3 21
3 22
3 25
3 29
3 31
3 32
3 34
3 36
3 39
3 40
3 43
3 44
3 46
3 47
3 52
3 56
3 58
3 59
3 61
3 63
3 65
3 67
3 69
3 71
3 73
3 77
3 78
3 79
3 81
3 85
3 88
3 89
3 90
3 92
3 96
3 97
3 98
3 100
3 103
3 107
3 110
3 112
3 114
3 116
3 120
3 122
3 125
3 128
3 130
3 131
3 136
3 138
3 139
3 142
3 146
3 147
3 156
3 157
3 158
3 159
3 161
3 162
3 164
3 165
3 166
3 167
3 169
3 170
3 173
3 175
3 176
3 178
3 180
3 182
3 189
3 190
3 194
3 196
3 200
3 203
3 205
3 209
3 213
3 215
3 218
3 230
3 233
3 234
3 236
3 237
3 240
3 241
3 242
3 244
3 245
3 250
3 251
3 253
3 254
4 3
4 5
4 6
4 8
4 9
4 10
4 11
4 13
4 15
4 16
4 19
4 21
4 22
4 25
4 29
4 31
4 32
4 34
4 36
4 39
4 40
4 43
4 44
4 46
4 47
4 52
4 56
4 58
4 59
4 61
4 63
4 65
4 67
4 69
4 71
4 73
4 77
4 78
4 79
4 81
4 85
4 88
4 89
4 90
4 92
4 96
4 97
4 98
4 100
4 103
4 107
4 110
4 112
4 114
4 116
4 120
4 122
4 125
4 128
4 130
4 131
4 136
4 138
4 139
4 142
4 146
4 147
4 156
4 157
4 158
4 159
4 161
4 162
4 164
4 165
4 166
4 167
4 169
4 170
4 173
4 175
4 176
4 178
4 180
4 182
4 189
4 190
4 194
4 196
4 200
4 203
4 205
4 209
4 213
4 215
4 218
4 230
4 233
4 234
4 236
4 237
4 240
4 241
4 242
4 244
4 245
4 250
4 251
4 253
4 254
5 3
5 4
5 6
5 8
5 9
5 10
5 11
5 13
5 15
5 16
5 19
5 21
5 22
5 25
5 29
5 31
5 32
5 34
5 36
5 39
5 40
5 43
5 44
5 46
5 47
5 52
5 56
5 58
5 59
5 61
5 63
5 65
5 67
5 69
5 71
5 73
5 77
5 78
5 79
5 81
5 85
5 88
5 89
5 90
5 92
5 96
5 97
5 98
5 100
5 103
5 107
5 110
5 112
5 114
5 116
5 120
5 122
5 125
5 128
5 130
5 131
5 136
5 138
5 139
5 142
5 146
5 147
5 156
5 157
5 158
5 159
5 161
5 162
5 164
5 165
5 166
5 167
5 169
5 170
5 173
5 175
5 176
5 178
5 180
5 182
5 189
5 190
5 194
5 196
5 200
5 203
5 205
5 209
5 213
5 215
5 218
5 230
5 233
5 234
5 236
5 237
5 240
5 241
5 242
5 244
5 245
5 250
5 251
5 253
5 254
6 3
6 4
6 5
6 8
6 9
6 10
6 11
6 13
6 15
6 16
6 19
6 21
6 22
6 25
6 29
6 31
6 32
6 34
6 36
6 39
6 40
6 43
6 44
6 46
6 47
6 52
6 56
6 58
6 59
6 61
6 63
6 65
6 67
6 69
6 71
6 73
6 77
6 78
6 79
6 81
6 85
6 88
6 89
6 90
6 92
6 96
6 97
6 98
6 100
6 103
6 107
6 110
6 112
6 114
6 116
6 120
6 122
6 125
6 128
6 130
6 131
6 136
6 138
6 139
6 142
6 146
6 147
6 156
6 157
6 158
6 159
6 161
6 162
6 164
6 165
6 166
6 167
6 169
6 170
6 173
6 175
6 176
6 178
6 180
6 182
6 189
6 190
6 194
6 196
6 200
6 203
6 205
6 209
6 213
6 215
6 218
6 230
6 233
6 234
6 236
6 237
6 240
6 241
6 242
6 244
6 245
6 250
6 251
6 253
6 254
8 3
8 4
8 5
8 6
8 9
8 10
8 11
8 13
8 15
8 16
8 19
8 21
8 22
8 25
8 29
8 31
8 32
8 34
8 36
8 39
8 40
8 43
8 44
8 46
8 47
8 52
8 56
8 58
8 59
8 61
8 63
8 65
8 67
8 69
8 71
8 73
8 77
8 78
8 79
8 81
8 85
8 88
8 89
8 90
8 92
8 96
8 97
8 98
8 100
8 103
8 107
8 110
8 112
8 114
8 116
8 120
8 122
8 125
8 128
8 130
8 131
8 136
8 138
8 139
8 142
8 146
8 147
8 156
8 157
8 158
8 159
8 161
8 162
8 164
8 165
8 166
8 167
8 169
8 170
8 173
8 175
8 176
8 178
8 180
8 182
8 189
8 190
8 194
8 196
8 200
8 203
8 205
8 209
8 213
8 215
8 218
8 230
8 233
8 234
8 236
8 237
8 240
8 241
8 242
8 244
8 245
8 250
8 251
8 253
8 254
9 3
9 4
9 5
9 6
9 8
9 10
9 11
9 13
9 15
9 16
9 19
9 21
9 22
9 25
9 29
9 31
9 32
9 34
9 36
9 39
9 40
9 43
9 44
9 46
9 47
9 52
9 56
9 58
9 59
9 61
9 63
9 65
9 67
9 69
9 71
9 73
9 77
9 78
9 79
9 81
9 85
9 88
9 89
9 90
9 92
9 96
9 97
9 98
9 100
9 103
9 107
9 110
9 112
9 114
9 116
9 120
9 122
9 125
9 128
9 130
9 131
9 136
9 138
9 139
9 142
9 146
9 147
9 156
9 157
9 158
9 159
9 161
9 162
9 164
9 165
9 166
9 167
9 169
9 170
9 173
9 175
9 176
9 178
9 180
9 182
9 189
9 190
9 194
9 196
9 200
9 203
9 205
9 209
9 213
9 215
9 218
9 230
9 233
9 234
9 236
9 237
9 240
9 241
9 242
9 244
9 245
9 250
9 251
9 253
9 254
10 3
10 4
10 5
10 6
10 8
10 9
10 11
10 13
10 15
10 16
10 19
10 21
10 22
10 25
10 29
10 31
10 32
10 34
10 36
10 39
10 40
10 43
10 44
10 46
10 47
10 52
10 56
10 58
10 59
10 61
10 63
10 65
10 67
10 69
10 71
10 73
10 77
10 78
10 79
10 81
10 85
10 88
10 89
10 90
10 92
10 96
10 97
10 98
10 100
10 103
10 107
10 110
10 112
10 114
10 116
10 120
10 122
10 125
10 128
10 130
10 131
10 136
10 138
10 139
10 142
10 146
10 147
10 156
10 157
10 158
10 159
10 161
10 162
10 164
10 165
10 166
10 167
10 169
10 170
10 173
10 175
10 176
10 178
10 180
10 182
10 189
10 190
10 194
10 196
10 200
10 203
10 205
10 209
10 213
10 215
10 218
10 230
10 233
10 234
10 236
10 237
10 240
10 241
10 242
10 244
10 245
10 250
10 251
10 253
10 254
11 3
11 4
11 5
11 6
11 8
11 9
11 10
11 13
11 15
11 16
11 19
11 21
11 22
11 25
11 29
11 31
11 32
11 34
11 36
11 39
11 40
11 43
11 44
11 46
11 47
11 52
11 56
11 58
11 59
11 61
11 63
11 65
11 67
11 69
11 71
11 73
11 77
11 78
11 79
11 81
11 85
11 88
11 89
11 90
11 92
11 96
11 97
11 98
11 100
11 103
11 107
11 110
11 112
11 114
11 116
11 120
11 122
11 125
11 128
11 130
11 131
11 136
11 138
11 139
11 142
11 146
11 147
11 156
11 157
11 158
11 159
11 161
11 162
11 164
11 165
11 166
11 167
11 169
11 170
11 173
11 175
11 176
11 178
11 180
11 182
11 189
11 190
11 194
11 196
11 200
11 203
11 205
11 209
11 213
11 215
11 218
11 230
11 233
11 234
11 236
11 237
11 240
11 241
11 242
11 244
11 245
11 250
11 251
11 253
11 254
13 3
13 4
13 5
13 6
13 8
13 9
13 10
13 11
13 15
13 16
13 19
13 21
13 22
13 25
13 29
13 31
13 32
13 34
13 36
13 39
13 40
13 43
13 44
13 46
13 47
13 52
13 56
13 58
13 59
13 61
13 63
13 65
13 67
13 69
13 71
13 73
13 77
13 78
13 79
13 81
13 85
13 88
13 89
13 90
13 92
13 96
13 97
13 98
13 100
13 103
13 107
13 110
13 112
13 114
13 116
13 120
13 122
13 125
13 128
13 130
13 131
13 136
13 138
13 139
13 142
13 146
13 147
13 156
13 157
13 158
13 159
13 161
13 162
13 164
13 165
13 166
13 167
13 169
13 170
13 173
13 175
13 176
13 178
13 180
13 182
13 189
13 190
13 194
13 196
13 200
13 203
13 205
13 209
13 213
13 215
13 218
13 230
13 233
13 234
13 236
13 237
13 240
13 241
13 242
13 244
13 245
13 250
13 251
13 253
13 254
14 35
14 129
14 132
14 143
14 144
14 149
14 201
14 214
14 219
14 224
14 225
15 3
15 4
15 5
15 6
15 8
15 9
15 10
15 11
15 13
15 16
15 19
15 21
15 22
15 25
15 29
15 31
15 32
15 34
15 36
15 39
15 40
15 43
15 44
15 46
15 47
15 52
15 56
15 58
15 59
15 61
15 63
15 65
15 67
15 69
15 71
15 73
15 77
15 78
15 79
15 81
15 85
15 88
15 89
15 90
15 92
15 96
15 97
15 98
15 100
15 103
15 107
15 110
15 112
15 114
15 116
15 120
15 122
15 125
15 128
15 130
15 131
15 136
15 138
15 139
15 142
15 146
15 147
15 156
15 157
15 158
15 159
15 161
15 162
15 164
15 165
15 166
15 167
15 169
15 170
15 173
15 175
15 176
15 178
15 180
15 182
15 189
15 190
15 194
15 196
15 200
15 203
15 205
15 209
15 213
15 215
15 218
15 230
15 233
15 234
15 236
15 237
15 240
15 241
15 242
15 244
15 245
15 250
15 251
15 253
15 254
16 3
16 4
16 5
16 6
16 8
16 9
16 10
16 11
16 13
16 15
16 19
16 21
16 22
16 25
16 29
16 31
16 32
16 34
16 36
16 39
16 40
16 43
16 44
16 46
16 47
16 52
16 56
16 58
16 59
16 61
16 63
16 65
16 67
16 69
16 71
16 73
16 77
16 78
16 79
16 81
16 85
16 88
16 89
16 90
16 92
16 96
16 97
16 98
16 100
16 103
16 107
16 110
16 112
16 114
16 116
16 120
16 122
16 125
16 128
16 130
16 131
16 136
16 138
16 139
16 142
16 146
16 147
16 156
16 157
16 158
16 159
16 161
16 162
16 164
16 165
16 166
16 167
16 169
16 170
16 173
16 175
16 176
16 178
16 180
16 182
16 189
16 190
16 194
16 196
16 200
16 203
16 205
16 209
16 213
16 215
16 218
16 230
16 233
16 234
16 236
16 237
16 240
16 241
16 242
16 244
16 245
16 250
16 251
16 253
16 254
17 238
18 41
18 45
18 70
18 84
18 108
18 133
18 152
18 185
18 191
18 226
18 232
19 3
19 4
19 5
19 6
19 8
19 9
19 10
19 11
19 13
19 15
19 16
19 21
19 22
19 25
19 29
19 31
19 32
19 34
19 36
19 39
19 40
19 43
19 44
19 46
19 47
19 52
19 56
19 58
19 59
19 61
19 63
19 65
19 67
19 69
19 71
19 73
19 77
19 78
19 79
19 81
19 85
19 88
19 89
19 90
19 92
19 96
19 97
19 98
19 100
19 103
19 107
19 110
19 112
19 114
19 116
19 120
19 122
19 125
19 128
19 130
19 131
19 136
19 138
19 139
19 142
19 146
19 147
19 156
19 157
19 158
19 159
19 161
19 162
19 164
19 165
19 166
19 167
19 169
19 170
19 173
19 175
19 176
19 178
19 180
19 182
19 189
19 190
19 194
19 196
19 200
19 203
19 205
19 209
19 213
19 215
19 218
19 230
19 233
19 234
19 236
19 237
19 240
19 241
19 242
19 244
19 245
19 250
19 251
19 253
19 254
20 42
21 3
21 4
21 5
21 6
21 8
21 9
21 10
21 11
21 13
21 15
21 16
21 19
21 22
21 25
21 29
21 31
21 32
21 34
21 36
21 39
21 40
21 43
21 44
21 46
21 47
21 52
21 56
21 58
21 59
21 61
21 63
21 65
21 67
21 69
21 71
21 73
21 77
21 78
21 79
21 81
21 85
21 88
21 89
21 90
21 92
21 96
21 97
21 98
21 100
21 103
21 107
21 110
21 112
21 114
21 116
21 120
21 122
21 125
21 128
21 130
21 131
21 136
21 138
21 139
21 142
21 146
21 147
21 156
21 157
21 158
21 159
21 161
21 162
21 164
21 165
21 166
21 167
21 169
21 170
21 173
21 175
21 176
21 178
21 180
21 182
21 189
21 190
21 194
21 196
21 200
21 203
21 205
21 209
21 213
21 215
21 218
21 230
21 233
21 234
21 236
21 237
21 240
21 241
21 242
21 244
21 245
21 250
21 251
21 253
21 254
22 3
22 4
22 5
22 6
22 8
22 9
22 10
22 11
22 13
22 15
22 16
22 19
22 21
22 25
22 29
22 31
22 32
22 34
22 36
22 39
22 40
22 43
22 44
22 46
22 47
22 52
22 56
22 58
22 59
22 61
22 63
22 65
22 67
22 69
22 71
22 73
22 77
22 78
22 79
22 81
22 85
22 88
22 89
22 90
22 92
22 96
22 97
22 98
22 100
22 103
22 107
22 110
22 112
22 114
22 116
22 120
22 122
22 125
22 128
22 130
22 131
22 136
22 138
22 139
22 142
22 146
22 147
22 156
22 157
22 158
22 159
22 161
22 162
22 164
22 165
22 166
22 167
22 169
22 170
22 173
22 175
22 176
22 178
22 180
22 182
22 189
22 190
22 194
22 196
22 200
22 203
22 205
22 209
22 213
22 215
22 218
22 230
22 233
22 234
22 236
22 237
22 240
22 241
22 242
22 244
22 245
22 250
22 251
22 253
22 254
24 188
25 3
25 4
25 5
25 6
25 8
25 9
25 10
25 11
25 13
25 15
25 16
25 19
25 21
25 22
25 29
25 31
25 32
25 34
25 36
25 39
25 40
25 43
25 44
25 46
25 47
25 52
25 56
25 58
25 59
25 61
25 63
25 65
25 67
25 69
25 71
25 73
25 77
25 78
25 79
25 81
25 85
25 88
25 89
25 90
25 92
25 96
25 97
25 98
25 100
25 103
25 107
25 110
25 112
25 114
25 116
25 120
25 122
25 125
25 128
25 130
25 131
25 136
25 138
25 139
25 142
25 146
25 147
25 156
25 157
25 158
25 159
25 161
25 162
25 164
25 165
25 166
25 167
25 169
25 170
25 173
25 175
25 176
25 178
25 180
25 182
25 189
25 190
25 194
25 196
25 200
25 203
25 205
25 209
25 213
25 215
25 218
25 230
25 233
25 234
25 236
25 237
25 240
25 241
25 242
25 244
25 245
25 250
25 251
25 253
25 254
26 0
27 2
27 102
27 111
27 168
27 222
29 3
29 4
29 5
29 6
29 8
29 9
29 10
29 11
29 13
29 15
29 16
29 19
29 21
29 22
29 25
29 31
29 32
29 34
29 36
29 39
29 40
29 43
29 44
29 46
29 47
29 52
29 56
29 58
29 59
29 61
29 63
29 65
29 67
29 69
29 71
29 73
29 77
29 78
29 79
29 81
29 85
29 88
29 89
29 90
29 92
29 96
29 97
29 98
29 100
29 103
29 107
29 110
29 112
29 114
29 116
29 120
29 122
29 125
29 128
29 130
29 131
29 136
29 138
29 139
29 142
29 146
29 147
29 156
29 157
29 158
29 159
29 161
29 162
29 164
29 165
29 166
29 167
29 169
29 170
29 173
29 175
29 176
29 178
29 180
29 182
29 189
29 190
29 194
29 196
29 200
29 203
29 205
29 209
29 213
29 215
29 218
29 230
29 233
29 234
29 236
29 237
29 240
29 241
29 242
29 244
29 245
29 250
29 251
29 253
29 254
30 104
31 3
31 4
31 5
31 6
31 8
31 9
31 10
31 11
31 13
31 15
31 16
31 19
31 21
31 22
31 25
31 29
31 32
31 34
31 36
31 39
31 40
31 43
31 44
31 46
31 47
31 52
31 56
31 58
31 59
31 61
31 63
31 65
31 67
31 69
31 71
31 73
31 77
31 78
31 79
31 81
31 85
31 88
31 89
31 90
31 92
31 96
31 97
31 98
31 100
31 103
31 107
31 110
31 112
31 114
31 116
31 120
31 122
31 125
31 128
31 130
31 131
31 136
31 138
31 139
31 142
31 146
31 147
31 156
31 157
31 158
31 159
31 161
31 162
31 164
31 165
31 166
31 167
31 169
31 170
31 173
31 175
31 176
31 178
31 180
31 182
31 189
31 190
31 194
31 196
31 200
31 203
31 205
31 209
31 213
31 215
31 218
31 230
31 233
31 234
31 236
31 237
31 240
31 241
31 242
31 244
31 245
31 250
31 251
31 253
31 254
32 3
32 4
32 5
32 6
32 8
32 9
32 10
32 11
32 13
32 15
32 16
32 19
32 21
32 22
32 25
32 29
32 31
32 34
32 36
32 39
32 40
32 43
32 44
32 46
32 47
32 52
32 56
32 58
32 59
32 61
32 63
32 65
32 67
32 69
32 71
32 73
32 77
32 78
32 79
32 81
32 85
32 88
32 89
32 90
32 92
32 96
32 97
32 98
32 100
32 103
32 107
32 110
32 112
32 114
32 116
32 120
32 122
32 125
32 128
32 130
32 131
32 136
32 138
32 139
32 142
32 146
32 147
32 156
32 157
32 158
32 159
32 161
32 162
32 164
32 165
32 166
32 167
32 169
32 170
32 173
32 175
32 176
32 178
32 180
32 182
32 189
32 190
32 194
32 196
32 200
32 203
32 205
32 209
32 213
32 215
32 218
32 230
32 233
32 234
32 236
32 237
32 240
32 241
32 242
32 244
32 245
32 250
32 251
32 253
32 254
33 48
33 193
34 3
34 4
34 5
34 6
34 8
34 9
34 10
34 11
34 13
34 15
34 16
34 19
34 21
34 22
34 25
34 29
34 31
34 32
34 36
34 39
34 40
34 43
34 44
34 46
34 47
34 52
34 56
34 58
34 59
34 61
34 63
34 65
34 67
34 69
34 71
34 73
34 77
34 78
34 79
34 81
34 85
34 88
34 89
34 90
34 92
34 96
34 97
34 98
34 100
34 103
34 107
34 110
34 112
34 114
34 116
34 120
34 122
34 125
34 128
34 130
34 131
34 136
34 138
34 139
34 142
34 146
34 147
34 156
34 157
34 158
34 159
34 161
34 162
34 164
34 165
34 166
34 167
34 169
34 170
34 173
34 175
34 176
34 178
34 180
34 182
34 189
34 190
34 194
34 196
34 200
34 203
34 205
34 209
34 213
34 215
34 218
34 230
34 233
34 234
34 236
34 237
34 240
34 241
34 242
34 244
34 245
34 250
34 251
34 253
34 254
35 14
35 129
35 132
35 143
35 144
35 149
35 201
35 214
35 219
35 224
35 225
36 3
36 4
36 5
36 6
36 8
36 9
36 10
36 11
36 13
36 15
36 16
36 19
36 21
36 22
36 25
36 29
36 31
36 32
36 34
36 39
36 40
36 43
36 44
36 46
36 47
36 52
36 56
36 58
36 59
36 61
36 63
36 65
36 67
36 69
36 71
36 73
36 77
36 78
36 79
36 81
36 85
36 88
36 89
36 90
36 92
36 96
36 97
36 98
36 100
36 103
36 107
36 110
36 112
36 114
36 116
36 120
36 122
36 125
36 128
36 130
36 131
36 136
36 138
36 139
36 142
36 146
36 147
36 156
36 157
36 158
36 159
36 161
36 162
36 164
36 165
36 166
36 167
36 169
36 170
36 173
36 175
36 176
36 178
36 180
36 182
36 189
36 190
36 194
36 196
36 200
36 203
36 205
36 209
36 213
36 215
36 218
36 230
36 233
36 234
36 236
36 237
36 240
36 241
36 242
36 244
36 245
36 250
36 251
36 253
36 254
37 160
37 228
38 62
39 3
39 4
39 5
39 6
39 8
39 9
39 10
39 11
39 13
39 15
39 16
39 19
39 21
39 22
39 25
39 29
39 31
39 32
39 34
39 36
39 40
39 43
39 44
39 46
39 47
39 52
39 56
39 58
39 59
39 61
39 63
39 65
39 67
39 69
39 71
39 73
39 77
39 78
39 79
39 81
39 85
39 88
39 89
39 90
39 92
39 96
39 97
39 98
39 100
39 103
39 107
39 110
39 112
39 114
39 116
39 120
39 122
39 125
39 128
39 130
39 131
39 136
39 138
39 139
39 142
39 146
39 147
39 156
39 157
39 158
39 159
39 161
39 162
39 164
39 165
39 166
39 167
39 169
39 170
39 173
39 175
39 176
39 178
39 180
39 182
39 189
39 190
39 194
39 196
39 200
39 203
39 205
39 209
39 213
39 215
39 218
39 230
39 233
39 234
39 236
39 237
39 240
39 241
39 242
39 244
39 245
39 250
39 251
39 253
39 254
40 3
40 4
40 5
40 6
40 8
40 9
40 10
40 11
40 13
40 15
40 16
40 19
40 21
40 22
40 25
40 29
40 31
40 32
40 34
40 36
40 39
40 43
40 44
40 46
40 47
40 52
40 56
40 58
40 59
40 61
40 63
40 65
40 67
40 69
40 71
40 73
40 77
40 78
40 79
40 81
40 85
40 88
40 89
40 90
40 92
40 96
40 97
40 98
40 100
40 103
40 107
40 110
40 112
40 114
40 116
40 120
40 122
40 125
40 128
40 130
40 131
40 136
40 138
40 139
40 142
40 146
40 147
40 156
40 157
40 158
40 159
40 161
40 162
40 164
40 165
40 166
40 167
40 169
40 170
40 173
40 175
40 176
40 178
40 180
40 182
40 189
40 190
40 194
40 196
40 200
40 203
40 205
40 209
40 213
40 215
40 218
40 230
40 233
40 234
40 236
40 237
40 240
40 241
40 242
40 244
40 245
40 250
40 251
40 253
40 254
41 18
41 45
41 70
41 84
41 108
41 133
41 152
41 185
41 191
41 226
41 232
42 20
43 3
43 4
43 5
43 6
43 8
43 9
43 10
43 11
43 13
43 15
43 16
43 19
43 21
43 22
43 25
43 29
43 31
43 32
43 34
43 36
43 39
43 40
43 44
43 46
43 47
43 52
43 56
43 58
43 59
43 61
43 63
43 65
43 67
43 69
43 71
43 73
43 77
43 78
43 79
43 81
43 85
43 88
43 89
43 90
43 92
43 96
43 97
43 98
43 100
43 103
43 107
43 110
43 112
43 114
43 116
43 120
43 122
43 125
43 128
43 130
43 131
43 136
43 138
43 139
43 142
43 146
43 147
43 156
43 157
43 158
43 159
43 161
43 162
43 164
43 165
43 166
43 167
43 169
43 170
43 173
43 175
43 176
43 178
43 180
43 182
43 189
43 190
43 194
43 196
43 200
43 203
43 205
43 209
43 213
43 215
43 218
43 230
43 233
43 234
43 236
43 237
43 240
43 241
43 242
43 244
43 245
43 250
43 251
43 253
43 254
44 3
44 4
44 5
44 6
44 8
44 9
44 10
44 11
44 13
44 15
44 16
44 19
44 21
44 22
44 25
44 29
44 31
44 32
44 34
44 36
44 39
44 40
44 43
44 46
44 47
44 52
44 56
44 58
44 59
44 61
44 63
44 65
44 67
44 69
44 71
44 73
44 77
44 78
44 79
44 81
44 85
44 88
44 89
44 90
44 92
44 96
44 97
44 98
44 100
44 103
44 107
44 110
44 112
44 114
44 116
44 120
44 122
44 125
44 128
44 130
44 131
44 136
44 138
44 139
44 142
44 146
44 147
44 156
44 157
44 158
44 159
44 161
44 162
44 164
44 165
44 166
44 167
44 169
44 170
44 173
44 175
44 176
44 178
44 180
44 182
44 189
44 190
44 194
44 196
44 200
44 203
44 205
44 209
44 213
44 215
44 218
44 230
44 233
44 234
44 236
44 237
44 240
44 241
44 242
44 244
44 245
44 250
44 251
44 253
44 254
45 18
45 41
45 70
45 84
45 108
45 133
45 152
45 185
45 191
45 226
45 232
46 3
46 4
46 5
46 6
46 8
46 9
46 10
46 11
46 13
46 15
46 16
46 19
46 21
46 22
46 25
46 29
46 31
46 32
46 34
46 36
46 39
46 40
46 43
46 44
46 47
46 52
46 56
46 58
46 59
46 61
46 63
46 65
46 67
46 69
46 71
46 73
46 77
46 78
46 79
46 81
46 85
46 88
46 89
46 90
46 92
46 96
46 97
46 98
46 100
46 103
46 107
46 110
46 112
46 114
46 116
46 120
46 122
46 125
46 128
46 130
46 131
46 136
46 138
46 139
46 142
46 146
46 147
46 156
46 157
46 158
46 159
46 161
46 162
46 164
46 165
46 166
46 167
46 169
46 170
46 173
46 175
46 176
46 178
46 180
46 182
46 189
46 190
46 194
46 196
46 200
46 203
46 205
46 209
46 213
46 215
46 218
46 230
46 233
46 234
46 236
46 237
46 240
46 241
46 242
46 244
46 245
46 250
46 251
46 253
46 254
47 3
47 4
47 5
47 6
47 8
47 9
47 10
47 11
47 13
47 15
47 16
47 19
47 21
47 22
47 25
47 29
47 31
47 32
47 34
47 36
47 39
47 40
47 43
47 44
47 46
47 52
47 56
47 58
47 59
47 61
47 63
47 65
47 67
47 69
47 71
47 73
47 77
47 78
47 79
47 81
47 85
47 88
47 89
47 90
47 92
47 96
47 97
47 98
47 100
47 103
47 107
47 110
47 112
47 114
47 116
47 120
47 122
47 125
47 128
47 130
47 131
47 136
47 138
47 139
47 142
47 146
47 147
47 156
47 157
47 158
47 159
47 161
47 162
47 164
47 165
47 166
47 167
47 169
47 170
47 173
47 175
47 176
47 178
47 180
47 182
47 189
47 190
47 194
47 196
47 200
47 203
47 205
47 209
47 213
47 215
47 218
47 230
47 233
47 234
47 236
47 237
47 240
47 241
47 242
47 244
47 245
47 250
47 251
47 253
47 254
48 33
48 193
50 121
50 212
50 217
51 83
51 145
52 3
52 4
52 5
52 6
52 8
52 9
52 10
52 11
52 13
52 15
52 16
52 19
52 21
52 22
52 25
52 29
52 31
52 32
52 34
52 36
52 39
52 40
52 43
52 44
52 46
52 47
52 56
52 58
52 59
52 61
52 63
52 65
52 67
52 69
52 71
52 73
52 77
52 78
52 79
52 81
52 85
52 88
52 89
52 90
52 92
52 96
52 97
52 98
52 100
52 103
52 107
52 110
52 112
52 114
52 116
52 120
52 122
52 125
52 128
52 130
52 131
52 136
52 138
52 139
52 142
52 146
52 147
52 156
52 157
52 158
52 159
52 161
52 162
52 164
52 165
52 166
52 167
52 169
52 170
52 173
52 175
52 176
52 178
52 180
52 182
52 189
52 190
52 194
52 196
52 200
52 203
52 205
52 209
52 213
52 215
52 218
52 230
52 233
52 234
52 236
52 237
52 240
52 241
52 242
52 244
52 245
52 250
52 251
52 253
52 254
53 186
54 124
54 137
54 229
54 239
54 252
55 101
56 3
56 4
56 5
56 6
56 8
56 9
56 10
56 11
56 13
56 15
56 16
56 19
56 21
56 22
56 25
56 29
56 31
56 32
56 34
56 36
56 39
56 40
56 43
56 44
56 46
56 47
56 52
56 58
56 59
56 61
56 63
56 65
56 67
56 69
56 71
56 73
56 77
56 78
56 79
56 81
56 85
56 88
56 89
56 90
56 92
56 96
56 97
56 98
56 100
56 103
56 107
56 110
56 112
56 114
56 116
56 120
56 122
56 125
56 128
56 130
56 131
56 136
56 138
56 139
56 142
56 146
56 147
56 156
56 157
56 158
56 159
56 161
56 162
56 164
56 165
56 166
56 167
56 169
56 170
56 173
56 175
56 176
56 178
56 180
56 182
56 189
56 190
56 194
56 196
56 200
56 203
56 205
56 209
56 213
56 215
56 218
56 230
56 233
56 234
56 236
56 237
56 240
56 241
56 242
56 244
56 245
56 250
56 251
56 253
56 254
58 3
58 4
58 5
58 6
58 8
58 9
58 10
58 11
58 13
58 15
58 16
58 19
58 21
58 22
58 25
58 29
58 31
58 32
58 34
58 36
58 39
58 40
58 43
58 44
58 46
58 47
58 52
58 56
58 59
58 61
58 63
58 65
58 67
58 69
58 71
58 73
58 77
58 78
58 79
58 81
58 85
58 88
58 89
58 90
58 92
58 96
58 97
58 98
58 100
58 103
58 107
58 110
58 112
58 114
58 116
58 120
58 122
58 125
58 128
58 130
58 131
58 136
58 138
58 139
58 142
58 146
58 147
58 156
58 157
58 158
58 159
58 161
58 162
58 164
58 165
58 166
58 167
58 169
58 170
58 173
58 175
58 176
58 178
58 180
58 182
58 189
58 190
58 194
58 196
58 200
58 203
58 205
58 209
58 213
58 215
58 218
58 230
58 233
58 234
58 236
58 237
58 240
58 241
58 242
58 244
58 245
58 250
58 251
58 253
58 254
59 3
59 4
59 5
59 6
59 8
59 9
59 10
59 11
59 13
59 15
59 16
59 19
59 21
59 22
59 25
59 29
59 31
59 32
59 34
59 36
59 39
59 40
59 43
59 44
59 46
59 47
59 52
59 56
59 58
59 61
59 63
59 65
59 67
59 69
59 71
59 73
59 77
59 78
59 79
59 81
59 85
59 88
59 89
59 90
59 92
59 96
59 97
59 98
59 100
59 103
59 107
59 110
59 112
59 114
59 116
59 120
59 122
59 125
59 128
59 130
59 131
59 136
59 138
59 139
59 142
59 146
59 147
59 156
59 157
59 158
59 159
59 161
59 162
59 164
59 165
59 166
59 167
59 169
59 170
59 173
59 175
59 176
59 178
59 180
59 182
59 189
59 190
59 194
59 196
59 200
59 203
59 205
59 209
59 213
59 215
59 218
59 230
59 233
59 234
59 236
59 237
59 240
59 241
59 242
59 244
59 245
59 250
59 251
59 253
59 254
60 134
61 3
61 4
61 5
61 6
61 8
61 9
61 10
61 11
61 13
61 15
61 16
61 19
61 21
61 22
61 25
61 29
61 31
61 32
61 34
61 36
61 39
61 40
61 43
61 44
61 46
61 47
61 52
61 56
61 58
61 59
61 63
61 65
61 67
61 69
61 71
61 73
61 77
61 78
61 79
61 81
61 85
61 88
61 89
61 90
61 92
61 96
61 97
61 98
61 100
61 103
61 107
61 110
61 112
61 114
61 116
61 120
61 122
61 125
61 128
61 130
61 131
61 136
61 138
61 139
61 142
61 146
61 147
61 156
61 157
61 158
61 159
61 161
61 162
61 164
61 165
61 166
61 167
61 169
61 170
61 173
61 175
61 176
61 178
61 180
61 182
61 189
61 190
61 194
61 196
61 200
61 203
61 205
61 209
61 213
61 215
61 218
61 230
61 233
61 234
61 236
61 237
61 240
61 241
61 242
61 244
61 245
61 250
61 251
61 253
61 254
62 38
63 3
63 4
63 5
63 6
63 8
63 9
63 10
63 11
63 13
63 15
63 16
63 19
63 21
63 22
63 25
63 29
63 31
63 32
63 34
63 36
63 39
63 40
63 43
63 44
63 46
63 47
63 52
63 56
63 58
63 59
63 61
63 65
63 67
63 69
63 71
63 73
63 77
63 78
63 79
63 81
63 85
63 88
63 89
63 90
63 92
63 96
63 97
63 98
63 100
63 103
63 107
63 110
63 112
63 114
63 116
63 120
63 122
63 125
63 128
63 130
63 131
63 136
63 138
63 139
63 142
63 146
63 147
63 156
63 157
63 158
63 159
63 161
63 162
63 164
63 165
63 166
63 167
63 169
63 170
63 173
63 175
63 176
63 178
63 180
63 182
63 189
63 190
63 194
63 196
63 200
63 203
63 205
63 209
63 213
63 215
63 218
63 230
63 233
63 234
63 236
63 237
63 240
63 241
63 242
63 244
63 245
63 250
63 251
63 253
63 254
65 3
65 4
65 5
65 6
65 8
65 9
65 10
65 11
65 13
65 15
65 16
65 19
65 21
65 22
65 25
65 29
65 31
65 32
65 34
65 36
65 39
65 40
65 43
65 44
65 46
65 47
65 52
65 56
65 58
65 59
65 61
65 63
65 67
65 69
65 71
65 73
65 77
65 78
65 79
65 81
65 85
65 88
65 89
65 90
65 92
65 96
65 97
65 98
65 100
65 103
65 107
65 110
65 112
65 114
65 116
65 120
65 122
65 125
65 128
65 130
65 131
65 136
65 138
65 139
65 142
65 146
65 147
65 156
65 157
65 158
65 159
65 161
65 162
65 164
65 165
65 166
65 167
65 169
65 170
65 173
65 175
65 176
65 178
65 180
65 182
65 189
65 190
65 194
65 196
65 200
65 203
65 205
65 209
65 213
65 215
65 218
65 230
65 233
65 234
65 236
65 237
65 240
65 241
65 242
65 244
65 245
65 250
65 251
65 253
65 254
66 72
66 216
67 3
67 4
67 5
67 6
67 8
67 9
67 10
67 11
67 13
67 15
67 16
67 19
67 21
67 22
67 25
67 29
67 31
67 32
67 34
67 36
67 39
67 40
67 43
67 44
67 46
67 47
67 52
67 56
67 58
67 59
67 61
67 63
67 65
67 69
67 71
67 73
67 77
67 78
67 79
67 81
67 85
67 88
67 89
67 90
67 92
67 96
67 97
67 98
67 100
67 103
67 107
67 110
67 112
67 114
67 116
67 120
67 122
67 125
67 128
67 130
67 131
67 136
67 138
67 139
67 142
67 146
67 147
67 156
67 157
67 158
67 159
67 161
67 162
67 164
67 165
67 166
67 167
67 169
67 170
67 173
67 175
67 176
67 178
67 180
67 182
67 189
67 190
67 194
67 196
67 200
67 203
67 205
67 209
67 213
67 215
67 218
67 230
67 233
67 234
67 236
67 237
67 240
67 241
67 242
67 244
67 245
67 250
67 251
67 253
67 254
68 184
69 3
69 4
69 5
69 6
69 8
69 9
69 10
69 11
69 13
69 15
69 16
69 19
69 21
69 22
69 25
69 29
69 31
69 32
69 34
69 36
69 39
69 40
69 43
69 44
69 46
69 47
69 52
69 56
69 58
69 59
69 61
69 63
69 65
69 67
69 71
69 73
69 77
69 78
69 79
69 81
69 85
69 88
69 89
69 90
69 92
69 96
69 97
69 98
69 100
69 103
69 107
69 110
69 112
69 114
69 116
69 120
69 122
69 125
69 128
69 130
69 131
69 136
69 138
69 139
69 142
69 146
69 147
69 156
69 157
69 158
69 159
69 161
69 162
69 164
69 165
69 166
69 167
69 169
69 170
69 173
69 175
69 176
69 178
69 180
69 182
69 189
69 190
69 194
69 196
69 200
69 203
69 205
69 209
69 213
69 215
69 218
69 230
69 233
69 234
69 236
69 237
69 240
69 241
69 242
69 244
69 245
69 250
69 251
69 253
69 254
70 18
70 41
70 45
70 84
70 108
70 133
70 152
70 185
70 191
70 226
70 232
71 3
71 4
71 5
71 6
71 8
71 9
71 10
71 11
71 13
71 15
71 16
71 19
71 21
71 22
71 25
71 29
71 31
71 32
71 34
71 36
71 39
71 40
71 43
71 44
71 46
71 47
71 52
71 56
71 58
71 59
71 61
71 63
71 65
71 67
71 69
71 73
71 77
71 78
71 79
71 81
71 85
71 88
71 89
71 90
71 92
71 96
71 97
71 98
71 100
71 103
71 107
71 110
71 112
71 114
71 116
71 120
71 122
71 125
71 128
71 130
71 131
71 136
71 138
71 139
71 142
71 146
71 147
71 156
71 157
71 158
71 159
71 161
71 162
71 164
71 165
71 166
71 167
71 169
71 170
71 173
71 175
71 176
71 178
71 180
71 182
71 189
71 190
71 194
71 196
71 200
71 203
71 205
71 209
71 213
71 215
71 218
71 230
71 233
71 234
71 236
71 237
71 240
71 241
71 242
71 244
71 245
71 250
71 251
71 253
71 254
72 66
72 216
73 3
73 4
73 5
73 6
73 8
73 9
73 10
73 11
73 13
73 15
73 16
73 19
73 21
73 22
73 25
73 29
73 31
73 32
73 34
73 36
73 39
73 40
73 43
73 44
73 46
73 47
73 52
73 56
73 58
73 59
73 61
73 63
73 65
73 67
73 69
73 71
73 77
73 78
73 79
73 81
73 85
73 88
73 89
73 90
73 92
73 96
73 97
73 98
73 100
73 103
73 107
73 110
73 112
73 114
73 116
73 120
73 122
73 125
73 128
73 130
73 131
73 136
73 138
73 139
73 142
73 146
73 147
73 156
73 157
73 158
73 159
73 161
73 162
73 164
73 165
73 166
73 167
73 169
73 170
73 173
73 175
73 176
73 178
73 180
73 182
73 189
73 190
73 194
73 196
73 200
73 203
73 205
73 209
73 213
73 215
73 218
73 230
73 233
73 234
73 236
73 237
73 240
73 241
73 242
73 244
73 245
73 250
73 251
73 253
73 254
74 115
74 171
75 86
75 148
75 151
75 199
75 204
76 163
76 177
77 3
77 4
77 5
77 6
77 8
77 9
77 10
77 11
77 13
77 15
77 16
77 19
77 21
77 22
77 25
77 29
77 31
77 32
77 34
77 36
77 39
77 40
77 43
77 44
77 46
77 47
77 52
77 56
77 58
77 59
77 61
77 63
77 65
77 67
77 69
77 71
77 73
77 78
77 79
77 81
77 85
77 88
77 89
77 90
77 92
77 96
77 97
77 98
77 100
77 103
77 107
77 110
77 112
77 114
77 116
77 120
77 122
77 125
77 128
77 130
77 131
77 136
77 138
77 139
77 142
77 146
77 147
77 156
77 157
77 158
77 159
77 161
77 162
77 164
77 165
77 166
77 167
77 169
77 170
77 173
77 175
77 176
77 178
77 180
77 182
77 189
77 190
77 194
77 196
77 200
77 203
77 205
77 209
77 213
77 215
77 218
77 230
77 233
77 234
77 236
77 237
77 240
77 241
77 242
77 244
77 245
77 250
77 251
77 253
77 254
78 3
78 4
78 5
78 6
78 8
78 9
78 10
78 11
78 13
78 15
78 16
78 19
78 21
78 22
78 25
78 29
78 31
78 32
78 34
78 36
78 39
78 40
78 43
78 44
78 46
78 47
78 52
78 56
78 58
78 59
78 61
78 63
78 65
78 67
78 69
78 71
78 73
78 77
78 79
78 81
78 85
78 88
78 89
78 90
78 92
78 96
78 97
78 98
78 100
78 103
78 107
78 110
78 112
78 114
78 116
78 120
78 122
78 125
78 128
78 130
78 131
78 136
78 138
78 139
78 142
78 146
78 147
78 156
78 157
78 158
78 159
78 161
78 162
78 164
78 165
78 166
78 167
78 169
78 170
78 173
78 175
78 176
78 178
78 180
78 182
78 189
78 190
78 194
78 196
78 200
78 203
78 205
78 209
78 213
78 215
78 218
78 230
78 233
78 234
78 236
78 237
78 240
78 241
78 242
78 244
78 245
78 250
78 251
78 253
78 254
79 3
79 4
79 5
79 6
79 8
79 9
79 10
79 11
79 13
79 15
79 16
79 19
79 21
79 22
79 25
79 29
79 31
79 32
79 34
79 36
79 39
79 40
79 43
79 44
79 46
79 47
79 52
79 56
79 58
79 59
79 61
79 63
79 65
79 67
79 69
79 71
79 73
79 77
79 78
79 81
79 85
79 88
79 89
79 90
79 92
79 96
79 97
79 98
79 100
79 103
79 107
79 110
79 112
79 114
79 116
79 120
79 122
79 125
79 128
79 130
79 131
79 136
79 138
79 139
79 142
79 146
79 147
79 156
79 157
79 158
79 159
79 161
79 162
79 164
79 165
79 166
79 167
79 169
79 170
79 173
79 175
79 176
79 178
79 180
79 182
79 189
79 190
79 194
79 196
79 200
79 203
79 205
79 209
79 213
79 215
79 218
79 230
79 233
79 234
79 236
79 237
79 240
79 241
79 242
79 244
79 245
79 250
79 251
79 253
79 254
81 3
81 4
81 5
81 6
81 8
81 9
81 10
81 11
81 13
81 15
81 16
81 19
81 21
81 22
81 25
81 29
81 31
81 32
81 34
81 36
81 39
81 40
81 43
81 44
81 46
81 47
81 52
81 56
81 58
81 59
81 61
81 63
81 65
81 67
81 69
81 71
81 73
81 77
81 78
81 79
81 85
81 88
81 89
81 90
81 92
81 96
81 97
81 98
81 100
81 103
81 107
81 110
81 112
81 114
81 116
81 120
81 122
81 125
81 128
81 130
81 131
81 136
81 138
81 139
81 142
81 146
81 147
81 156
81 157
81 158
81 159
81 161
81 162
81 164
81 165
81 166
81 167
81 169
81 170
81 173
81 175
81 176
81 178
81 180
81 182
81 189
81 190
81 194
81 196
81 200
81 203
81 205
81 209
81 213
81 215
81 218
81 230
81 233
81 234
81 236
81 237
81 240
81 241
81 242
81 244
81 245
81 250
81 251
81 253
81 254
82 154
83 51
83 145
84 18
84 41
84 45
84 70
84 108
84 133
84 152
84 185
84 191
84 226
84 232
85 3
85 4
85 5
85 6
85 8
85 9
85 10
85 11
85 13
85 15
85 16
85 19
85 21
85 22
85 25
85 29
85 31
85 32
85 34
85 36
85 39
85 40
85 43
85 44
85 46
85 47
85 52
85 56
85 58
85 59
85 61
85 63
85 65
85 67
85 69
85 71
85 73
85 77
85 78
85 79
85 81
85 88
85 89
85 90
85 92
85 96
85 97
85 98
85 100
85 103
85 107
85 110
85 112
85 114
85 116
85 120
85 122
85 125
85 128
85 130
85 131
85 136
85 138
85 139
85 142
85 146
85 147
85 156
85 157
85 158
85 159
85 161
85 162
85 164
85 165
85 166
85 167
85 169
85 170
85 173
85 175
85 176
85 178
85 180
85 182
85 189
85 190
85 194
85 196
85 200
85 203
85 205
85 209
85 213
85 215
85 218
85 230
85 233
85 234
85 236
85 237
85 240
85 241
85 242
85 244
85 245
85 250
85 251
85 253
85 254
86 75
86 148
86 151
86 199
86 204
88 3
88 4
88 5
88 6
88 8
88 9
88 10
88 11
88 13
88 15
88 16
88 19
88 21
88 22
88 25
88 29
88 31
88 32
88 34
88 36
88 39
88 40
88 43
88 44
88 46
88 47
88 52
88 56
88 58
88 59
88 61
88 63
88 65
88 67
88 69
88 71
88 73
88 77
88 78
88 79
88 81
88 85
88 89
88 90
88 92
88 96
88 97
88 98
88 100
88 103
88 107
88 110
88 112
88 114
88 116
88 120
88 122
88 125
88 128
88 130
88 131
88 136
88 138
88 139
88 142
88 146
88 147
88 156
88 157
88 158
88 159
88 161
88 162
88 164
88 165
88 166
88 167
88 169
88 170
88 173
88 175
88 176
88 178
88 180
88 182
88 189
88 190
88 194
88 196
88 200
88 203
88 205
88 209
88 213
88 215
88 218
88 230
88 233
88 234
88 236
88 237
88 240
88 241
88 242
88 244
88 245
88 250
88 251
88 253
88 254
89 3
89 4
89 5
89 6
89 8
89 9
89 10
89 11
89 13
89 15
89 16
89 19
89 21
89 22
89 25
89 29
89 31
89 32
89 34
89 36
89 39
89 40
89 43
89 44
89 46
89 47
89 52
89 56
89 58
89 59
89 61
89 63
89 65
89 67
89 69
89 71
89 73
89 77
89 78
89 79
89 81
89 85
89 88
89 90
89 92
89 96
89 97
89 98
89 100
89 103
89 107
89 110
89 112
89 114
89 116
89 120
89 122
89 125
89 128
89 130
89 131
89 136
89 138
89 139
89 142
89 146
89 147
89 156
89 157
89 158
89 159
89 161
89 162
89 164
89 165
89 166
89 167
89 169
89 170
89 173
89 175
89 176
89 178
89 180
89 182
89 189
89 190
89 194
89 196
89 200
89 203
89 205
89 209
89 213
89 215
89 218
89 230
89 233
89 234
89 236
89 237
89 240
89 241
89 242
89 244
89 245
89 250
89 251
89 253
89 254
90 3
90 4
90 5
90 6
90 8
90 9
90 10
90 11
90 13
90 15
90 16
90 19
90 21
90 22
90 25
90 29
90 31
90 32
90 34
90 36
90 39
90 40
90 43
90 44
90 46
90 47
90 52
90 56
90 58
90 59
90 61
90 63
90 65
90 67
90 69
90 71
90 73
90 77
90 78
90 79
90 81
90 85
90 88
90 89
90 92
90 96
90 97
90 98
90 100
90 103
90 107
90 110
90 112
90 114
90 116
90 120
90 122
90 125
90 128
90 130
90 131
90 136
90 138
90 139
90 142
90 146
90 147
90 156
90 157
90 158
90 159
90 161
90 162
90 164
90 165
90 166
90 167
90 169
90 170
90 173
90 175
90 176
90 178
90 180
90 182
90 189
90 190
90 194
90 196
90 200
90 203
90 205
90 209
90 213
90 215
90 218
90 230
90 233
90 234
90 236
90 237
90 240
90 241
90 242
90 244
90 245
90 250
90 251
90 253
90 254
92 3
92 4
92 5
92 6
92 8
92 9
92 10
92 11
92 13
92 15
92 16
92 19
92 21
92 22
92 25
92 29
92 31
92 32
92 34
92 36
92 39
92 40
92 43
92 44
92 46
92 47
92 52
92 56
92 58
92 59
92 61
92 63
92 65
92 67
92 69
92 71
92 73
92 77
92 78
92 79
92 81
92 85
92 88
92 89
92 90
92 96
92 97
92 98
92 100
92 103
92 107
92 110
92 112
92 114
92 116
92 120
92 122
92 125
92 128
92 130
92 131
92 136
92 138
92 139
92 142
92 146
92 147
92 156
92 157
92 158
92 159
92 161
92 162
92 164
92 165
92 166
92 167
92 169
92 170
92 173
92 175
92 176
92 178
92 180
92 182
92 189
92 190
92 194
92 196
92 200
92 203
92 205
92 209
92 213
92 215
92 218
92 230
92 233
92 234
92 236
92 237
92 240
92 241
92 242
92 244
92 245
92 250
92 251
92 253
92 254
94 106
94 113
95 197
96 3
96 4
96 5
96 6
96 8
96 9
96 10
96 11
96 13
96 15
96 16
96 19
96 21
96 22
96 25
96 29
96 31
96 32
96 34
96 36
96 39
96 40
96 43
96 44
96 46
96 47
96 52
96 56
96 58
96 59
96 61
96 63
96 65
96 67
96 69
96 71
96 73
96 77
96 78
96 79
96 81
96 85
96 88
96 89
96 90
96 92
96 97
96 98
96 100
96 103
96 107
96 110
96 112
96 114
96 116
96 120
96 122
96 125
96 128
96 130
96 131
96 136
96 138
96 139
96 142
96 146
96 147
96 156
96 157
96 158
96 159
96 161
96 162
96 164
96 165
96 166
96 167
96 169
96 170
96 173
96 175
96 176
96 178
96 180
96 182
96 189
96 190
96 194
96 196
96 200
96 203
96 205
96 209
96 213
96 215
96 218
96 230
96 233
96 234
96 236
96 237
96 240
96 241
96 242
96 244
96 245
96 250
96 251
96 253
96 254
97 3
97 4
97 5
97 6
97 8
97 9
97 10
97 11
97 13
97 15
97 16
97 19
97 21
97 22
97 25
97 29
97 31
97 32
97 34
97 36
97 39
97 40
97 43
97 44
97 46
97 47
97 52
97 56
97 58
97 59
97 61
97 63
97 65
97 67
97 69
97 71
97 73
97 77
97 78
97 79
97 81
97 85
97 88
97 89
97 90
97 92
97 96
97 98
97 100
97 103
97 107
97 110
97 112
97 114
97 116
97 120
97 122
97 125
97 128
97 130
97 131
97 136
97 138
97 139
97 142
97 146
97 147
97 156
97 157
97 158
97 159
97 161
97 162
97 164
97 165
97 166
97 167
97 169
97 170
97 173
97 175
97 176
97 178
97 180
97 182
97 189
97 190
97 194
97 196
97 200
97 203
97 205
97 209
97 213
97 215
97 218
97 230
97 233
97 234
97 236
97 237
97 240
97 241
97 242
97 244
97 245
97 250
97 251
97 253
97 254
98 3
98 4
98 5
98 6
98 8
98 9
98 10
98 11
98 13
98 15
98 16
98 19
98 21
98 22
98 25
98 29
98 31
98 32
98 34
98 36
98 39
98 40
98 43
98 44
98 46
98 47
98 52
98 56
98 58
98 59
98 61
98 63
98 65
98 67
98 69
98 71
98 73
98 77
98 78
98 79
98 81
98 85
98 88
98 89
98 90
98 92
98 96
98 97
98 100
98 103
98 107
98 110
98 112
98 114
98 116
98 120
98 122
98 125
98 128
98 130
98 131
98 136
98 138
98 139
98 142
98 146
98 147
98 156
98 157
98 158
98 159
98 161
98 162
98 164
98 165
98 166
98 167
98 169
98 170
98 173
98 175
98 176
98 178
98 180
98 182
98 189
98 190
98 194
98 196
98 200
98 203
98 205
98 209
98 213
98 215
98 218
98 230
98 233
98 234
98 236
98 237
98 240
98 241
98 242
98 244
98 245
98 250
98 251
98 253
98 254
100 3
100 4
100 5
100 6
100 8
100 9
100 10
100 11
100 13
100 15
100 16
100 19
100 21
100 22
100 25
100 29
100 31
100 32
100 34
100 36
100 39
100 40
100 43
100 44
100 46
100 47
100 52
100 56
100 58
100 59
100 61
100 63
100 65
100 67
100 69
100 71
100 73
100 77
100 78
100 79
100 81
100 85
100 88
100 89
100 90
100 92
100 96
100 97
100 98
100 103
100 107
100 110
100 112
100 114
100 116
100 120
100 122
100 125
100 128
100 130
100 131
100 136
100 138
100 139
100 142
100 146
100 147
100 156
100 157
100 158
100 159
100 161
100 162
100 164
100 165
100 166
100 167
100 169
100 170
100 173
100 175
100 176
100 178
100 180
100 182
100 189
100 190
100 194
100 196
100 200
100 203
100 205
100 209
100 213
100 215
100 218
100 230
100 233
100 234
100 236
100 237
100 240
100 241
100 242
100 244
100 245
100 250
100 251
100 253
100 254
101 55
102 2
102 27
102 111
102 168
102 222
103 3
103 4
103 5
103 6
103 8
103 9
103 10
103 11
103 13
103 15
103 16
103 19
103 21
103 22
103 25
103 29
103 31
103 32
103 34
103 36
103 39
103 40
103 43
103 44
103 46
103 47
103 52
103 56
103 58
103 59
103 61
103 63
103 65
103 67
103 69
103 71
103 73
103 77
103 78
103 79
103 81
103 85
103 88
103 89
103 90
103 92
103 96
103 97
103 98
103 100
103 107
103 110
103 112
103 114
103 116
103 120
103 122
103 125
103 128
103 130
103 131
103 136
103 138
103 139
103 142
103 146
103 147
103 156
103 157
103 158
103 159
103 161
103 162
103 164
103 165
103 166
103 167
103 169
103 170
103 173
103 175
103 176
103 178
103 180
103 182
103 189
103 190
103 194
103 196
103 200
103 203
103 205
103 209
103 213
103 215
103 218
103 230
103 233
103 234
103 236
103 237
103 240
103 241
103 242
103 244
103 245
103 250
103 251
103 253
103 254
104 30
106 94
106 113
107 3
107 4
107 5
107 6
107 8
107 9
107 10
107 11
107 13
107 15
107 16
107 19
107 21
107 22
107 25
107 29
107 31
107 32
107 34
107 36
107 39
107 40
107 43
107 44
107 46
107 47
107 52
107 56
107 58
107 59
107 61
107 63
107 65
107 67
107 69
107 71
107 73
107 77
107 78
107 79
107 81
107 85
107 88
107 89
107 90
107 92
107 96
107 97
107 98
107 100
107 103
107 110
107 112
107 114
107 116
107 120
107 122
107 125
107 128
107 130
107 131
107 136
107 138
107 139
107 142
107 146
107 147
107 156
107 157
107 158
107 159
107 161
107 162
107 164
107 165
107 166
107 167
107 169
107 170
107 173
107 175
107 176
107 178
107 180
107 182
107 189
107 190
107 194
107 196
107 200
107 203
107 205
107 209
107 213
107 215
107 218
107 230
107 233
107 234
107 236
107 237
107 240
107 241
107 242
107 244
107 245
107 250
107 251
107 253
107 254
108 18
108 41
108 45
108 70
108 84
108 133
108 152
108 185
108 191
108 226
108 232
110 3
110 4
110 5
110 6
110 8
110 9
110 10
110 11
110 13
110 15
110 16
110 19
110 21
110 22
110 25
110 29
110 31
110 32
110 34
110 36
110 39
110 40
110 43
110 44
110 46
110 47
110 52
110 56
110 58
110 59
110 61
110 63
110 65
110 67
110 69
110 71
110 73
110 77
110 78
110 79
110 81
110 85
110 88
110 89
110 90
110 92
110 96
110 97
110 98
110 100
110 103
110 107
110 112
110 114
110 116
110 120
110 122
110 125
110 128
110 130
110 131
110 136
110 138
110 139
110 142
110 146
110 147
110 156
110 157
110 158
110 159
110 161
110 162
110 164
110 165
110 166
110 167
110 169
110 170
110 173
110 175
110 176
110 178
110 180
110 182
110 189
110 190
110 194
110 196
110 200
110 203
110 205
110 209
110 213
110 215
110 218
110 230
110 233
110 234
110 236
110 237
110 240
110 241
110 242
110 244
110 245
110 250
110 251
110 253
110 254
111 2
111 27
111 102
111 168
111 222
112 3
112 4
112 5
112 6
112 8
112 9
112 10
112 11
112 13
112 15
112 16
112 19
112 21
112 22
112 25
112 29
112 31
112 32
112 34
112 36
112 39
112 40
112 43
112 44
112 46
112 47
112 52
112 56
112 58
112 59
112 61
112 63
112 65
112 67
112 69
112 71
112 73
112 77
112 78
112 79
112 81
112 85
112 88
112 89
112 90
112 92
112 96
112 97
112 98
112 100
112 103
112 107
112 110
112 114
112 116
112 120
112 122
112 125
112 128
112 130
112 131
112 136
112 138
112 139
112 142
112 146
112 147
112 156
112 157
112 158
112 159
112 161
112 162
112 164
112 165
112 166
112 167
112 169
112 170
112 173
112 175
112 176
112 178
112 180
112 182
112 189
112 190
112 194
112 196
112 200
112 203
112 205
112 209
112 213
112 215
112 218
112 230
112 233
112 234
112 236
112 237
112 240
112 241
112 242
112 244
112 245
112 250
112 251
112 253
112 254
113 94
113 106
114 3
114 4
114 5
114 6
114 8
114 9
114 10
114 11
114 13
114 15
114 16
114 19
114 21
114 22
114 25
114 29
114 31
114 32
114 34
114 36
114 39
114 40
114 43
114 44
114 46
114 47
114 52
114 56
114 58
114 59
114 61
114 63
114 65
114 67
114 69
114 71
114 73
114 77
114 78
114 79
114 81
114 85
114 88
114 89
114 90
114 92
114 96
114 97
114 98
114 100
114 103
114 107
114 110
114 112
114 116
114 120
114 122
114 125
114 128
114 130
114 131
114 136
114 138
114 139
114 142
114 146
114 147
114 156
114 157
114 158
114 159
114 161
114 162
114 164
114 165
114 166
114 167
114 169
114 170
114 173
114 175
114 176
114 178
114 180
114 182
114 189
114 190
114 194
114 196
114 200
114 203
114 205
114 209
114 213
114 215
114 218
114 230
114 233
114 234
114 236
114 237
114 240
114 241
114 242
114 244
114 245
114 250
114 251
114 253
114 254
115 74
115 171
116 3
116 4
116 5
116 6
116 8
116 9
116 10
116 11
116 13
116 15
116 16
116 19
116 21
116 22
116 25
116 29
116 31
116 32
116 34
116 36
116 39
116 40
116 43
116 44
116 46
116 47
116 52
116 56
116 58
116 59
116 61
116 63
116 65
116 67
116 69
116 71
116 73
116 77
116 78
116 79
116 81
116 85
116 88
116 89
116 90
116 92
116 96
116 97
116 98
116 100
116 103
116 107
116 110
116 112
116 114
116 120
116 122
116 125
116 128
116 130
116 131
116 136
116 138
116 139
116 142
116 146
116 147
116 156
116 157
116 158
116 159
116 161
116 162
116 164
116 165
116 166
116 167
116 169
116 170
116 173
116 175
116 176
116 178
116 180
116 182
116 189
116 190
116 194
116 196
116 200
116 203
116 205
116 209
116 213
116 215
116 218
116 230
116 233
116 234
116 236
116 237
116 240
116 241
116 242
116 244
116 245
116 250
116 251
116 253
116 254
118 208
120 3
120 4
120 5
120 6
120 8
120 9
120 10
120 11
120 13
120 15
120 16
120 19
120 21
120 22
120 25
120 29
120 31
120 32
120 34
120 36
120 39
120 40
120 43
120 44
120 46
120 47
120 52
120 56
120 58
120 59
120 61
120 63
120 65
120 67
120 69
120 71
120 73
120 77
120 78
120 79
120 81
120 85
120 88
120 89
120 90
120 92
120 96
120 97
120 98
120 100
120 103
120 107
120 110
120 112
120 114
120 116
120 122
120 125
120 128
120 130
120 131
120 136
120 138
120 139
120 142
120 146
120 147
120 156
120 157
120 158
120 159
120 161
120 162
120 164
120 165
120 166
120 167
120 169
120 170
120 173
120 175
120 176
120 178
120 180
120 182
120 189
120 190
120 194
120 196
120 200
120 203
120 205
120 209
120 213
120 215
120 218
120 230
120 233
120 234
120 236
120 237
120 240
120 241
120 242
120 244
120 245
120 250
120 251
120 253
120 254
121 50
121 212
121 217
122 3
122 4
122 5
122 6
122 8
122 9
122 10
122 11
122 13
122 15
122 16
122 19
122 21
122 22
122 25
122 29
122 31
122 32
122 34
122 36
122 39
122 40
122 43
122 44
122 46
122 47
122 52
122 56
122 58
122 59
122 61
122 63
122 65
122 67
122 69
122 71
122 73
122 77
122 78
122 79
122 81
122 85
122 88
122 89
122 90
122 92
122 96
122 97
122 98
122 100
122 103
122 107
122 110
122 112
122 114
122 116
122 120
122 125
122 128
122 130
122 131
122 136
122 138
122 139
122 142
122 146
122 147
122 156
122 157
122 158
122 159
122 161
122 162
122 164
122 165
122 166
122 167
122 169
122 170
122 173
122 175
122 176
122 178
122 180
122 182
122 189
122 190
122 194
122 196
122 200
122 203
122 205
122 209
122 213
122 215
122 218
122 230
122 233
122 234
122 236
122 237
122 240
122 241
122 242
122 244
122 245
122 250
122 251
122 253
122 254
123 153
124 54
124 137
124 229
124 239
124 252
125 3
125 4
125 5
125 6
125 8
125 9
125 10
125 11
125 13
125 15
125 16
125 19
125 21
125 22
125 25
125 29
125 31
125 32
125 34
125 36
125 39
125 40
125 43
125 44
125 46
125 47
125 52
125 56
125 58
125 59
125 61
125 63
125 65
125 67
125 69
125 71
125 73
125 77
125 78
125 79
125 81
125 85
125 88
125 89
125 90
125 92
125 96
125 97
125 98
125 100
125 103
125 107
125 110
125 112
125 114
125 116
125 120
125 122
125 128
125 130
125 131
125 136
125 138
125 139
125 142
125 146
125 147
125 156
125 157
125 158
125 159
125 161
125 162
125 164
125 165
125 166
125 167
125 169
125 170
125 173
125 175
125 176
125 178
125 180
125 182
125 189
125 190
125 194
125 196
125 200
125 203
125 205
125 209
125 213
125 215
125 218
125 230
125 233
125 234
125 236
125 237
125 240
125 241
125 242
125 244
125 245
125 250
125 251
125 253
125 254
128 3
128 4
128 5
128 6
128 8
128 9
128 10
128 11
128 13
128 15
128 16
128 19
128 21
128 22
128 25
128 29
128 31
128 32
128 34
128 36
128 39
128 40
128 43
128 44
128 46
128 47
128 52
128 56
128 58
128 59
128 61
128 63
128 65
128 67
128 69
128 71
128 73
128 77
128 78
128 79
128 81
128 85
128 88
128 89
128 90
128 92
128 96
128 97
128 98
128 100
128 103
128 107
128 110
128 112
128 114
128 116
128 120
128 122
128 125
128 130
128 131
128 136
128 138
128 139
128 142
128 146
128 147
128 156
128 157
128 158
128 159
128 161
128 162
128 164
128 165
128 166
128 167
128 169
128 170
128 173
128 175
128 176
128 178
128 180
128 182
128 189
128 190
128 194
128 196
128 200
128 203
128 205
128 209
128 213
128 215
128 218
128 230
128 233
128 234
128 236
128 237
128 240
128 241
128 242
128 244
128 245
128 250
128 251
128 253
128 254
129 14
129 35
129 132
129 143
129 144
129 149
129 201
129 214
129 219
129 224
129 225
130 3
130 4
130 5
130 6
130 8
130 9
130 10
130 11
130 13
130 15
130 16
130 19
130 21
130 22
130 25
130 29
130 31
130 32
130 34
130 36
130 39
130 40
130 43
130 44
130 46
130 47
130 52
130 56
130 58
130 59
130 61
130 63
130 65
130 67
130 69
130 71
130 73
130 77
130 78
130 79
130 81
130 85
130 88
130 89
130 90
130 92
130 96
130 97
130 98
130 100
130 103
130 107
130 110
130 112
130 114
130 116
130 120
130 122
130 125
130 128
130 131
130 136
130 138
130 139
130 142
130 146
130 147
130 156
130 157
130 158
130 159
130 161
130 162
130 164
130 165
130 166
130 167
130 169
130 170
130 173
130 175
130 176
130 178
130 180
130 182
130 189
130 190
130 194
130 196
130 200
130 203
130 205
130 209
130 213
130 215
130 218
130 230
130 233
130 234
130 236
130 237
130 240
130 241
130 242
130 244
130 245
130 250
130 251
130 253
130 254
131 3
131 4
131 5
131 6
131 8
131 9
131 10
131 11
131 13
131 15
131 16
131 19
131 21
131 22
131 25
131 29
131 31
131 32
131 34
131 36
131 39
131 40
131 43
131 44
131 46
131 47
131 52
131 56
131 58
131 59
131 61
131 63
131 65
131 67
131 69
131 71
131 73
131 77
131 78
131 79
131 81
131 85
131 88
131 89
131 90
131 92
131 96
131 97
131 98
131 100
131 103
131 107
131 110
131 112
131 114
131 116
131 120
131 122
131 125
131 128
131 130
131 136
131 138
131 139
131 142
131 146
131 147
131 156
131 157
131 158
131 159
131 161
131 162
131 164
131 165
131 166
131 167
131 169
131 170
131 173
131 175
131 176
131 178
131 180
131 182
131 189
131 190
131 194
131 196
131 200
131 203
131 205
131 209
131 213
131 215
131 218
131 230
131 233
131 234
131 236
131 237
131 240
131 241
131 242
131 244
131 245
131 250
131 251
131 253
131 254
132 14
132 35
132 129
132 143
132 144
132 149
132 201
132 214
132 219
132 224
132 225
133 18
133 41
133 45
133 70
133 84
133 108
133 152
133 185
133 191
133 226
133 232
134 60
135 141
135 210
135 211
136 3
136 4
136 5
136 6
136 8
136 9
136 10
136 11
136 13
136 15
136 16
136 19
136 21
136 22
136 25
136 29
136 31
136 32
136 34
136 36
136 39
136 40
136 43
136 44
136 46
136 47
136 52
136 56
136 58
136 59
136 61
136 63
136 65
136 67
136 69
136 71
136 73
136 77
136 78
136 79
136 81
136 85
136 88
136 89
136 90
136 92
136 96
136 97
136 98
136 100
136 103
136 107
136 110
136 112
136 114
136 116
136 120
136 122
136 125
136 128
136 130
136 131
136 138
136 139
136 142
136 146
136 147
136 156
136 157
136 158
136 159
136 161
136 162
136 164
136 165
136 166
136 167
136 169
136 170
136 173
136 175
136 176
136 178
136 180
136 182
136 189
136 190
136 194
136 196
136 200
136 203
136 205
136 209
136 213
136 215
136 218
136 230
136 233
136 234
136 236
136 237
136 240
136 241
136 242
136 244
136 245
136 250
136 251
136 253
136 254
137 54
137 124
137 229
137 239
137 252
138 3
138 4
138 5
138 6
138 8
138 9
138 10
138 11
138 13
138 15
138 16
138 19
138 21
138 22
138 25
138 29
138 31
138 32
138 34
138 36
138 39
138 40
138 43
138 44
138 46
138 47
138 52
138 56
138 58
138 59
138 61
138 63
138 65
138 67
138 69
138 71
138 73
138 77
138 78
138 79
138 81
138 85
138 88
138 89
138 90
138 92
138 96
138 97
138 98
138 100
138 103
138 107
138 110
138 112
138 114
138 116
138 120
138 122
138 125
138 128
138 130
138 131
138 136
138 139
138 142
138 146
138 147
138 156
138 157
138 158
138 159
138 161
138 162
138 164
138 165
138 166
138 167
138 169
138 170
138 173
138 175
138 176
138 178
138 180
138 182
138 189
138 190
138 194
138 196
138 200
138 203
138 205
138 209
138 213
138 215
138 218
138 230
138 233
138 234
138 236
138 237
138 240
138 241
138 242
138 244
138 245
138 250
138 251
138 253
138 254
139 3
139 4
139 5
139 6
139 8
139 9
139 10
139 11
139 13
139 15
139 16
139 19
139 21
139 22
139 25
139 29
139 31
139 32
139 34
139 36
139 39
139 40
139 43
139 44
139 46
139 47
139 52
139 56
139 58
139 59
139 61
139 63
139 65
139 67
139 69
139 71
139 73
139 77
139 78
139 79
139 81
139 85
139 88
139 89
139 90
139 92
139 96
139 97
139 98
139 100
139 103
139 107
139 110
139 112
139 114
139 116
139 120
139 122
139 125
139 128
139 130
139 131
139 136
139 138
139 142
139 146
139 147
139 156
139 157
139 158
139 159
139 161
139 162
139 164
139 165
139 166
139 167
139 169
139 170
139 173
139 175
139 176
139 178
139 180
139 182
139 189
139 190
139 194
139 196
139 200
139 203
139 205
139 209
139 213
139 215
139 218
139 230
139 233
139 234
139 236
139 237
139 240
139 241
139 242
139 244
139 245
139 250
139 251
139 253
139 254
141 135
141 210
141 211
142 3
142 4
142 5
142 6
142 8
142 9
142 10
142 11
142 13
142 15
142 16
142 19
142 21
142 22
142 25
142 29
142 31
142 32
142 34
142 36
142 39
142 40
142 43
142 44
142 46
142 47
142 52
142 56
142 58
142 59
142 61
142 63
142 65
142 67
142 69
142 71
142 73
142 77
142 78
142 79
142 81
142 85
142 88
142 89
142 90
142 92
142 96
142 97
142 98
142 100
142 103
142 107
142 110
142 112
142 114
142 116
142 120
142 122
142 125
142 128
142 130
142 131
142 136
142 138
142 139
142 146
142 147
142 156
142 157
142 158
142 159
142 161
142 162
142 164
142 165
142 166
142 167
142 169
142 170
142 173
142 175
142 176
142 178
142 180
142 182
142 189
142 190
142 194
142 196
142 200
142 203
142 205
142 209
142 213
142 215
142 218
142 230
142 233
142 234
142 236
142 237
142 240
142 241
142 242
142 244
142 245
142 250
142 251
142 253
142 254
143 14
143 35
143 129
143 132
143 144
143 149
143 201
143 214
143 219
143 224
143 225
144 14
144 35
144 129
144 132
144 143
144 149
144 201
144 214
144 219
144 224
144 225
145 51
145 83
146 3
146 4
146 5
146 6
146 8
146 9
146 10
146 11
146 13
146 15
146 16
146 19
146 21
146 22
146 25
146 29
146 31
146 32
146 34
146 36
146 39
146 40
146 43
146 44
146 46
146 47
146 52
146 56
146 58
146 59
146 61
146 63
146 65
146 67
146 69
146 71
146 73
146 77
146 78
146 79
146 81
146 85
146 88
146 89
146 90
146 92
146 96
146 97
146 98
146 100
146 103
146 107
146 110
146 112
146 114
146 116
146 120
146 122
146 125
146 128
146 130
146 131
146 136
146 138
146 139
146 142
146 147
146 156
146 157
146 158
146 159
146 161
146 162
146 164
146 165
146 166
146 167
146 169
146 170
146 173
146 175
146 176
146 178
146 180
146 182
146 189
146 190
146 194
146 196
146 200
146 203
146 205
146 209
146 213
146 215
146 218
146 230
146 233
146 234
146 236
146 237
146 240
146 241
146 242
146 244
146 245
146 250
146 251
146 253
146 254
147 3
147 4
147 5
147 6
147 8
147 9
147 10
147 11
147 13
147 15
147 16
147 19
147 21
147 22
147 25
147 29
147 31
147 32
147 34
147 36
147 39
147 40
147 43
147 44
147 46
147 47
147 52
147 56
147 58
147 59
147 61
147 63
147 65
147 67
147 69
147 71
147 73
147 77
147 78
147 79
147 81
147 85
147 88
147 89
147 90
147 92
147 96
147 97
147 98
147 100
147 103
147 107
147 110
147 112
147 114
147 116
147 120
147 122
147 125
147 128
147 130
147 131
147 136
147 138
147 139
147 142
147 146
147 156
147 157
147 158
147 159
147 161
147 162
147 164
147 165
147 166
147 167
147 169
147 170
147 173
147 175
147 176
147 178
147 180
147 182
147 189
147 190
147 194
147 196
147 200
147 203
147 205
147 209
147 213
147 215
147 218
147 230
147 233
147 234
147 236
147 237
147 240
147 241
147 242
147 244
147 245
147 250
147 251
147 253
147 254
148 75
148 86
148 151
148 199
148 204
149 14
149 35
149 129
149 132
149 143
149 144
149 201
149 214
149 219
149 224
149 225
151 75
151 86
151 148
151 199
151 204
152 18
152 41
152 45
152 70
152 84
152 108
152 133
152 185
152 191
152 226
152 232
153 123
154 82
155 207
156 3
156 4
156 5
156 6
156 8
156 9
156 10
156 11
156 13
156 15
156 16
156 19
156 21
156 22
156 25
156 29
156 31
156 32
156 34
156 36
156 39
156 40
156 43
156 44
156 46
156 47
156 52
156 56
156 58
156 59
156 61
156 63
156 65
156 67
156 69
156 71
156 73
156 77
156 78
156 79
156 81
156 85
156 88
156 89
156 90
156 92
156 96
156 97
156 98
156 100
156 103
156 107
156 110
156 112
156 114
156 116
156 120
156 122
156 125
156 128
156 130
156 131
156 136
156 138
156 139
156 142
156 146
156 147
156 157
156 158
156 159
156 161
156 162
156 164
156 165
156 166
156 167
156 169
156 170
156 173
156 175
156 176
156 178
156 180
156 182
156 189
156 190
156 194
156 196
156 200
156 203
156 205
156 209
156 213
156 215
156 218
156 230
156 233
156 234
156 236
156 237
156 240
156 241
156 242
156 244
156 245
156 250
156 251
156 253
156 254
157 3
157 4
157 5
157 6
157 8
157 9
157 10
157 11
157 13
157 15
157 16
157 19
157 21
157 22
157 25
157 29
157 31
157 32
157 34
157 36
157 39
157 40
157 43
157 44
157 46
157 47
157 52
157 56
157 58
157 59
157 61
157 63
157 65
157 67
157 69
157 71
157 73
157 77
157 78
157 79
157 81
157 85
157 88
157 89
157 90
157 92
157 96
157 97
157 98
157 100
157 103
157 107
157 110
157 112
157 114
157 116
157 120
157 122
157 125
157 128
157 130
157 131
157 136
157 138
157 139
157 142
157 146
157 147
157 156
157 158
157 159
157 161
157 162
157 164
157 165
157 166
157 167
157 169
157 170
157 173
157 175
157 176
157 178
157 180
157 182
157 189
157 190
157 194
157 196
157 200
157 203
157 205
157 209
157 213
157 215
157 218
157 230
157 233
157 234
157 236
157 237
157 240
157 241
157 242
157 244
157 245
157 250
157 251
157 253
157 254
158 3
158 4
158 5
158 6
158 8
158 9
158 10
158 11
158 13
158 15
158 16
158 19
158 21
158 22
158 25
158 29
158 31
158 32
158 34
158 36
158 39
158 40
158 43
158 44
158 46
158 47
158 52
158 56
158 58
158 59
158 61
158 63
158 65
158 67
158 69
158 71
158 73
158 77
158 78
158 79
158 81
158 85
158 88
158 89
158 90
158 92
158 96
158 97
158 98
158 100
158 103
158 107
158 110
158 112
158 114
158 116
158 120
158 122
158 125
158 128
158 130
158 131
158 136
158 138
158 139
158 142
158 146
158 147
158 156
158 157
158 159
158 161
158 162
158 164
158 165
158 166
158 167
158 169
158 170
158 173
158 175
158 176
158 178
158 180
158 182
158 189
158 190
158 194
158 196
158 200
158 203
158 205
158 209
158 213
158 215
158 218
158 230
158 233
158 234
158 236
158 237
158 240
158 241
158 242
158 244
158 245
158 250
158 251
158 253
158 254
159 3
159 4
159 5
159 6
159 8
159 9
159 10
159 11
159 13
159 15
159 16
159 19
159 21
159 22
159 25
159 29
159 31
159 32
159 34
159 36
159 39
159 40
159 43
159 44
159 46
159 47
159 52
159 56
159 58
159 59
159 61
159 63
159 65
159 67
159 69
159 71
159 73
159 77
159 78
159 79
159 81
159 85
159 88
159 89
159 90
159 92
159 96
159 97
159 98
159 100
159 103
159 107
159 110
159 112
159 114
159 116
159 120
159 122
159 125
159 128
159 130
159 131
159 136
159 138
159 139
159 142
159 146
159 147
159 156
159 157
159 158
159 161
159 162
159 164
159 165
159 166
159 167
159 169
159 170
159 173
159 175
159 176
159 178
159 180
159 182
159 189
159 190
159 194
159 196
159 200
159 203
159 205
159 209
159 213
159 215
159 218
159 230
159 233
159 234
159 236
159 237
159 240
159 241
159 242
159 244
159 245
159 250
159 251
159 253
159 254
160 37
160 228
161 3
161 4
161 5
161 6
161 8
161 9
161 10
161 11
161 13
161 15
161 16
161 19
161 21
161 22
161 25
161 29
161 31
161 32
161 34
161 36
161 39
161 40
161 43
161 44
161 46
161 47
161 52
161 56
161 58
161 59
161 61
161 63
161 65
161 67
161 69
161 71
161 73
161 77
161 78
161 79
161 81
161 85
161 88
161 89
161 90
161 92
161 96
161 97
161 98
161 100
161 103
161 107
161 110
161 112
161 114
161 116
161 120
161 122
161 125
161 128
161 130
161 131
161 136
161 138
161 139
161 142
161 146
161 147
161 156
161 157
161 158
161 159
161 162
161 164
161 165
161 166
161 167
161 169
161 170
161 173
161 175
161 176
161 178
161 180
161 182
161 189
161 190
161 194
161 196
161 200
161 203
161 205
161 209
161 213
161 215
161 218
161 230
161 233
161 234
161 236
161 237
161 240
161 241
161 242
161 244
161 245
161 250
161 251
161 253
161 254
162 3
162 4
162 5
162 6
162 8
162 9
162 10
162 11
162 13
162 15
162 16
162 19
162 21
162 22
162 25
162 29
162 31
162 32
162 34
162 36
162 39
162 40
162 43
162 44
162 46
162 47
162 52
162 56
162 58
162 59
162 61
162 63
162 65
162 67
162 69
162 71
162 73
162 77
162 78
162 79
162 81
162 85
162 88
162 89
162 90
162 92
162 96
162 97
162 98
162 100
162 103
162 107
162 110
162 112
162 114
162 116
162 120
162 122
162 125
162 128
162 130
162 131
162 136
162 138
162 139
162 142
162 146
162 147
162 156
162 157
162 158
162 159
162 161
162 164
162 165
162 166
162 167
162 169
162 170
162 173
162 175
162 176
162 178
162 180
162 182
162 189
162 190
162 194
162 196
162 200
162 203
162 205
162 209
162 213
162 215
162 218
162 230
162 233
162 234
162 236
162 237
162 240
162 241
162 242
162 244
162 245
162 250
162 251
162 253
162 254
163 76
164 3
164 4
164 5
164 6
164 8
164 9
164 10
164 11
164 13
164 15
164 16
164 19
164 21
164 22
164 25
164 29
164 31
164 32
164 34
164 36
164 39
164 40
164 43
164 44
164 46
164 47
164 52
164 56
164 58
164 59
164 61
164 63
164 65
164 67
164 69
164 71
164 73
164 77
164 78
164 79
164 81
164 85
164 88
164 89
164 90
164 92
164 96
164 97
164 98
164 100
164 103
164 107
164 110
164 112
164 114
164 116
164 120
164 122
164 125
164 128
164 130
164 131
164 136
164 138
164 139
164 142
164 146
164 147
164 156
164 157
164 158
164 159
164 161
164 162
164 165
164 166
164 167
164 169
164 170
164 173
164 175
164 176
164 178
164 180
164 182
164 189
164 190
164 194
164 196
164 200
164 203
164 205
164 209
164 213
164 215
164 218
164 230
164 233
164 234
164 236
164 237
164 240
164 241
164 242
164 244
164 245
164 250
164 251
164 253
164 254
165 3
165 4
165 5
165 6
165 8
165 9
165 10
165 11
165 13
165 15
165 16
165 19
165 21
165 22
165 25
165 29
165 31
165 32
165 34
165 36
165 39
165 40
165 43
165 44
165 46
165 47
165 52
165 56
165 58
165 59
165 61
165 63
165 65
165 67
165 69
165 71
165 73
165 77
165 78
165 79
165 81
165 85
165 88
165 89
165 90
165 92
165 96
165 97
165 98
165 100
165 103
165 107
165 110
165 112
165 114
165 116
165 120
165 122
165 125
165 128
165 130
165 131
165 136
165 138
165 139
165 142
165 146
165 147
165 156
165 157
165 158
165 159
165 161
165 162
165 164
165 166
165 167
165 169
165 170
165 173
165 175
165 176
165 178
165 180
165 182
165 189
165 190
165 194
165 196
165 200
165 203
165 205
165 209
165 213
165 215
165 218
165 230
165 233
165 234
165 236
165 237
165 240
165 241
165 242
165 244
165 245
165 250
165 251
165 253
165 254
166 3
166 4
166 5
166 6
166 8
166 9
166 10
166 11
166 13
166 15
166 16
166 19
166 21
166 22
166 25
166 29
166 31
166 32
166 34
166 36
166 39
166 40
166 43
166 44
166 46
166 47
166 52
166 56
166 58
166 59
166 61
166 63
166 65
166 67
166 69
166 71
166 73
166 77
166 78
166 79
166 81
166 85
166 88
166 89
166 90
166 92
166 96
166 97
166 98
166 100
166 103
166 107
166 110
166 112
166 114
166 116
166 120
166 122
166 125
166 128
166 130
166 131
166 136
166 138
166 139
166 142
166 146
166 147
166 156
166 157
166 158
166 159
166 161
166 162
166 164
166 165
166 167
166 169
166 170
166 173
166 175
166 176
166 178
166 180
166 182
166 189
166 190
166 194
166 196
166 200
166 203
166 205
166 209
166 213
166 215
166 218
166 230
166 233
166 234
166 236
166 237
166 240
166 241
166 242
166 244
166 245
166 250
166 251
166 253
166 254
167 3
167 4
167 5
167 6
167 8
167 9
167 10
167 11
167 13
167 15
167 16
167 19
167 21
167 22
167 25
167 29
167 31
167 32
167 34
167 36
167 39
167 40
167 43
167 44
167 46
167 47
167 52
167 56
167 58
167 59
167 61
167 63
167 65
167 67
167 69
167 71
167 73
167 77
167 78
167 79
167 81
167 85
167 88
167 89
167 90
167 92
167 96
167 97
167 98
167 100
167 103
167 107
167 110
167 112
167 114
167 116
167 120
167 122
167 125
167 128
167 130
167 131
167 136
167 138
167 139
167 142
167 146
167 147
167 156
167 157
167 158
167 159
167 161
167 162
167 164
167 165
167 166
167 169
167 170
167 173
167 175
167 176
167 178
167 180
167 182
167 189
167 190
167 194
167 196
167 200
167 203
167 205
167 209
167 213
167 215
167 218
167 230
167 233
167 234
167 236
167 237
167 240
167 241
167 242
167 244
167 245
167 250
167 251
167 253
167 254
168 2
168 27
168 102
168 111
168 222
169 3
169 4
169 5
169 6
169 8
169 9
169 10
169 11
169 13
169 15
169 16
169 19
169 21
169 22
169 25
169 29
169 31
169 32
169 34
169 36
169 39
169 40
169 43
169 44
169 46
169 47
169 52
169 56
169 58
169 59
169 61
169 63
169 65
169 67
169 69
169 71
169 73
169 77
169 78
169 79
169 81
169 85
169 88
169 89
169 90
169 92
169 96
169 97
169 98
169 100
169 103
169 107
169 110
169 112
169 114
169 116
169 120
169 122
169 125
169 128
169 130
169 131
169 136
169 138
169 139
169 142
169 146
169 147
169 156
169 157
169 158
169 159
169 161
169 162
169 164
169 165
169 166
169 167
169 170
169 173
169 175
169 176
169 178
169 180
169 182
169 189
169 190
169 194
169 196
169 200
169 203
169 205
169 209
169 213
169 215
169 218
169 230
169 233
169 234
169 236
169 237
169 240
169 241
169 242
169 244
169 245
169 250
169 251
169 253
169 254
170 3
170 4
170 5
170 6
170 8
170 9
170 10
170 11
170 13
170 15
170 16
170 19
170 21
170 22
170 25
170 29
170 31
170 32
170 34
170 36
170 39
170 40
170 43
170 44
170 46
170 47
170 52
170 56
170 58
170 59
170 61
170 63
170 65
170 67
170 69
170 71
170 73
170 77
170 78
170 79
170 81
170 85
170 88
170 89
170 90
170 92
170 96
170 97
170 98
170 100
170 103
170 107
170 110
170 112
170 114
170 116
170 120
170 122
170 125
170 128
170 130
170 131
170 136
170 138
170 139
170 142
170 146
170 147
170 156
170 157
170 158
170 159
170 161
170 162
170 164
170 165
170 166
170 167
170 169
170 173
170 175
170 176
170 178
170 180
170 182
170 189
170 190
170 194
170 196
170 200
170 203
170 205
170 209
170 213
170 215
170 218
170 230
170 233
170 234
170 236
170 237
170 240
170 241
170 242
170 244
170 245
170 250
170 251
170 253
170 254
171 74
171 115
172 220
172 249
173 3
173 4
173 5
173 6
173 8
173 9
173 10
173 11
173 13
173 15
173 16
173 19
173 21
173 22
173 25
173 29
173 31
173 32
173 34
173 36
173 39
173 40
173 43
173 44
173 46
173 47
173 52
173 56
173 58
173 59
173 61
173 63
173 65
173 67
173 69
173 71
173 73
173 77
173 78
173 79
173 81
173 85
173 88
173 89
173 90
173 92
173 96
173 97
173 98
173 100
173 103
173 107
173 110
173 112
173 114
173 116
173 120
173 122
173 125
173 128
173 130
173 131
173 136
173 138
173 139
173 142
173 146
173 147
173 156
173 157
173 158
173 159
173 161
173 162
173 164
173 165
173 166
173 167
173 169
173 170
173 175
173 176
173 178
173 180
173 182
173 189
173 190
173 194
173 196
173 200
173 203
173 205
173 209
173 213
173 215
173 218
173 230
173 233
173 234
173 236
173 237
173 240
173 241
173 242
173 244
173 245
173 250
173 251
173 253
173 254
174 235
175 3
175 4
175 5
175 6
175 8
175 9
175 10
175 11
175 13
175 15
175 16
175 19
175 21
175 22
175 25
175 29
175 31
175 32
175 34
175 36
175 39
175 40
175 43
175 44
175 46
175 47
175 52
175 56
175 58
175 59
175 61
175 63
175 65
175 67
175 69
175 71
175 73
175 77
175 78
175 79
175 81
175 85
175 88
175 89
175 90
175 92
175 96
175 97
175 98
175 100
175 103
175 107
175 110
175 112
175 114
175 116
175 120
175 122
175 125
175 128
175 130
175 131
175 136
175 138
175 139
175 142
175 146
175 147
175 156
175 157
175 158
175 159
175 161
175 162
175 164
175 165
175 166
175 167
175 169
175 170
175 173
175 176
175 178
175 180
175 182
175 189
175 190
175 194
175 196
175 200
175 203
175 205
175 209
175 213
175 215
175 218
175 230
175 233
175 234
175 236
175 237
175 240
175 241
175 242
175 244
175 245
175 250
175 251
175 253
175 254
176 3
176 4
176 5
176 6
176 8
176 9
176 10
176 11
176 13
176 15
176 16
176 19
176 21
176 22
176 25
176 29
176 31
176 32
176 34
176 36
176 39
176 40
176 43
176 44
176 46
176 47
176 52
176 56
176 58
176 59
176 61
176 63
176 65
176 67
176 69
176 71
176 73
176 77
176 78
176 79
176 81
176 85
176 88
176 89
176 90
176 92
176 96
176 97
176 98
176 100
176 103
176 107
176 110
176 112
176 114
176 116
176 120
176 122
176 125
176 128
176 130
176 131
176 136
176 138
176 139
176 142
176 146
176 147
176 156
176 157
176 158
176 159
176 161
176 162
176 164
176 165
176 166
176 167
176 169
176 170
176 173
176 175
176 178
176 180
176 182
176 189
176 190
176 194
176 196
176 200
176 203
176 205
176 209
176 213
176 215
176 218
176 230
176 233
176 234
176 236
176 237
176 240
176 241
176 242
176 244
176 245
176 250
176 251
176 253
176 254
177 76
178 3
178 4
178 5
178 6
178 8
178 9
178 10
178 11
178 13
178 15
178 16
178 19
178 21
178 22
178 25
178 29
178 31
178 32
178 34
178 36
178 39
178 40
178 43
178 44
178 46
178 47
178 52
178 56
178 58
178 59
178 61
178 63
178 65
178 67
178 69
178 71
178 73
178 77
178 78
178 79
178 81
178 85
178 88
178 89
178 90
178 92
178 96
178 97
178 98
178 100
178 103
178 107
178 110
178 112
178 114
178 116
178 120
178 122
178 125
178 128
178 130
178 131
178 136
178 138
178 139
178 142
178 146
178 147
178 156
178 157
178 158
178 159
178 161
178 162
178 164
178 165
178 166
178 167
178 169
178 170
178 173
178 175
178 176
178 180
178 182
178 189
178 190
178 194
178 196
178 200
178 203
178 205
178 209
178 213
178 215
178 218
178 230
178 233
178 234
178 236
178 237
178 240
178 241
178 242
178 244
178 245
178 250
178 251
178 253
178 254
180 3
180 4
180 5
180 6
180 8
180 9
180 10
180 11
180 13
180 15
180 16
180 19
180 21
180 22
180 25
180 29
180 31
180 32
180 34
180 36
180 39
180 40
180 43
180 44
180 46
180 47
180 52
180 56
180 58
180 59
180 61
180 63
180 65
180 67
180 69
180 71
180 73
180 77
180 78
180 79
180 81
180 85
180 88
180 89
180 90
180 92
180 96
180 97
180 98
180 100
180 103
180 107
180 110
180 112
180 114
180 116
180 120
180 122
180 125
180 128
180 130
180 131
180 136
180 138
180 139
180 142
180 146
180 147
180 156
180 157
180 158
180 159
180 161
180 162
180 164
180 165
180 166
180 167
180 169
180 170
180 173
180 175
180 176
180 178
180 182
180 189
180 190
180 194
180 196
180 200
180 203
180 205
180 209
180 213
180 215
180 218
180 230
180 233
180 234
180 236
180 237
180 240
180 241
180 242
180 244
180 245
180 250
180 251
180 253
180 254
182 3
182 4
182 5
182 6
182 8
182 9
182 10
182 11
182 13
182 15
182 16
182 19
182 21
182 22
182 25
182 29
182 31
182 32
182 34
182 36
182 39
182 40
182 43
182 44
182 46
182 47
182 52
182 56
182 58
182 59
182 61
182 63
182 65
182 67
182 69
182 71
182 73
182 77
182 78
182 79
182 81
182 85
182 88
182 89
182 90
182 92
182 96
182 97
182 98
182 100
182 103
182 107
182 110
182 112
182 114
182 116
182 120
182 122
182 125
182 128
182 130
182 131
182 136
182 138
182 139
182 142
182 146
182 147
182 156
182 157
182 158
182 159
182 161
182 162
182 164
182 165
182 166
182 167
182 169
182 170
182 173
182 175
182 176
182 178
182 180
182 189
182 190
182 194
182 196
182 200
182 203
182 205
182 209
182 213
182 215
182 218
182 230
182 233
182 234
182 236
182 237
182 240
182 241
182 242
182 244
182 245
182 250
182 251
182 253
182 254
184 68
185 18
185 41
185 45
185 70
185 84
185 108
185 133
185 152
185 191
185 226
185 232
186 53
188 24
189 3
189 4
189 5
189 6
189 8
189 9
189 10
189 11
189 13
189 15
189 16
189 19
189 21
189 22
189 25
189 29
189 31
189 32
189 34
189 36
189 39
189 40
189 43
189 44
189 46
189 47
189 52
189 56
189 58
189 59
189 61
189 63
189 65
189 67
189 69
189 71
189 73
189 77
189 78
189 79
189 81
189 85
189 88
189 89
189 90
189 92
189 96
189 97
189 98
189 100
189 103
189 107
189 110
189 112
189 114
189 116
189 120
189 122
189 125
189 128
189 130
189 131
189 136
189 138
189 139
189 142
189 146
189 147
189 156
189 157
189 158
189 159
189 161
189 162
189 164
189 165
189 166
189 167
189 169
189 170
189 173
189 175
189 176
189 178
189 180
189 182
189 190
189 194
189 196
189 200
189 203
189 205
189 209
189 213
189 215
189 218
189 230
189 233
189 234
189 236
189 237
189 240
189 241
189 242
189 244
189 245
189 250
189 251
189 253
189 254
190 3
190 4
190 5
190 6
190 8
190 9
190 10
190 11
190 13
190 15
190 16
190 19
190 21
190 22
190 25
190 29
190 31
190 32
190 34
190 36
190 39
190 40
190 43
190 44
190 46
190 47
190 52
190 56
190 58
190 59
190 61
190 63
190 65
190 67
190 69
190 71
190 73
190 77
190 78
190 79
190 81
190 85
190 88
190 89
190 90
190 92
190 96
190 97
190 98
190 100
190 103
190 107
190 110
190 112
190 114
190 116
190 120
190 122
190 125
190 128
190 130
190 131
190 136
190 138
190 139
190 142
190 146
190 147
190 156
190 157
190 158
190 159
190 161
190 162
190 164
190 165
190 166
190 167
190 169
190 170
190 173
190 175
190 176
190 178
190 180
190 182
190 189
190 194
190 196
190 200
190 203
190 205
190 209
190 213
190 215
190 218
190 230
190 233
190 234
190 236
190 237
190 240
190 241
190 242
190 244
190 245
190 250
190 251
190 253
190 254
191 18
191 41
191 45
191 70
191 84
191 108
191 133
191 152
191 185
191 226
191 232
193 33
193 48
194 3
194 4
194 5
194 6
194 8
194 9
194 10
194 11
194 13
194 15
194 16
194 19
194 21
194 22
194 25
194 29
194 31
194 32
194 34
194 36
194 39
194 40
194 43
194 44
194 46
194 47
194 52
194 56
194 58
194 59
194 61
194 63
194 65
194 67
194 69
194 71
194 73
194 77
194 78
194 79
194 81
194 85
194 88
194 89
194 90
194 92
194 96
194 97
194 98
194 100
194 103
194 107
194 110
194 112
194 114
194 116
194 120
194 122
194 125
194 128
194 130
194 131
194 136
194 138
194 139
194 142
194 146
194 147
194 156
194 157
194 158
194 159
194 161
194 162
194 164
194 165
194 166
194 167
194 169
194 170
194 173
194 175
194 176
194 178
194 180
194 182
194 189
194 190
194 196
194 200
194 203
194 205
194 209
194 213
194 215
194 218
194 230
194 233
194 234
194 236
194 237
194 240
194 241
194 242
194 244
194 245
194 250
194 251
194 253
194 254
196 3
196 4
196 5
196 6
196 8
196 9
196 10
196 11
196 13
196 15
196 16
196 19
196 21
196 22
196 25
196 29
196 31
196 32
196 34
196 36
196 39
196 40
196 43
196 44
196 46
196 47
196 52
196 56
196 58
196 59
196 61
196 63
196 65
196 67
196 69
196 71
196 73
196 77
196 78
196 79
196 81
196 85
196 88
196 89
196 90
196 92
196 96
196 97
196 98
196 100
196 103
196 107
196 110
196 112
196 114
196 116
196 120
196 122
196 125
196 128
196 130
196 131
196 136
196 138
196 139
196 142
196 146
196 147
196 156
196 157
196 158
196 159
196 161
196 162
196 164
196 165
196 166
196 167
196 169
196 170
196 173
196 175
196 176
196 178
196 180
196 182
196 189
196 190
196 194
196 200
196 203
196 205
196 209
196 213
196 215
196 218
196 230
196 233
196 234
196 236
196 237
196 240
196 241
196 242
196 244
196 245
196 250
196 251
196 253
196 254
197 95
199 75
199 86
199 148
199 151
199 204
200 3
200 4
200 5
200 6
200 8
200 9
200 10
200 11
200 13
200 15
200 16
200 19
200 21
200 22
200 25
200 29
200 31
200 32
200 34
200 36
200 39
200 40
200 43
200 44
200 46
200 47
200 52
200 56
200 58
200 59
200 61
200 63
200 65
200 67
200 69
200 71
200 73
200 77
200 78
200 79
200 81
200 85
200 88
200 89
200 90
200 92
200 96
200 97
200 98
200 100
200 103
200 107
200 110
200 112
200 114
200 116
200 120
200 122
200 125
200 128
200 130
200 131
200 136
200 138
200 139
200 142
200 146
200 147
200 156
200 157
200 158
200 159
200 161
200 162
200 164
200 165
200 166
200 167
200 169
200 170
200 173
200 175
200 176
200 178
200 180
200 182
200 189
200 190
200 194
200 196
200 203
200 205
200 209
200 213
200 215
200 218
200 230
200 233
200 234
200 236
200 237
200 240
200 241
200 242
200 244
200 245
200 250
200 251
200 253
200 254
201 14
201 35
201 129
201 132
201 143
201 144
201 149
201 214
201 219
201 224
201 225
203 3
203 4
203 5
203 6
203 8
203 9
203 10
203 11
203 13
203 15
203 16
203 19
203 21
203 22
203 25
203 29
203 31
203 32
203 34
203 36
203 39
203 40
203 43
203 44
203 46
203 47
203 52
203 56
203 58
203 59
203 61
203 63
203 65
203 67
203 69
203 71
203 73
203 77
203 78
203 79
203 81
203 85
203 88
203 89
203 90
203 92
203 96
203 97
203 98
203 100
203 103
203 107
203 110
203 112
203 114
203 116
203 120
203 122
203 125
203 128
203 130
203 131
203 136
203 138
203 139
203 142
203 146
203 147
203 156
203 157
203 158
203 159
203 161
203 162
203 164
203 165
203 166
203 167
203 169
203 170
203 173
203 175
203 176
203 178
203 180
203 182
203 189
203 190
203 194
203 196
203 200
203 205
203 209
203 213
203 215
203 218
203 230
203 233
203 234
203 236
203 237
203 240
203 241
203 242
203 244
203 245
203 250
203 251
203 253
203 254
204 75
204 86
204 148
204 151
204 199
205 3
205 4
205 5
205 6
205 8
205 9
205 10
205 11
205 13
205 15
205 16
205 19
205 21
205 22
205 25
205 29
205 31
205 32
205 34
205 36
205 39
205 40
205 43
205 44
205 46
205 47
205 52
205 56
205 58
205 59
205 61
205 63
205 65
205 67
205 69
205 71
205 73
205 77
205 78
205 79
205 81
205 85
205 88
205 89
205 90
205 92
205 96
205 97
205 98
205 100
205 103
205 107
205 110
205 112
205 114
205 116
205 120
205 122
205 125
205 128
205 130
205 131
205 136
205 138
205 139
205 142
205 146
205 147
205 156
205 157
205 158
205 159
205 161
205 162
205 164
205 165
205 166
205 167
205 169
205 170
205 173
205 175
205 176
205 178
205 180
205 182
205 189
205 190
205 194
205 196
205 200
205 203
205 209
205 213
205 215
205 218
205 230
205 233
205 234
205 236
205 237
205 240
205 241
205 242
205 244
205 245
205 250
205 251
205 253
205 254
207 155
208 118
209 3
209 4
209 5
209 6
209 8
209 9
209 10
209 11
209 13
209 15
209 16
209 19
209 21
209 22
209 25
209 29
209 31
209 32
209 34
209 36
209 39
209 40
209 43
209 44
209 46
209 47
209 52
209 56
209 58
209 59
209 61
209 63
209 65
209 67
209 69
209 71
209 73
209 77
209 78
209 79
209 81
209 85
209 88
209 89
209 90
209 92
209 96
209 97
209 98
209 100
209 103
209 107
209 110
209 112
209 114
209 116
209 120
209 122
209 125
209 128
209 130
209 131
209 136
209 138
209 139
209 142
209 146
209 147
209 156
209 157
209 158
209 159
209 161
209 162
209 164
209 165
209 166
209 167
209 169
209 170
209 173
209 175
209 176
209 178
209 180
209 182
209 189
209 190
209 194
209 196
209 200
209 203
209 205
209 213
209 215
209 218
209 230
209 233
209 234
209 236
209 237
209 240
209 241
209 242
209 244
209 245
209 250
209 251
209 253
209 254
210 135
210 141
210 211
211 135
211 141
211 210
212 50
212 121
212 217
213 3
213 4
213 5
213 6
213 8
213 9
213 10
213 11
213 13
213 15
213 16
213 19
213 21
213 22
213 25
213 29
213 31
213 32
213 34
213 36
213 39
213 40
213 43
213 44
213 46
213 47
213 52
213 56
213 58
213 59
213 61
213 63
213 65
213 67
213 69
213 71
213 73
213 77
213 78
213 79
213 81
213 85
213 88
213 89
213 90
213 92
213 96
213 97
213 98
213 100
213 103
213 107
213 110
213 112
213 114
213 116
213 120
213 122
213 125
213 128
213 130
213 131
213 136
213 138
213 139
213 142
213 146
213 147
213 156
213 157
213 158
213 159
213 161
213 162
213 164
213 165
213 166
213 167
213 169
213 170
213 173
213 175
213 176
213 178
213 180
213 182
213 189
213 190
213 194
213 196
213 200
213 203
213 205
213 209
213 215
213 218
213 230
213 233
213 234
213 236
213 237
213 240
213 241
213 242
213 244
213 245
213 250
213 251
213 253
213 254
214 14
214 35
214 129
214 132
214 143
214 144
214 149
214 201
214 219
214 224
214 225
215 3
215 4
215 5
215 6
215 8
215 9
215 10
215 11
215 13
215 15
215 16
215 19
215 21
215 22
215 25
215 29
215 31
215 32
215 34
215 36
215 39
215 40
215 43
215 44
215 46
215 47
215 52
215 56
215 58
215 59
215 61
215 63
215 65
215 67
215 69
215 71
215 73
215 77
215 78
215 79
215 81
215 85
215 88
215 89
215 90
215 92
215 96
215 97
215 98
215 100
215 103
215 107
215 110
215 112
215 114
215 116
215 120
215 122
215 125
215 128
215 130
215 131
215 136
215 138
215 139
215 142
215 146
215 147
215 156
215 157
215 158
215 159
215 161
215 162
215 164
215 165
215 166
215 167
215 169
215 170
215 173
215 175
215 176
215 178
215 180
215 182
215 189
215 190
215 194
215 196
215 200
215 203
215 205
215 209
215 213
215 218
215 230
215 233
215 234
215 236
215 237
215 240
215 241
215 242
215 244
215 245
215 250
215 251
215 253
215 254
216 66
216 72
217 50
217 121
217 212
218 3
218 4
218 5
218 6
218 8
218 9
218 10
218 11
218 13
218 15
218 16
218 19
218 21
218 22
218 25
218 29
218 31
218 32
218 34
218 36
218 39
218 40
218 43
218 44
218 46
218 47
218 52
218 56
218 58
218 59
218 61
218 63
218 65
218 67
218 69
218 71
218 73
218 77
218 78
218 79
218 81
218 85
218 88
218 89
218 90
218 92
218 96
218 97
218 98
218 100
218 103
218 107
218 110
218 112
218 114
218 116
218 120
218 122
218 125
218 128
218 130
218 131
218 136
218 138
218 139
218 142
218 146
218 147
218 156
218 157
218 158
218 159
218 161
218 162
218 164
218 165
218 166
218 167
218 169
218 170
218 173
218 175
218 176
218 178
218 180
218 182
218 189
218 190
218 194
218 196
218 200
218 203
218 205
218 209
218 213
218 215
218 230
218 233
218 234
218 236
218 237
218 240
218 241
218 242
218 244
218 245
218 250
218 251
218 253
218 254
219 14
219 35
219 129
219 132
219 143
219 144
219 149
219 201
219 214
219 224
219 225
220 172
220 249
221 247
222 2
222 27
222 102
222 111
222 168
224 14
224 35
224 129
224 132
224 143
224 144
224 149
224 201
224 214
224 219
224 225
225 14
225 35
225 129
225 132
225 143
225 144
225 149
225 201
225 214
225 219
225 224
226 18
226 41
226 45
226 70
226 84
226 108
226 133
226 152
226 185
226 191
226 232
228 37
228 160
229 54
229 124
229 137
229 239
229 252
230 3
230 4
230 5
230 6
230 8
230 9
230 10
230 11
230 13
230 15
230 16
230 19
230 21
230 22
230 25
230 29
230 31
230 32
230 34
230 36
230 39
230 40
230 43
230 44
230 46
230 47
230 52
230 56
230 58
230 59
230 61
230 63
230 65
230 67
230 69
230 71
230 73
230 77
230 78
230 79
230 81
230 85
230 88
230 89
230 90
230 92
230 96
230 97
230 98
230 100
230 103
230 107
230 110
230 112
230 114
230 116
230 120
230 122
230 125
230 128
230 130
230 131
230 136
230 138
230 139
230 142
230 146
230 147
230 156
230 157
230 158
230 159
230 161
230 162
230 164
230 165
230 166
230 167
230 169
230 170
230 173
230 175
230 176
230 178
230 180
230 182
230 189
230 190
230 194
230 196
230 200
230 203
230 205
230 209
230 213
230 215
230 218
230 233
230 234
230 236
230 237
230 240
230 241
230 242
230 244
230 245
230 250
230 251
230 253
230 254
231 246
231 248
232 18
232 41
232 45
232 70
232 84
232 108
232 133
232 152
232 185
232 191
232 226
233 3
233 4
233 5
233 6
233 8
233 9
233 10
233 11
233 13
233 15
233 16
233 19
233 21
233 22
233 25
233 29
233 31
233 32
233 34
233 36
233 39
233 40
233 43
233 44
233 46
233 47
233 52
233 56
233 58
233 59
233 61
233 63
233 65
233 67
233 69
233 71
233 73
233 77
233 78
233 79
233 81
233 85
233 88
233 89
233 90
233 92
233 96
233 97
233 98
233 100
233 103
233 107
233 110
233 112
233 114
233 116
233 120
233 122
233 125
233 128
233 130
233 131
233 136
233 138
233 139
233 142
233 146
233 147
233 156
233 157
233 158
233 159
233 161
233 162
233 164
233 165
233 166
233 167
233 169
233 170
233 173
233 175
233 176
233 178
233 180
233 182
233 189
233 190
233 194
233 196
233 200
233 203
233 205
233 209
233 213
233 215
233 218
233 230
233 234
233 236
233 237
233 240
233 241
233 242
233 244
233 245
233 250
233 251
233 253
233 254
234 3
234 4
234 5
234 6
234 8
234 9
234 10
234 11
234 13
234 15
234 16
234 19
234 21
234 22
234 25
234 29
234 31
234 32
234 34
234 36
234 39
234 40
234 43
234 44
234 46
234 47
234 52
234 56
234 58
234 59
234 61
234 63
234 65
234 67
234 69
234 71
234 73
234 77
234 78
234 79
234 81
234 85
234 88
234 89
234 90
234 92
234 96
234 97
234 98
234 100
234 103
234 107
234 110
234 112
234 114
234 116
234 120
234 122
234 125
234 128
234 130
234 131
234 136
234 138
234 139
234 142
234 146
234 147
234 156
234 157
234 158
234 159
234 161
234 162
234 164
234 165
234 166
234 167
234 169
234 170
234 173
234 175
234 176
234 178
234 180
234 182
234 189
234 190
234 194
234 196
234 200
234 203
234 205
234 209
234 213
234 215
234 218
234 230
234 233
234 236
234 237
234 240
234 241
234 242
234 244
234 245
234 250
234 251
234 253
234 254
235 38
235 174
236 3
236 4
236 5
236 6
236 8
236 9
236 10
236 11
236 13
236 15
236 16
236 19
236 21
236 22
236 25
236 29
236 31
236 32
236 34
236 36
236 39
236 40
236 43
236 44
236 46
236 47
236 52
236 56
236 58
236 59
236 61
236 63
236 65
236 67
236 69
236 71
236 73
236 77
236 78
236 79
236 81
236 85
236 88
236 89
236 90
236 92
236 96
236 97
236 98
236 100
236 103
236 107
236 110
236 112
236 114
236 116
236 120
236 122
236 125
236 128
236 130
236 131
236 136
236 138
236 139
236 142
236 146
236 147
236 156
236 157
236 158
236 159
236 161
236 162
236 164
236 165
236 166
236 167
236 169
236 170
236 173
236 175
236 176
236 178
236 180
236 182
236 189
236 190
236 194
236 196
236 200
236 203
236 205
236 209
236 213
236 215
236 218
236 230
236 233
236 234
236 237
236 240
236 241
236 242
236 244
236 245
236 250
236 251
236 253
236 254
237 3
237 4
237 5
237 6
237 8
237 9
237 10
237 11
237 13
237 15
237 16
237 19
237 21
237 22
237 25
237 29
237 31
237 32
237 34
237 36
237 39
237 40
237 43
237 44
237 46
237 47
237 52
237 56
237 58
237 59
237 61
237 63
237 65
237 67
237 69
237 71
237 73
237 77
237 78
237 79
237 81
237 85
237 88
237 89
237 90
237 92
237 96
237 97
237 98
237 100
237 103
237 107
237 110
237 112
237 114
237 116
237 120
237 122
237 125
237 128
237 130
237 131
237 136
237 138
237 139
237 142
237 146
237 147
237 156
237 157
237 158
237 159
237 161
237 162
237 164
237 165
237 166
237 167
237 169
237 170
237 173
237 175
237 176
237 178
237 180
237 182
237 189
237 190
237 194
237 196
237 200
237 203
237 205
237 209
237 213
237 215
237 218
237 230
237 233
237 234
237 236
237 240
237 241
237 242
237 244
237 245
237 250
237 251
237 253
237 254
238 17
239 54
239 124
239 137
239 229
239 252
240 3
240 4
240 5
240 6
240 8
240 9
240 10
240 11
240 13
240 15
240 16
240 19
240 21
240 22
240 25
240 29
240 31
240 32
240 34
240 36
240 39
240 40
240 43
240 44
240 46
240 47
240 52
240 56
240 58
240 59
240 61
240 63
240 65
240 67
240 69
240 71
240 73
240 77
240 78
240 79
240 81
240 85
240 88
240 89
240 90
240 92
240 96
240 97
240 98
240 100
240 103
240 107
240 110
240 112
240 114
240 116
240 120
240 122
240 125
240 128
240 130
240 131
240 136
240 138
240 139
240 142
240 146
240 147
240 156
240 157
240 158
240 159
240 161
240 162
240 164
240 165
240 166
240 167
240 169
240 170
240 173
240 175
240 176
240 178
240 180
240 182
240 189
240 190
240 194
240 196
240 200
240 203
240 205
240 209
240 213
240 215
240 218
240 230
240 233
240 234
240 236
240 237
240 241
240 242
240 244
240 245
240 250
240 251
240 253
240 254
241 3
241 4
241 5
241 6
241 8
241 9
241 10
241 11
241 13
241 15
241 16
241 19
241 21
241 22
241 25
241 29
241 31
241 32
241 34
241 36
241 39
241 40
241 43
241 44
241 46
241 47
241 52
241 56
241 58
241 59
241 61
241 63
241 65
241 67
241 69
241 71
241 73
241 77
241 78
241 79
241 81
241 85
241 88
241 89
241 90
241 92
241 96
241 97
241 98
241 100
241 103
241 107
241 110
241 112
241 114
241 116
241 120
241 122
241 125
241 128
241 130
241 131
241 136
241 138
241 139
241 142
241 146
241 147
241 156
241 157
241 158
241 159
241 161
241 162
241 164
241 165
241 166
241 167
241 169
241 170
241 173
241 175
241 176
241 178
241 180
241 182
241 189
241 190
241 194
241 196
241 200
241 203
241 205
241 209
241 213
241 215
241 218
241 230
241 233
241 234
241 236
241 237
241 240
241 242
241 244
241 245
241 250
241 251
241 253
241 254
242 3
242 4
242 5
242 6
242 8
242 9
242 10
242 11
242 13
242 15
242 16
242 19
242 21
242 22
242 25
242 29
242 31
242 32
242 34
242 36
242 39
242 40
242 43
242 44
242 46
242 47
242 52
242 56
242 58
242 59
242 61
242 63
242 65
242 67
242 69
242 71
242 73
242 77
242 78
242 79
242 81
242 85
242 88
242 89
242 90
242 92
242 96
242 97
242 98
242 100
242 103
242 107
242 110
242 112
242 114
242 116
242 120
242 122
242 125
242 128
242 130
242 131
242 136
242 138
242 139
242 142
242 146
242 147
242 156
242 157
242 158
242 159
242 161
242 162
242 164
242 165
242 166
242 167
242 169
242 170
242 173
242 175
242 176
242 178
242 180
242 182
242 189
242 190
242 194
242 196
242 200
242 203
242 205
242 209
242 213
242 215
242 218
242 230
242 233
242 234
242 236
242 237
242 240
242 241
242 244
242 245
242 250
242 251
242 253
242 254
244 3
244 4
244 5
244 6
244 8
244 9
244 10
244 11
244 13
244 15
244 16
244 19
244 21
244 22
244 25
244 29
244 31
244 32
244 34
244 36
244 39
244 40
244 43
244 44
244 46
244 47
244 52
244 56
244 58
244 59
244 61
244 63
244 65
244 67
244 69
244 71
244 73
244 77
244 78
244 79
244 81
244 85
244 88
244 89
244 90
244 92
244 96
244 97
244 98
244 100
244 103
244 107
244 110
244 112
244 114
244 116
244 120
244 122
244 125
244 128
244 130
244 131
244 136
244 138
244 139
244 142
244 146
244 147
244 156
244 157
244 158
244 159
244 161
244 162
244 164
244 165
244 166
244 167
244 169
244 170
244 173
244 175
244 176
244 178
244 180
244 182
244 189
244 190
244 194
244 196
244 200
244 203
244 205
244 209
244 213
244 215
244 218
244 230
244 233
244 234
244 236
244 237
244 240
244 241
244 242
244 245
244 250
244 251
244 253
244 254
245 3
245 4
245 5
245 6
245 8
245 9
245 10
245 11
245 13
245 15
245 16
245 19
245 21
245 22
245 25
245 29
245 31
245 32
245 34
245 36
245 39
245 40
245 43
245 44
245 46
245 47
245 52
245 56
245 58
245 59
245 61
245 63
245 65
245 67
245 69
245 71
245 73
245 77
245 78
245 79
245 81
245 85
245 88
245 89
245 90
245 92
245 96
245 97
245 98
245 100
245 103
245 107
245 110
245 112
245 114
245 116
245 120
245 122
245 125
245 128
245 130
245 131
245 136
245 138
245 139
245 142
245 146
245 147
245 156
245 157
245 158
245 159
245 161
245 162
245 164
245 165
245 166
245 167
245 169
245 170
245 173
245 175
245 176
245 178
245 180
245 182
245 189
245 190
245 194
245 196
245 200
245 203
245 205
245 209
245 213
245 215
245 218
245 230
245 233
245 234
245 236
245 237
245 240
245 241
245 242
245 244
245 250
245 251
245 253
245 254
246 231
246 248
247 221
248 231
248 246
249 172
249 220
250 3
250 4
250 5
250 6
250 8
250 9
250 10
250 11
250 13
250 15
250 16
250 19
250 21
250 22
250 25
250 29
250 31
250 32
250 34
250 36
250 39
250 40
250 43
250 44
250 46
250 47
250 52
250 56
250 58
250 59
250 61
250 63
250 65
250 67
250 69
250 71
250 73
250 77
250 78
250 79
250 81
250 85
250 88
250 89
250 90
250 92
250 96
250 97
250 98
250 100
250 103
250 107
250 110
250 112
250 114
250 116
250 120
250 122
250 125
250 128
250 130
250 131
250 136
250 138
250 139
250 142
250 146
250 147
250 156
250 157
250 158
250 159
250 161
250 162
250 164
250 165
250 166
250 167
250 169
250 170
250 173
250 175
250 176
250 178
250 180
250 182
250 189
250 190
250 194
250 196
250 200
250 203
250 205
250 209
250 213
250 215
250 218
250 230
250 233
250 234
250 236
250 237
250 240
250 241
250 242
250 244
250 245
250 251
250 253
250 254
251 3
251 4
251 5
251 6
251 8
251 9
251 10
251 11
251 13
251 15
251 16
251 19
251 21
251 22
251 25
251 29
251 31
251 32
251 34
251 36
251 39
251 40
251 43
251 44
251 46
251 47
251 52
251 56
251 58
251 59
251 61
251 63
251 65
251 67
251 69
251 71
251 73
251 77
251 78
251 79
251 81
251 85
251 88
251 89
251 90
251 92
251 96
251 97
251 98
251 100
251 103
251 107
251 110
251 112
251 114
251 116
251 120
251 122
251 125
251 128
251 130
251 131
251 136
251 138
251 139
251 142
251 146
251 147
251 156
251 157
251 158
251 159
251 161
251 162
251 164
251 165
251 166
251 167
251 169
251 170
251 173
251 175
251 176
251 178
251 180
251 182
251 189
251 190
251 194
251 196
251 200
251 203
251 205
251 209
251 213
251 215
251 218
251 230
251 233
251 234
251 236
251 237
251 240
251 241
251 242
251 244
251 245
251 250
251 253
251 254
252 54
252 124
252 137
252 229
252 239
253 3
253 4
253 5
253 6
253 8
253 9
253 10
253 11
253 13
253 15
253 16
253 19
253 21
253 22
253 25
253 29
253 31
253 32
253 34
253 36
253 39
253 40
253 43
253 44
253 46
253 47
253 52
253 56
253 58
253 59
253 61
253 63
253 65
253 67
253 69
253 71
253 73
253 77
253 78
253 79
253 81
253 85
253 88
253 89
253 90
253 92
253 96
253 97
253 98
253 100
253 103
253 107
253 110
253 112
253 114
253 116
253 120
253 122
253 125
253 128
253 130
253 131
253 136
253 138
253 139
253 142
253 146
253 147
253 156
253 157
253 158
253 159
253 161
253 162
253 164
253 165
253 166
253 167
253 169
253 170
253 173
253 175
253 176
253 178
253 180
253 182
253 189
253 190
253 194
253 196
253 200
253 203
253 205
253 209
253 213
253 215
253 218
253 230
253 233
253 234
253 236
253 237
253 240
253 241
253 242
253 244
253 245
253 250
253 251
253 254
254 3
254 4
254 5
254 6
254 8
254 9
254 10
254 11
254 13
254 15
254 16
254 19
254 21
254 22
254 25
254 29
254 31
254 32
254 34
254 36
254 39
254 40
254 43
254 44
254 46
254 47
254 52
254 56
254 58
254 59
254 61
254 63
254 65
254 67
254 69
254 71
254 73
254 77
254 78
254 79
254 81
254 85
254 88
254 89
254 90
254 92
254 96
254 97
254 98
254 100
254 103
254 107
254 110
254 112
254 114
254 116
254 120
254 122
254 125
254 128
254 130
254 131
254 136
254 138
254 139
254 142
254 146
254 147
254 156
254 157
254 158
254 159
254 161
254 162
254 164
254 165
254 166
254 167
254 169
254 170
254 173
254 175
254 176
254 178
254 180
254 182
254 189
254 190
254 194
254 196
254 200
254 203
254 205
254 209
254 213
254 215
254 218
254 230
254 233
254 234
254 236
254 237
254 240
254 241
254 242
254 244
254 245
254 250
254 251
254 253
