32 214
0 3
0 4
0 6
0 11
0 12
0 13
0 14
0 17
0 20
0 23
0 27
0 29
0 30
0 31
3 0
3 4
3 6
3 11
3 12
3 13
3 14
3 17
3 20
3 23
3 27
3 29
3 30
3 31
4 0
4 3
4 6
4 11
4 12
4 13
4 14
4 17
4 20
4 23
4 27
4 29
4 30
4 31
6 0
6 3
6 4
6 11
6 12
6 13
6 14
6 17
6 20
6 23
6 27
6 29
6 30
6 31
8 15
11 0
11 3
11 4
11 6
11 12
11 13
11 14
11 17
11 20
11 23
11 27
11 29
11 30
11 31
12 0
12 3
12 4
12 6
12 11
12 13
12 14
12 17
12 20
12 23
12 27
12 29
12 30
12 31
13 0
13 3
13 4
13 6
13 11
13 12
13 14
13 17
13 20
13 23
13 27
13 29
13 30
13 31
14 0
14 3
14 4
14 6
14 11
14 12
14 13
14 17
14 20
14 23
14 27
14 29
14 30
14 31
15 8
16 19
17 0
17 3
17 4
17 6
17 11
17 12
17 13
17 14
17 20
17 23
17 27
17 29
17 30
17 31
19 16
20 0
20 3
20 4
20 6
20 11
20 12
20 13
20 14
20 17
20 23
20 27
20 29
20 30
20 31
23 0
23 3
23 4
23 6
23 11
23 12
23 13
23 14
23 17
23 20
23 27
23 29
23 30
23 31
27 0
27 3
27 4
27 6
27 11
27 12
27 13
27 14
27 17
27 20
27 23
27 29
27 30
27 31
29 0
29 3
29 4
29 6
29 11
29 12
29 13
29 14
29 17
29 20
29 23
29 27
29 30
29 31
30 0
30 3
30 4
30 6
30 11
30 12
30 13
30 14
30 17
30 20
30 23
30 27
30 29
30 31
31 0
31 3
31 4
31 6
31 11
31 12
31 13
31 14
31 17
31 20
31 23
31 27
31 29
31 30
