32 164
1 15
1 16
1 18
1 23
1 27
1 28
1 31
2 5
2 11
2 22
2 29
3 8
3 10
3 17
3 19
3 24
3 25
3 26
4 6
4 7
4 13
4 21
4 30
5 2
5 11
5 22
5 29
6 4
6 7
6 13
6 21
6 30
7 4
7 6
7 13
7 21
7 30
8 3
8 10
8 17
8 19
8 24
8 25
8 26
10 3
10 8
10 17
10 19
10 24
10 25
10 26
11 2
11 5
11 22
11 29
12 20
13 4
13 6
13 7
13 21
13 30
15 1
15 16
15 18
15 23
15 27
15 28
15 31
16 1
16 15
16 18
16 23
16 27
16 28
16 31
17 3
17 8
17 10
17 19
17 24
17 25
17 26
18 1
18 15
18 16
18 23
18 27
18 28
18 31
19 3
19 8
19 10
19 17
19 24
19 25
19 26
20 12
21 4
21 6
21 7
21 13
21 30
22 2
22 5
22 11
22 29
23 1
23 15
23 16
23 18
23 27
23 28
23 31
24 3
24 8
24 10
24 17
24 19
24 25
24 26
25 3
25 8
25 10
25 17
25 19
25 24
25 26
26 3
26 8
26 10
26 17
26 19
26 24
26 25
27 1
27 15
27 16
27 18
27 23
27 28
27 31
28 1
28 15
28 16
28 18
28 23
28 27
28 31
29 2
29 5
29 11
29 22
30 4
30 6
30 7
30 13
30 21
31 1
31 15
31 16
31 18
31 23
31 27
31 28
