128 2968
0 2
0 9
0 10
0 17
0 20
0 25
0 29
0 30
0 31
0 32
0 33
0 42
0 43
0 46
0 48
0 49
0 50
0 53
0 54
0 60
0 65
0 69
0 74
0 75
0 76
0 78
0 80
0 82
0 87
0 89
0 90
0 92
0 94
0 96
0 97
0 98
0 99
0 101
0 104
0 105
0 106
0 107
0 109
0 111
0 113
0 114
0 115
0 117
0 118
0 121
0 123
0 124
0 126
2 0
2 9
2 10
2 17
2 20
2 25
2 29
2 30
2 31
2 32
2 33
2 42
2 43
2 46
2 48
2 49
2 50
2 53
2 54
2 60
2 65
2 69
2 74
2 75
2 76
2 78
2 80
2 82
2 87
2 89
2 90
2 92
2 94
2 96
2 97
2 98
2 99
2 101
2 104
2 105
2 106
2 107
2 109
2 111
2 113
2 114
2 115
2 117
2 118
2 121
2 123
2 124
2 126
4 13
4 27
4 102
4 122
9 0
9 2
9 10
9 17
9 20
9 25
9 29
9 30
9 31
9 32
9 33
9 42
9 43
9 46
9 48
9 49
9 50
9 53
9 54
9 60
9 65
9 69
9 74
9 75
9 76
9 78
9 80
9 82
9 87
9 89
9 90
9 92
9 94
9 96
9 97
9 98
9 99
9 101
9 104
9 105
9 106
9 107
9 109
9 111
9 113
9 114
9 115
9 117
9 118
9 121
9 123
9 124
9 126
10 0
10 2
10 9
10 17
10 20
10 25
10 29
10 30
10 31
10 32
10 33
10 42
10 43
10 46
10 48
10 49
10 50
10 53
10 54
10 60
10 65
10 69
10 74
10 75
10 76
10 78
10 80
10 82
10 87
10 89
10 90
10 92
10 94
10 96
10 97
10 98
10 99
10 101
10 104
10 105
10 106
10 107
10 109
10 111
10 113
10 114
10 115
10 117
10 118
10 121
10 123
10 124
10 126
11 39
11 52
11 79
11 103
13 4
13 27
13 102
13 122
14 35
16 19
16 85
16 110
17 0
17 2
17 9
17 10
17 20
17 25
17 29
17 30
17 31
17 32
17 33
17 42
17 43
17 46
17 48
17 49
17 50
17 53
17 54
17 60
17 65
17 69
17 74
17 75
17 76
17 78
17 80
17 82
17 87
17 89
17 90
17 92
17 94
17 96
17 97
17 98
17 99
17 101
17 104
17 105
17 106
17 107
17 109
17 111
17 113
17 114
17 115
17 117
17 118
17 121
17 123
17 124
17 126
18 70
18 108
18 125
19 16
19 85
19 110
20 0
20 2
20 9
20 10
20 17
20 25
20 29
20 30
20 31
20 32
20 33
20 42
20 43
20 46
20 48
20 49
20 50
20 53
20 54
20 60
20 65
20 69
20 74
20 75
20 76
20 78
20 80
20 82
20 87
20 89
20 90
20 92
20 94
20 96
20 97
20 98
20 99
20 101
20 104
20 105
20 106
20 107
20 109
20 111
20 113
20 114
20 115
20 117
20 118
20 121
20 123
20 124
20 126
21 77
22 63
23 95
25 0
25 2
25 9
25 10
25 17
25 20
25 29
25 30
25 31
25 32
25 33
25 42
25 43
25 46
25 48
25 49
25 50
25 53
25 54
25 60
25 65
25 69
25 74
25 75
25 76
25 78
25 80
25 82
25 87
25 89
25 90
25 92
25 94
25 96
25 97
25 98
25 99
25 101
25 104
25 105
25 106
25 107
25 109
25 111
25 113
25 114
25 115
25 117
25 118
25 121
25 123
25 124
25 126
26 59
26 120
27 4
27 13
27 102
27 122
29 0
29 2
29 9
29 10
29 17
29 20
29 25
29 30
29 31
29 32
29 33
29 42
29 43
29 46
29 48
29 49
29 50
29 53
29 54
29 60
29 65
29 69
29 74
29 75
29 76
29 78
29 80
29 82
29 87
29 89
29 90
29 92
29 94
29 96
29 97
29 98
29 99
29 101
29 104
29 105
29 106
29 107
29 109
29 111
29 113
29 114
29 115
29 117
29 118
29 121
29 123
29 124
29 126
30 0
30 2
30 9
30 10
30 17
30 20
30 25
30 29
30 31
30 32
30 33
30 42
30 43
30 46
30 48
30 49
30 50
30 53
30 54
30 60
30 65
30 69
30 74
30 75
30 76
30 78
30 80
30 82
30 87
30 89
30 90
30 92
30 94
30 96
30 97
30 98
30 99
30 101
30 104
30 105
30 106
30 107
30 109
30 111
30 113
30 114
30 115
30 117
30 118
30 121
30 123
30 124
30 126
31 0
31 2
31 9
31 10
31 17
31 20
31 25
31 29
31 30
31 32
31 33
31 42
31 43
31 46
31 48
31 49
31 50
31 53
31 54
31 60
31 65
31 69
31 74
31 75
31 76
31 78
31 80
31 82
31 87
31 89
31 90
31 92
31 94
31 96
31 97
31 98
31 99
31 101
31 104
31 105
31 106
31 107
31 109
31 111
31 113
31 114
31 115
31 117
31 118
31 121
31 123
31 124
31 126
32 0
32 2
32 9
32 10
32 17
32 20
32 25
32 29
32 30
32 31
32 33
32 42
32 43
32 46
32 48
32 49
32 50
32 53
32 54
32 60
32 65
32 69
32 74
32 75
32 76
32 78
32 80
32 82
32 87
32 89
32 90
32 92
32 94
32 96
32 97
32 98
32 99
32 101
32 104
32 105
32 106
32 107
32 109
32 111
32 113
32 114
32 115
32 117
32 118
32 121
32 123
32 124
32 126
33 0
33 2
33 9
33 10
33 17
33 20
33 25
33 29
33 30
33 31
33 32
33 42
33 43
33 46
33 48
33 49
33 50
33 53
33 54
33 60
33 65
33 69
33 74
33 75
33 76
33 78
33 80
33 82
33 87
33 89
33 90
33 92
33 94
33 96
33 97
33 98
33 99
33 101
33 104
33 105
33 106
33 107
33 109
33 111
33 113
33 114
33 115
33 117
33 118
33 121
33 123
33 124
33 126
35 14
38 62
39 11
39 52
39 79
39 103
41 45
41 84
42 0
42 2
42 9
42 10
42 17
42 20
42 25
42 29
42 30
42 31
42 32
42 33
42 43
42 46
42 48
42 49
42 50
42 53
42 54
42 60
42 65
42 69
42 74
42 75
42 76
42 78
42 80
42 82
42 87
42 89
42 90
42 92
42 94
42 96
42 97
42 98
42 99
42 101
42 104
42 105
42 106
42 107
42 109
42 111
42 113
42 114
42 115
42 117
42 118
42 121
42 123
42 124
42 126
43 0
43 2
43 9
43 10
43 17
43 20
43 25
43 29
43 30
43 31
43 32
43 33
43 42
43 46
43 48
43 49
43 50
43 53
43 54
43 60
43 65
43 69
43 74
43 75
43 76
43 78
43 80
43 82
43 87
43 89
43 90
43 92
43 94
43 96
43 97
43 98
43 99
43 101
43 104
43 105
43 106
43 107
43 109
43 111
43 113
43 114
43 115
43 117
43 118
43 121
43 123
43 124
43 126
44 73
45 41
45 84
46 0
46 2
46 9
46 10
46 17
46 20
46 25
46 29
46 30
46 31
46 32
46 33
46 42
46 43
46 48
46 49
46 50
46 53
46 54
46 60
46 65
46 69
46 74
46 75
46 76
46 78
46 80
46 82
46 87
46 89
46 90
46 92
46 94
46 96
46 97
46 98
46 99
46 101
46 104
46 105
46 106
46 107
46 109
46 111
46 113
46 114
46 115
46 117
46 118
46 121
46 123
46 124
46 126
47 61
47 88
48 0
48 2
48 9
48 10
48 17
48 20
48 25
48 29
48 30
48 31
48 32
48 33
48 42
48 43
48 46
48 49
48 50
48 53
48 54
48 60
48 65
48 69
48 74
48 75
48 76
48 78
48 80
48 82
48 87
48 89
48 90
48 92
48 94
48 96
48 97
48 98
48 99
48 101
48 104
48 105
48 106
48 107
48 109
48 111
48 113
48 114
48 115
48 117
48 118
48 121
48 123
48 124
48 126
49 0
49 2
49 9
49 10
49 17
49 20
49 25
49 29
49 30
49 31
49 32
49 33
49 42
49 43
49 46
49 48
49 50
49 53
49 54
49 60
49 65
49 69
49 74
49 75
49 76
49 78
49 80
49 82
49 87
49 89
49 90
49 92
49 94
49 96
49 97
49 98
49 99
49 101
49 104
49 105
49 106
49 107
49 109
49 111
49 113
49 114
49 115
49 117
49 118
49 121
49 123
49 124
49 126
50 0
50 2
50 9
50 10
50 17
50 20
50 25
50 29
50 30
50 31
50 32
50 33
50 42
50 43
50 46
50 48
50 49
50 53
50 54
50 60
50 65
50 69
50 74
50 75
50 76
50 78
50 80
50 82
50 87
50 89
50 90
50 92
50 94
50 96
50 97
50 98
50 99
50 101
50 104
50 105
50 106
50 107
50 109
50 111
50 113
50 114
50 115
50 117
50 118
50 121
50 123
50 124
50 126
51 83
51 119
52 11
52 39
52 79
52 103
53 0
53 2
53 9
53 10
53 17
53 20
53 25
53 29
53 30
53 31
53 32
53 33
53 42
53 43
53 46
53 48
53 49
53 50
53 54
53 60
53 65
53 69
53 74
53 75
53 76
53 78
53 80
53 82
53 87
53 89
53 90
53 92
53 94
53 96
53 97
53 98
53 99
53 101
53 104
53 105
53 106
53 107
53 109
53 111
53 113
53 114
53 115
53 117
53 118
53 121
53 123
53 124
53 126
54 0
54 2
54 9
54 10
54 17
54 20
54 25
54 29
54 30
54 31
54 32
54 33
54 42
54 43
54 46
54 48
54 49
54 50
54 53
54 60
54 65
54 69
54 74
54 75
54 76
54 78
54 80
54 82
54 87
54 89
54 90
54 92
54 94
54 96
54 97
54 98
54 99
54 101
54 104
54 105
54 106
54 107
54 109
54 111
54 113
54 114
54 115
54 117
54 118
54 121
54 123
54 124
54 126
58 64
59 26
59 120
60 0
60 2
60 9
60 10
60 17
60 20
60 25
60 29
60 30
60 31
60 32
60 33
60 42
60 43
60 46
60 48
60 49
60 50
60 53
60 54
60 65
60 69
60 74
60 75
60 76
60 78
60 80
60 82
60 87
60 89
60 90
60 92
60 94
60 96
60 97
60 98
60 99
60 101
60 104
60 105
60 106
60 107
60 109
60 111
60 113
60 114
60 115
60 117
60 118
60 121
60 123
60 124
60 126
61 47
61 88
62 38
63 22
64 58
64 119
65 0
65 2
65 9
65 10
65 17
65 20
65 25
65 29
65 30
65 31
65 32
65 33
65 42
65 43
65 46
65 48
65 49
65 50
65 53
65 54
65 60
65 69
65 74
65 75
65 76
65 78
65 80
65 82
65 87
65 89
65 90
65 92
65 94
65 96
65 97
65 98
65 99
65 101
65 104
65 105
65 106
65 107
65 109
65 111
65 113
65 114
65 115
65 117
65 118
65 121
65 123
65 124
65 126
66 72
69 0
69 2
69 9
69 10
69 17
69 20
69 25
69 29
69 30
69 31
69 32
69 33
69 42
69 43
69 46
69 48
69 49
69 50
69 53
69 54
69 60
69 65
69 74
69 75
69 76
69 78
69 80
69 82
69 87
69 89
69 90
69 92
69 94
69 96
69 97
69 98
69 99
69 101
69 104
69 105
69 106
69 107
69 109
69 111
69 113
69 114
69 115
69 117
69 118
69 121
69 123
69 124
69 126
70 18
70 108
70 125
72 66
73 44
74 0
74 2
74 9
74 10
74 17
74 20
74 25
74 29
74 30
74 31
74 32
74 33
74 42
74 43
74 46
74 48
74 49
74 50
74 53
74 54
74 60
74 65
74 69
74 75
74 76
74 78
74 80
74 82
74 87
74 89
74 90
74 92
74 94
74 96
74 97
74 98
74 99
74 101
74 104
74 105
74 106
74 107
74 109
74 111
74 113
74 114
74 115
74 117
74 118
74 121
74 123
74 124
74 126
75 0
75 2
75 9
75 10
75 17
75 20
75 25
75 29
75 30
75 31
75 32
75 33
75 42
75 43
75 46
75 48
75 49
75 50
75 53
75 54
75 60
75 65
75 69
75 74
75 76
75 78
75 80
75 82
75 87
75 89
75 90
75 92
75 94
75 96
75 97
75 98
75 99
75 101
75 104
75 105
75 106
75 107
75 109
75 111
75 113
75 114
75 115
75 117
75 118
75 121
75 123
75 124
75 126
76 0
76 2
76 9
76 10
76 17
76 20
76 25
76 29
76 30
76 31
76 32
76 33
76 42
76 43
76 46
76 48
76 49
76 50
76 53
76 54
76 60
76 65
76 69
76 74
76 75
76 78
76 80
76 82
76 87
76 89
76 90
76 92
76 94
76 96
76 97
76 98
76 99
76 101
76 104
76 105
76 106
76 107
76 109
76 111
76 113
76 114
76 115
76 117
76 118
76 121
76 123
76 124
76 126
77 21
78 0
78 2
78 9
78 10
78 17
78 20
78 25
78 29
78 30
78 31
78 32
78 33
78 42
78 43
78 46
78 48
78 49
78 50
78 53
78 54
78 60
78 65
78 69
78 74
78 75
78 76
78 80
78 82
78 87
78 89
78 90
78 92
78 94
78 96
78 97
78 98
78 99
78 101
78 104
78 105
78 106
78 107
78 109
78 111
78 113
78 114
78 115
78 117
78 118
78 121
78 123
78 124
78 126
79 11
79 39
79 52
79 103
80 0
80 2
80 9
80 10
80 17
80 20
80 25
80 29
80 30
80 31
80 32
80 33
80 42
80 43
80 46
80 48
80 49
80 50
80 53
80 54
80 60
80 65
80 69
80 74
80 75
80 76
80 78
80 82
80 87
80 89
80 90
80 92
80 94
80 96
80 97
80 98
80 99
80 101
80 104
80 105
80 106
80 107
80 109
80 111
80 113
80 114
80 115
80 117
80 118
80 121
80 123
80 124
80 126
82 0
82 2
82 9
82 10
82 17
82 20
82 25
82 29
82 30
82 31
82 32
82 33
82 42
82 43
82 46
82 48
82 49
82 50
82 53
82 54
82 60
82 65
82 69
82 74
82 75
82 76
82 78
82 80
82 87
82 89
82 90
82 92
82 94
82 96
82 97
82 98
82 99
82 101
82 104
82 105
82 106
82 107
82 109
82 111
82 113
82 114
82 115
82 117
82 118
82 121
82 123
82 124
82 126
83 51
83 119
84 41
84 45
85 16
85 19
85 110
87 0
87 2
87 9
87 10
87 17
87 20
87 25
87 29
87 30
87 31
87 32
87 33
87 42
87 43
87 46
87 48
87 49
87 50
87 53
87 54
87 60
87 65
87 69
87 74
87 75
87 76
87 78
87 80
87 82
87 89
87 90
87 92
87 94
87 96
87 97
87 98
87 99
87 101
87 104
87 105
87 106
87 107
87 109
87 111
87 113
87 114
87 115
87 117
87 118
87 121
87 123
87 124
87 126
88 47
88 61
89 0
89 2
89 9
89 10
89 17
89 20
89 25
89 29
89 30
89 31
89 32
89 33
89 42
89 43
89 46
89 48
89 49
89 50
89 53
89 54
89 60
89 65
89 69
89 74
89 75
89 76
89 78
89 80
89 82
89 87
89 90
89 92
89 94
89 96
89 97
89 98
89 99
89 101
89 104
89 105
89 106
89 107
89 109
89 111
89 113
89 114
89 115
89 117
89 118
89 121
89 123
89 124
89 126
90 0
90 2
90 9
90 10
90 17
90 20
90 25
90 29
90 30
90 31
90 32
90 33
90 42
90 43
90 46
90 48
90 49
90 50
90 53
90 54
90 60
90 65
90 69
90 74
90 75
90 76
90 78
90 80
90 82
90 87
90 89
90 92
90 94
90 96
90 97
90 98
90 99
90 101
90 104
90 105
90 106
90 107
90 109
90 111
90 113
90 114
90 115
90 117
90 118
90 121
90 123
90 124
90 126
92 0
92 2
92 9
92 10
92 17
92 20
92 25
92 29
92 30
92 31
92 32
92 33
92 42
92 43
92 46
92 48
92 49
92 50
92 53
92 54
92 60
92 65
92 69
92 74
92 75
92 76
92 78
92 80
92 82
92 87
92 89
92 90
92 94
92 96
92 97
92 98
92 99
92 101
92 104
92 105
92 106
92 107
92 109
92 111
92 113
92 114
92 115
92 117
92 118
92 121
92 123
92 124
92 126
94 0
94 2
94 9
94 10
94 17
94 20
94 25
94 29
94 30
94 31
94 32
94 33
94 42
94 43
94 46
94 48
94 49
94 50
94 53
94 54
94 60
94 65
94 69
94 74
94 75
94 76
94 78
94 80
94 82
94 87
94 89
94 90
94 92
94 96
94 97
94 98
94 99
94 101
94 104
94 105
94 106
94 107
94 109
94 111
94 113
94 114
94 115
94 117
94 118
94 121
94 123
94 124
94 126
95 23
96 0
96 2
96 9
96 10
96 17
96 20
96 25
96 29
96 30
96 31
96 32
96 33
96 42
96 43
96 46
96 48
96 49
96 50
96 53
96 54
96 60
96 65
96 69
96 74
96 75
96 76
96 78
96 80
96 82
96 87
96 89
96 90
96 92
96 94
96 97
96 98
96 99
96 101
96 104
96 105
96 106
96 107
96 109
96 111
96 113
96 114
96 115
96 117
96 118
96 121
96 123
96 124
96 126
97 0
97 2
97 9
97 10
97 17
97 20
97 25
97 29
97 30
97 31
97 32
97 33
97 42
97 43
97 46
97 48
97 49
97 50
97 53
97 54
97 60
97 65
97 69
97 74
97 75
97 76
97 78
97 80
97 82
97 87
97 89
97 90
97 92
97 94
97 96
97 98
97 99
97 101
97 104
97 105
97 106
97 107
97 109
97 111
97 113
97 114
97 115
97 117
97 118
97 121
97 123
97 124
97 126
98 0
98 2
98 9
98 10
98 17
98 20
98 25
98 29
98 30
98 31
98 32
98 33
98 42
98 43
98 46
98 48
98 49
98 50
98 53
98 54
98 60
98 65
98 69
98 74
98 75
98 76
98 78
98 80
98 82
98 87
98 89
98 90
98 92
98 94
98 96
98 97
98 99
98 101
98 104
98 105
98 106
98 107
98 109
98 111
98 113
98 114
98 115
98 117
98 118
98 121
98 123
98 124
98 126
99 0
99 2
99 9
99 10
99 17
99 20
99 25
99 29
99 30
99 31
99 32
99 33
99 42
99 43
99 46
99 48
99 49
99 50
99 53
99 54
99 60
99 65
99 69
99 74
99 75
99 76
99 78
99 80
99 82
99 87
99 89
99 90
99 92
99 94
99 96
99 97
99 98
99 101
99 104
99 105
99 106
99 107
99 109
99 111
99 113
99 114
99 115
99 117
99 118
99 121
99 123
99 124
99 126
101 0
101 2
101 9
101 10
101 17
101 20
101 25
101 29
101 30
101 31
101 32
101 33
101 42
101 43
101 46
101 48
101 49
101 50
101 53
101 54
101 60
101 65
101 69
101 74
101 75
101 76
101 78
101 80
101 82
101 87
101 89
101 90
101 92
101 94
101 96
101 97
101 98
101 99
101 104
101 105
101 106
101 107
101 109
101 111
101 113
101 114
101 115
101 117
101 118
101 121
101 123
101 124
101 126
102 4
102 13
102 27
102 122
103 11
103 39
103 52
103 79
104 0
104 2
104 9
104 10
104 17
104 20
104 25
104 29
104 30
104 31
104 32
104 33
104 42
104 43
104 46
104 48
104 49
104 50
104 53
104 54
104 60
104 65
104 69
104 74
104 75
104 76
104 78
104 80
104 82
104 87
104 89
104 90
104 92
104 94
104 96
104 97
104 98
104 99
104 101
104 105
104 106
104 107
104 109
104 111
104 113
104 114
104 115
104 117
104 118
104 121
104 123
104 124
104 126
105 0
105 2
105 9
105 10
105 17
105 20
105 25
105 29
105 30
105 31
105 32
105 33
105 42
105 43
105 46
105 48
105 49
105 50
105 53
105 54
105 60
105 65
105 69
105 74
105 75
105 76
105 78
105 80
105 82
105 87
105 89
105 90
105 92
105 94
105 96
105 97
105 98
105 99
105 101
105 104
105 106
105 107
105 109
105 111
105 113
105 114
105 115
105 117
105 118
105 121
105 123
105 124
105 126
106 0
106 2
106 9
106 10
106 17
106 20
106 25
106 29
106 30
106 31
106 32
106 33
106 42
106 43
106 46
106 48
106 49
106 50
106 53
106 54
106 60
106 65
106 69
106 74
106 75
106 76
106 78
106 80
106 82
106 87
106 89
106 90
106 92
106 94
106 96
106 97
106 98
106 99
106 101
106 104
106 105
106 107
106 109
106 111
106 113
106 114
106 115
106 117
106 118
106 121
106 123
106 124
106 126
107 0
107 2
107 9
107 10
107 17
107 20
107 25
107 29
107 30
107 31
107 32
107 33
107 42
107 43
107 46
107 48
107 49
107 50
107 53
107 54
107 60
107 65
107 69
107 74
107 75
107 76
107 78
107 80
107 82
107 87
107 89
107 90
107 92
107 94
107 96
107 97
107 98
107 99
107 101
107 104
107 105
107 106
107 109
107 111
107 113
107 114
107 115
107 117
107 118
107 121
107 123
107 124
107 126
108 18
108 70
108 125
109 0
109 2
109 9
109 10
109 17
109 20
109 25
109 29
109 30
109 31
109 32
109 33
109 42
109 43
109 46
109 48
109 49
109 50
109 53
109 54
109 60
109 65
109 69
109 74
109 75
109 76
109 78
109 80
109 82
109 87
109 89
109 90
109 92
109 94
109 96
109 97
109 98
109 99
109 101
109 104
109 105
109 106
109 107
109 111
109 113
109 114
109 115
109 117
109 118
109 121
109 123
109 124
109 126
110 16
110 19
110 85
111 0
111 2
111 9
111 10
111 17
111 20
111 25
111 29
111 30
111 31
111 32
111 33
111 42
111 43
111 46
111 48
111 49
111 50
111 53
111 54
111 60
111 65
111 69
111 74
111 75
111 76
111 78
111 80
111 82
111 87
111 89
111 90
111 92
111 94
111 96
111 97
111 98
111 99
111 101
111 104
111 105
111 106
111 107
111 109
111 113
111 114
111 115
111 117
111 118
111 121
111 123
111 124
111 126
113 0
113 2
113 9
113 10
113 17
113 20
113 25
113 29
113 30
113 31
113 32
113 33
113 42
113 43
113 46
113 48
113 49
113 50
113 53
113 54
113 60
113 65
113 69
113 74
113 75
113 76
113 78
113 80
113 82
113 87
113 89
113 90
113 92
113 94
113 96
113 97
113 98
113 99
113 101
113 104
113 105
113 106
113 107
113 109
113 111
113 114
113 115
113 117
113 118
113 121
113 123
113 124
113 126
114 0
114 2
114 9
114 10
114 17
114 20
114 25
114 29
114 30
114 31
114 32
114 33
114 42
114 43
114 46
114 48
114 49
114 50
114 53
114 54
114 60
114 65
114 69
114 74
114 75
114 76
114 78
114 80
114 82
114 87
114 89
114 90
114 92
114 94
114 96
114 97
114 98
114 99
114 101
114 104
114 105
114 106
114 107
114 109
114 111
114 113
114 115
114 117
114 118
114 121
114 123
114 124
114 126
115 0
115 2
115 9
115 10
115 17
115 20
115 25
115 29
115 30
115 31
115 32
115 33
115 42
115 43
115 46
115 48
115 49
115 50
115 53
115 54
115 60
115 65
115 69
115 74
115 75
115 76
115 78
115 80
115 82
115 87
115 89
115 90
115 92
115 94
115 96
115 97
115 98
115 99
115 101
115 104
115 105
115 106
115 107
115 109
115 111
115 113
115 114
115 117
115 118
115 121
115 123
115 124
115 126
117 0
117 2
117 9
117 10
117 17
117 20
117 25
117 29
117 30
117 31
117 32
117 33
117 42
117 43
117 46
117 48
117 49
117 50
117 53
117 54
117 60
117 65
117 69
117 74
117 75
117 76
117 78
117 80
117 82
117 87
117 89
117 90
117 92
117 94
117 96
117 97
117 98
117 99
117 101
117 104
117 105
117 106
117 107
117 109
117 111
117 113
117 114
117 115
117 118
117 121
117 123
117 124
117 126
118 0
118 2
118 9
118 10
118 17
118 20
118 25
118 29
118 30
118 31
118 32
118 33
118 42
118 43
118 46
118 48
118 49
118 50
118 53
118 54
118 60
118 65
118 69
118 74
118 75
118 76
118 78
118 80
118 82
118 87
118 89
118 90
118 92
118 94
118 96
118 97
118 98
118 99
118 101
118 104
118 105
118 106
118 107
118 109
118 111
118 113
118 114
118 115
118 117
118 121
118 123
118 124
118 126
119 51
119 64
119 83
120 26
120 59
121 0
121 2
121 9
121 10
121 17
121 20
121 25
121 29
121 30
121 31
121 32
121 33
121 42
121 43
121 46
121 48
121 49
121 50
121 53
121 54
121 60
121 65
121 69
121 74
121 75
121 76
121 78
121 80
121 82
121 87
121 89
121 90
121 92
121 94
121 96
121 97
121 98
121 99
121 101
121 104
121 105
121 106
121 107
121 109
121 111
121 113
121 114
121 115
121 117
121 118
121 123
121 124
121 126
122 4
122 13
122 27
122 102
123 0
123 2
123 9
123 10
123 17
123 20
123 25
123 29
123 30
123 31
123 32
123 33
123 42
123 43
123 46
123 48
123 49
123 50
123 53
123 54
123 60
123 65
123 69
123 74
123 75
123 76
123 78
123 80
123 82
123 87
123 89
123 90
123 92
123 94
123 96
123 97
123 98
123 99
123 101
123 104
123 105
123 106
123 107
123 109
123 111
123 113
123 114
123 115
123 117
123 118
123 121
123 124
123 126
124 0
124 2
124 9
124 10
124 17
124 20
124 25
124 29
124 30
124 31
124 32
124 33
124 42
124 43
124 46
124 48
124 49
124 50
124 53
124 54
124 60
124 65
124 69
124 74
124 75
124 76
124 78
124 80
124 82
124 87
124 89
124 90
124 92
124 94
124 96
124 97
124 98
124 99
124 101
124 104
124 105
124 106
124 107
124 109
124 111
124 113
124 114
124 115
124 117
124 118
124 121
124 123
124 126
125 18
125 70
125 108
126 0
126 2
126 9
126 10
126 17
126 20
126 25
126 29
126 30
126 31
126 32
126 33
126 42
126 43
126 46
126 48
126 49
126 50
126 53
126 54
126 60
126 65
126 69
126 74
126 75
126 76
126 78
126 80
126 82
126 87
126 89
126 90
126 92
126 94
126 96
126 97
126 98
126 99
126 101
126 104
126 105
126 106
126 107
126 109
126 111
126 113
126 114
126 115
126 117
126 118
126 121
126 123
126 124
