128 2660
1 16
1 23
1 28
1 31
1 33
1 39
1 47
1 66
1 72
1 85
1 91
1 92
1 96
1 117
1 119
1 125
3 8
3 10
3 17
3 19
3 24
3 25
3 26
3 34
3 36
3 42
3 43
3 46
3 55
3 57
3 58
3 60
3 67
3 76
3 77
3 78
3 84
3 86
3 101
3 103
3 105
3 108
3 113
3 116
3 122
4 6
4 7
4 13
4 21
4 30
4 35
4 37
4 38
4 40
4 44
4 48
4 49
4 50
4 52
4 64
4 65
4 68
4 82
4 89
4 99
4 102
4 109
4 110
4 111
5 11
5 22
5 29
5 45
5 51
5 54
5 56
5 61
5 63
5 73
5 74
5 75
5 79
5 80
5 81
5 83
5 88
5 93
5 95
5 98
5 100
5 104
5 106
5 118
5 123
5 126
5 127
6 4
6 7
6 13
6 21
6 30
6 35
6 37
6 38
6 40
6 44
6 48
6 49
6 50
6 52
6 64
6 65
6 68
6 82
6 89
6 99
6 102
6 109
6 110
6 111
7 4
7 6
7 13
7 21
7 30
7 35
7 37
7 38
7 40
7 44
7 48
7 49
7 50
7 52
7 64
7 65
7 68
7 82
7 89
7 99
7 102
7 109
7 110
7 111
8 3
8 10
8 17
8 19
8 24
8 25
8 26
8 34
8 36
8 42
8 43
8 46
8 55
8 57
8 58
8 60
8 67
8 76
8 77
8 78
8 84
8 86
8 101
8 103
8 105
8 108
8 113
8 116
8 122
9 41
9 62
9 94
9 112
10 3
10 8
10 17
10 19
10 24
10 25
10 26
10 34
10 36
10 42
10 43
10 46
10 55
10 57
10 58
10 60
10 67
10 76
10 77
10 78
10 84
10 86
10 101
10 103
10 105
10 108
10 113
10 116
10 122
11 5
11 22
11 29
11 45
11 51
11 54
11 56
11 61
11 63
11 73
11 74
11 75
11 79
11 80
11 81
11 83
11 88
11 93
11 95
11 98
11 100
11 104
11 106
11 118
11 123
11 126
11 127
12 20
12 32
12 59
12 69
12 71
12 90
12 97
12 107
12 120
12 121
12 124
13 4
13 6
13 7
13 21
13 30
13 35
13 37
13 38
13 40
13 44
13 48
13 49
13 50
13 52
13 64
13 65
13 68
13 82
13 89
13 99
13 102
13 109
13 110
13 111
14 53
15 18
15 27
16 1
16 23
16 28
16 31
16 33
16 39
16 47
16 66
16 72
16 85
16 91
16 92
16 96
16 117
16 119
16 125
17 3
17 8
17 10
17 19
17 24
17 25
17 26
17 34
17 36
17 42
17 43
17 46
17 55
17 57
17 58
17 60
17 67
17 76
17 77
17 78
17 84
17 86
17 101
17 103
17 105
17 108
17 113
17 116
17 122
18 15
18 27
19 3
19 8
19 10
19 17
19 24
19 25
19 26
19 34
19 36
19 42
19 43
19 46
19 55
19 57
19 58
19 60
19 67
19 76
19 77
19 78
19 84
19 86
19 101
19 103
19 105
19 108
19 113
19 116
19 122
20 12
20 32
20 59
20 69
20 71
20 90
20 97
20 107
20 120
20 121
20 124
21 4
21 6
21 7
21 13
21 30
21 35
21 37
21 38
21 40
21 44
21 48
21 49
21 50
21 52
21 64
21 65
21 68
21 82
21 89
21 99
21 102
21 109
21 110
21 111
22 5
22 11
22 29
22 45
22 51
22 54
22 56
22 61
22 63
22 73
22 74
22 75
22 79
22 80
22 81
22 83
22 88
22 93
22 95
22 98
22 100
22 104
22 106
22 118
22 123
22 126
22 127
23 1
23 16
23 28
23 31
23 33
23 39
23 47
23 66
23 72
23 85
23 91
23 92
23 96
23 117
23 119
23 125
24 3
24 8
24 10
24 17
24 19
24 25
24 26
24 34
24 36
24 42
24 43
24 46
24 55
24 57
24 58
24 60
24 67
24 76
24 77
24 78
24 84
24 86
24 101
24 103
24 105
24 108
24 113
24 116
24 122
25 3
25 8
25 10
25 17
25 19
25 24
25 26
25 34
25 36
25 42
25 43
25 46
25 55
25 57
25 58
25 60
25 67
25 76
25 77
25 78
25 84
25 86
25 101
25 103
25 105
25 108
25 113
25 116
25 122
26 3
26 8
26 10
26 17
26 19
26 24
26 25
26 34
26 36
26 42
26 43
26 46
26 55
26 57
26 58
26 60
26 67
26 76
26 77
26 78
26 84
26 86
26 101
26 103
26 105
26 108
26 113
26 116
26 122
27 15
27 18
28 1
28 16
28 23
28 31
28 33
28 39
28 47
28 66
28 72
28 85
28 91
28 92
28 96
28 117
28 119
28 125
29 5
29 11
29 22
29 45
29 51
29 54
29 56
29 61
29 63
29 73
29 74
29 75
29 79
29 80
29 81
29 83
29 88
29 93
29 95
29 98
29 100
29 104
29 106
29 118
29 123
29 126
29 127
30 4
30 6
30 7
30 13
30 21
30 35
30 37
30 38
30 40
30 44
30 48
30 49
30 50
30 52
30 64
30 65
30 68
30 82
30 89
30 99
30 102
30 109
30 110
30 111
31 1
31 16
31 23
31 28
31 33
31 39
31 47
31 66
31 72
31 85
31 91
31 92
31 96
31 117
31 119
31 125
32 12
32 20
32 59
32 69
32 71
32 90
32 97
32 107
32 120
32 121
32 124
33 1
33 16
33 23
33 28
33 31
33 39
33 47
33 66
33 72
33 85
33 91
33 92
33 96
33 117
33 119
33 125
34 3
34 8
34 10
34 17
34 19
34 24
34 25
34 26
34 36
34 42
34 43
34 46
34 55
34 57
34 58
34 60
34 67
34 76
34 77
34 78
34 84
34 86
34 101
34 103
34 105
34 108
34 113
34 116
34 122
35 4
35 6
35 7
35 13
35 21
35 30
35 37
35 38
35 40
35 44
35 48
35 49
35 50
35 52
35 64
35 65
35 68
35 82
35 89
35 99
35 102
35 109
35 110
35 111
36 3
36 8
36 10
36 17
36 19
36 24
36 25
36 26
36 34
36 42
36 43
36 46
36 55
36 57
36 58
36 60
36 67
36 76
36 77
36 78
36 84
36 86
36 101
36 103
36 105
36 108
36 113
36 116
36 122
37 4
37 6
37 7
37 13
37 21
37 30
37 35
37 38
37 40
37 44
37 48
37 49
37 50
37 52
37 64
37 65
37 68
37 82
37 89
37 99
37 102
37 109
37 110
37 111
38 4
38 6
38 7
38 13
38 21
38 30
38 35
38 37
38 40
38 44
38 48
38 49
38 50
38 52
38 64
38 65
38 68
38 82
38 89
38 99
38 102
38 109
38 110
38 111
39 1
39 16
39 23
39 28
39 31
39 33
39 47
39 66
39 72
39 85
39 91
39 92
39 96
39 117
39 119
39 125
40 4
40 6
40 7
40 13
40 21
40 30
40 35
40 37
40 38
40 44
40 48
40 49
40 50
40 52
40 64
40 65
40 68
40 82
40 89
40 99
40 102
40 109
40 110
40 111
41 9
41 62
41 94
41 112
42 3
42 8
42 10
42 17
42 19
42 24
42 25
42 26
42 34
42 36
42 43
42 46
42 55
42 57
42 58
42 60
42 67
42 76
42 77
42 78
42 84
42 86
42 101
42 103
42 105
42 108
42 113
42 116
42 122
43 3
43 8
43 10
43 17
43 19
43 24
43 25
43 26
43 34
43 36
43 42
43 46
43 55
43 57
43 58
43 60
43 67
43 76
43 77
43 78
43 84
43 86
43 101
43 103
43 105
43 108
43 113
43 116
43 122
44 4
44 6
44 7
44 13
44 21
44 30
44 35
44 37
44 38
44 40
44 48
44 49
44 50
44 52
44 64
44 65
44 68
44 82
44 89
44 99
44 102
44 109
44 110
44 111
45 5
45 11
45 22
45 29
45 51
45 54
45 56
45 61
45 63
45 73
45 74
45 75
45 79
45 80
45 81
45 83
45 88
45 93
45 95
45 98
45 100
45 104
45 106
45 118
45 123
45 126
45 127
46 3
46 8
46 10
46 17
46 19
46 24
46 25
46 26
46 34
46 36
46 42
46 43
46 55
46 57
46 58
46 60
46 67
46 76
46 77
46 78
46 84
46 86
46 101
46 103
46 105
46 108
46 113
46 116
46 122
47 1
47 16
47 23
47 28
47 31
47 33
47 39
47 66
47 72
47 85
47 91
47 92
47 96
47 117
47 119
47 125
48 4
48 6
48 7
48 13
48 21
48 30
48 35
48 37
48 38
48 40
48 44
48 49
48 50
48 52
48 64
48 65
48 68
48 82
48 89
48 99
48 102
48 109
48 110
48 111
49 4
49 6
49 7
49 13
49 21
49 30
49 35
49 37
49 38
49 40
49 44
49 48
49 50
49 52
49 64
49 65
49 68
49 82
49 89
49 99
49 102
49 109
49 110
49 111
50 4
50 6
50 7
50 13
50 21
50 30
50 35
50 37
50 38
50 40
50 44
50 48
50 49
50 52
50 64
50 65
50 68
50 82
50 89
50 99
50 102
50 109
50 110
50 111
51 5
51 11
51 22
51 29
51 45
51 54
51 56
51 61
51 63
51 73
51 74
51 75
51 79
51 80
51 81
51 83
51 88
51 93
51 95
51 98
51 100
51 104
51 106
51 118
51 123
51 126
51 127
52 4
52 6
52 7
52 13
52 21
52 30
52 35
52 37
52 38
52 40
52 44
52 48
52 49
52 50
52 64
52 65
52 68
52 82
52 89
52 99
52 102
52 109
52 110
52 111
53 14
54 5
54 11
54 22
54 29
54 45
54 51
54 56
54 61
54 63
54 73
54 74
54 75
54 79
54 80
54 81
54 83
54 88
54 93
54 95
54 98
54 100
54 104
54 106
54 118
54 123
54 126
54 127
55 3
55 8
55 10
55 17
55 19
55 24
55 25
55 26
55 34
55 36
55 42
55 43
55 46
55 57
55 58
55 60
55 67
55 76
55 77
55 78
55 84
55 86
55 101
55 103
55 105
55 108
55 113
55 116
55 122
56 5
56 11
56 22
56 29
56 45
56 51
56 54
56 61
56 63
56 73
56 74
56 75
56 79
56 80
56 81
56 83
56 88
56 93
56 95
56 98
56 100
56 104
56 106
56 118
56 123
56 126
56 127
57 3
57 8
57 10
57 17
57 19
57 24
57 25
57 26
57 34
57 36
57 42
57 43
57 46
57 55
57 58
57 60
57 67
57 76
57 77
57 78
57 84
57 86
57 101
57 103
57 105
57 108
57 113
57 116
57 122
58 3
58 8
58 10
58 17
58 19
58 24
58 25
58 26
58 34
58 36
58 42
58 43
58 46
58 55
58 57
58 60
58 67
58 76
58 77
58 78
58 84
58 86
58 101
58 103
58 105
58 108
58 113
58 116
58 122
59 12
59 20
59 32
59 69
59 71
59 90
59 97
59 107
59 120
59 121
59 124
60 3
60 8
60 10
60 17
60 19
60 24
60 25
60 26
60 34
60 36
60 42
60 43
60 46
60 55
60 57
60 58
60 67
60 76
60 77
60 78
60 84
60 86
60 101
60 103
60 105
60 108
60 113
60 116
60 122
61 5
61 11
61 22
61 29
61 45
61 51
61 54
61 56
61 63
61 73
61 74
61 75
61 79
61 80
61 81
61 83
61 88
61 93
61 95
61 98
61 100
61 104
61 106
61 118
61 123
61 126
61 127
62 9
62 41
62 94
62 112
63 5
63 11
63 22
63 29
63 45
63 51
63 54
63 56
63 61
63 73
63 74
63 75
63 79
63 80
63 81
63 83
63 88
63 93
63 95
63 98
63 100
63 104
63 106
63 118
63 123
63 126
63 127
64 4
64 6
64 7
64 13
64 21
64 30
64 35
64 37
64 38
64 40
64 44
64 48
64 49
64 50
64 52
64 65
64 68
64 82
64 89
64 99
64 102
64 109
64 110
64 111
65 4
65 6
65 7
65 13
65 21
65 30
65 35
65 37
65 38
65 40
65 44
65 48
65 49
65 50
65 52
65 64
65 68
65 82
65 89
65 99
65 102
65 109
65 110
65 111
66 1
66 16
66 23
66 28
66 31
66 33
66 39
66 47
66 72
66 85
66 91
66 92
66 96
66 117
66 119
66 125
67 3
67 8
67 10
67 17
67 19
67 24
67 25
67 26
67 34
67 36
67 42
67 43
67 46
67 55
67 57
67 58
67 60
67 76
67 77
67 78
67 84
67 86
67 101
67 103
67 105
67 108
67 113
67 116
67 122
68 4
68 6
68 7
68 13
68 21
68 30
68 35
68 37
68 38
68 40
68 44
68 48
68 49
68 50
68 52
68 64
68 65
68 82
68 89
68 99
68 102
68 109
68 110
68 111
69 12
69 20
69 32
69 59
69 71
69 90
69 97
69 107
69 120
69 121
69 124
70 114
71 12
71 20
71 32
71 59
71 69
71 90
71 97
71 107
71 120
71 121
71 124
72 1
72 16
72 23
72 28
72 31
72 33
72 39
72 47
72 66
72 85
72 91
72 92
72 96
72 117
72 119
72 125
73 5
73 11
73 22
73 29
73 45
73 51
73 54
73 56
73 61
73 63
73 74
73 75
73 79
73 80
73 81
73 83
73 88
73 93
73 95
73 98
73 100
73 104
73 106
73 118
73 123
73 126
73 127
74 5
74 11
74 22
74 29
74 45
74 51
74 54
74 56
74 61
74 63
74 73
74 75
74 79
74 80
74 81
74 83
74 88
74 93
74 95
74 98
74 100
74 104
74 106
74 118
74 123
74 126
74 127
75 5
75 11
75 22
75 29
75 45
75 51
75 54
75 56
75 61
75 63
75 73
75 74
75 79
75 80
75 81
75 83
75 88
75 93
75 95
75 98
75 100
75 104
75 106
75 118
75 123
75 126
75 127
76 3
76 8
76 10
76 17
76 19
76 24
76 25
76 26
76 34
76 36
76 42
76 43
76 46
76 55
76 57
76 58
76 60
76 67
76 77
76 78
76 84
76 86
76 101
76 103
76 105
76 108
76 113
76 116
76 122
77 3
77 8
77 10
77 17
77 19
77 24
77 25
77 26
77 34
77 36
77 42
77 43
77 46
77 55
77 57
77 58
77 60
77 67
77 76
77 78
77 84
77 86
77 101
77 103
77 105
77 108
77 113
77 116
77 122
78 3
78 8
78 10
78 17
78 19
78 24
78 25
78 26
78 34
78 36
78 42
78 43
78 46
78 55
78 57
78 58
78 60
78 67
78 76
78 77
78 84
78 86
78 101
78 103
78 105
78 108
78 113
78 116
78 122
79 5
79 11
79 22
79 29
79 45
79 51
79 54
79 56
79 61
79 63
79 73
79 74
79 75
79 80
79 81
79 83
79 88
79 93
79 95
79 98
79 100
79 104
79 106
79 118
79 123
79 126
79 127
80 5
80 11
80 22
80 29
80 45
80 51
80 54
80 56
80 61
80 63
80 73
80 74
80 75
80 79
80 81
80 83
80 88
80 93
80 95
80 98
80 100
80 104
80 106
80 118
80 123
80 126
80 127
81 5
81 11
81 22
81 29
81 45
81 51
81 54
81 56
81 61
81 63
81 73
81 74
81 75
81 79
81 80
81 83
81 88
81 93
81 95
81 98
81 100
81 104
81 106
81 118
81 123
81 126
81 127
82 4
82 6
82 7
82 13
82 21
82 30
82 35
82 37
82 38
82 40
82 44
82 48
82 49
82 50
82 52
82 64
82 65
82 68
82 89
82 99
82 102
82 109
82 110
82 111
83 5
83 11
83 22
83 29
83 45
83 51
83 54
83 56
83 61
83 63
83 73
83 74
83 75
83 79
83 80
83 81
83 88
83 93
83 95
83 98
83 100
83 104
83 106
83 118
83 123
83 126
83 127
84 3
84 8
84 10
84 17
84 19
84 24
84 25
84 26
84 34
84 36
84 42
84 43
84 46
84 55
84 57
84 58
84 60
84 67
84 76
84 77
84 78
84 86
84 101
84 103
84 105
84 108
84 113
84 116
84 122
85 1
85 16
85 23
85 28
85 31
85 33
85 39
85 47
85 66
85 72
85 91
85 92
85 96
85 117
85 119
85 125
86 3
86 8
86 10
86 17
86 19
86 24
86 25
86 26
86 34
86 36
86 42
86 43
86 46
86 55
86 57
86 58
86 60
86 67
86 76
86 77
86 78
86 84
86 101
86 103
86 105
86 108
86 113
86 116
86 122
88 5
88 11
88 22
88 29
88 45
88 51
88 54
88 56
88 61
88 63
88 73
88 74
88 75
88 79
88 80
88 81
88 83
88 93
88 95
88 98
88 100
88 104
88 106
88 118
88 123
88 126
88 127
89 4
89 6
89 7
89 13
89 21
89 30
89 35
89 37
89 38
89 40
89 44
89 48
89 49
89 50
89 52
89 64
89 65
89 68
89 82
89 99
89 102
89 109
89 110
89 111
90 12
90 20
90 32
90 59
90 69
90 71
90 97
90 107
90 120
90 121
90 124
91 1
91 16
91 23
91 28
91 31
91 33
91 39
91 47
91 66
91 72
91 85
91 92
91 96
91 117
91 119
91 125
92 1
92 16
92 23
92 28
92 31
92 33
92 39
92 47
92 66
92 72
92 85
92 91
92 96
92 117
92 119
92 125
93 5
93 11
93 22
93 29
93 45
93 51
93 54
93 56
93 61
93 63
93 73
93 74
93 75
93 79
93 80
93 81
93 83
93 88
93 95
93 98
93 100
93 104
93 106
93 118
93 123
93 126
93 127
94 9
94 41
94 62
94 112
95 5
95 11
95 22
95 29
95 45
95 51
95 54
95 56
95 61
95 63
95 73
95 74
95 75
95 79
95 80
95 81
95 83
95 88
95 93
95 98
95 100
95 104
95 106
95 118
95 123
95 126
95 127
96 1
96 16
96 23
96 28
96 31
96 33
96 39
96 47
96 66
96 72
96 85
96 91
96 92
96 117
96 119
96 125
97 12
97 20
97 32
97 59
97 69
97 71
97 90
97 107
97 120
97 121
97 124
98 5
98 11
98 22
98 29
98 45
98 51
98 54
98 56
98 61
98 63
98 73
98 74
98 75
98 79
98 80
98 81
98 83
98 88
98 93
98 95
98 100
98 104
98 106
98 118
98 123
98 126
98 127
99 4
99 6
99 7
99 13
99 21
99 30
99 35
99 37
99 38
99 40
99 44
99 48
99 49
99 50
99 52
99 64
99 65
99 68
99 82
99 89
99 102
99 109
99 110
99 111
100 5
100 11
100 22
100 29
100 45
100 51
100 54
100 56
100 61
100 63
100 73
100 74
100 75
100 79
100 80
100 81
100 83
100 88
100 93
100 95
100 98
100 104
100 106
100 118
100 123
100 126
100 127
101 3
101 8
101 10
101 17
101 19
101 24
101 25
101 26
101 34
101 36
101 42
101 43
101 46
101 55
101 57
101 58
101 60
101 67
101 76
101 77
101 78
101 84
101 86
101 103
101 105
101 108
101 113
101 116
101 122
102 4
102 6
102 7
102 13
102 21
102 30
102 35
102 37
102 38
102 40
102 44
102 48
102 49
102 50
102 52
102 64
102 65
102 68
102 82
102 89
102 99
102 109
102 110
102 111
103 3
103 8
103 10
103 17
103 19
103 24
103 25
103 26
103 34
103 36
103 42
103 43
103 46
103 55
103 57
103 58
103 60
103 67
103 76
103 77
103 78
103 84
103 86
103 101
103 105
103 108
103 113
103 116
103 122
104 5
104 11
104 22
104 29
104 45
104 51
104 54
104 56
104 61
104 63
104 73
104 74
104 75
104 79
104 80
104 81
104 83
104 88
104 93
104 95
104 98
104 100
104 106
104 118
104 123
104 126
104 127
105 3
105 8
105 10
105 17
105 19
105 24
105 25
105 26
105 34
105 36
105 42
105 43
105 46
105 55
105 57
105 58
105 60
105 67
105 76
105 77
105 78
105 84
105 86
105 101
105 103
105 108
105 113
105 116
105 122
106 5
106 11
106 22
106 29
106 45
106 51
106 54
106 56
106 61
106 63
106 73
106 74
106 75
106 79
106 80
106 81
106 83
106 88
106 93
106 95
106 98
106 100
106 104
106 118
106 123
106 126
106 127
107 12
107 20
107 32
107 59
107 69
107 71
107 90
107 97
107 120
107 121
107 124
108 3
108 8
108 10
108 17
108 19
108 24
108 25
108 26
108 34
108 36
108 42
108 43
108 46
108 55
108 57
108 58
108 60
108 67
108 76
108 77
108 78
108 84
108 86
108 101
108 103
108 105
108 113
108 116
108 122
109 4
109 6
109 7
109 13
109 21
109 30
109 35
109 37
109 38
109 40
109 44
109 48
109 49
109 50
109 52
109 64
109 65
109 68
109 82
109 89
109 99
109 102
109 110
109 111
110 4
110 6
110 7
110 13
110 21
110 30
110 35
110 37
110 38
110 40
110 44
110 48
110 49
110 50
110 52
110 64
110 65
110 68
110 82
110 89
110 99
110 102
110 109
110 111
111 4
111 6
111 7
111 13
111 21
111 30
111 35
111 37
111 38
111 40
111 44
111 48
111 49
111 50
111 52
111 64
111 65
111 68
111 82
111 89
111 99
111 102
111 109
111 110
112 9
112 41
112 62
112 94
113 3
113 8
113 10
113 17
113 19
113 24
113 25
113 26
113 34
113 36
113 42
113 43
113 46
113 55
113 57
113 58
113 60
113 67
113 76
113 77
113 78
113 84
113 86
113 101
113 103
113 105
113 108
113 116
113 122
114 70
116 3
116 8
116 10
116 17
116 19
116 24
116 25
116 26
116 34
116 36
116 42
116 43
116 46
116 55
116 57
116 58
116 60
116 67
116 76
116 77
116 78
116 84
116 86
116 101
116 103
116 105
116 108
116 113
116 122
117 1
117 16
117 23
117 28
117 31
117 33
117 39
117 47
117 66
117 72
117 85
117 91
117 92
117 96
117 119
117 125
118 5
118 11
118 22
118 29
118 45
118 51
118 54
118 56
118 61
118 63
118 73
118 74
118 75
118 79
118 80
118 81
118 83
118 88
118 93
118 95
118 98
118 100
118 104
118 106
118 123
118 126
118 127
119 1
119 16
119 23
119 28
119 31
119 33
119 39
119 47
119 66
119 72
119 85
119 91
119 92
119 96
119 117
119 125
120 12
120 20
120 32
120 59
120 69
120 71
120 90
120 97
120 107
120 121
120 124
121 12
121 20
121 32
121 59
121 69
121 71
121 90
121 97
121 107
121 120
121 124
122 3
122 8
122 10
122 17
122 19
122 24
122 25
122 26
122 34
122 36
122 42
122 43
122 46
122 55
122 57
122 58
122 60
122 67
122 76
122 77
122 78
122 84
122 86
122 101
122 103
122 105
122 108
122 113
122 116
123 5
123 11
123 22
123 29
123 45
123 51
123 54
123 56
123 61
123 63
123 73
123 74
123 75
123 79
123 80
123 81
123 83
123 88
123 93
123 95
123 98
123 100
123 104
123 106
123 118
123 126
123 127
124 12
124 20
124 32
124 59
124 69
124 71
124 90
124 97
124 107
124 120
124 121
125 1
125 16
125 23
125 28
125 31
125 33
125 39
125 47
125 66
125 72
125 85
125 91
125 92
125 96
125 117
125 119
126 5
126 11
126 22
126 29
126 45
126 51
126 54
126 56
126 61
126 63
126 73
126 74
126 75
126 79
126 80
126 81
126 83
126 88
126 93
126 95
126 98
126 100
126 104
126 106
126 118
126 123
126 127
127 5
127 11
127 22
127 29
127 45
127 51
127 54
127 56
127 61
127 63
127 73
127 74
127 75
127 79
127 80
127 81
127 83
127 88
127 93
127 95
127 98
127 100
127 104
127 106
127 118
127 123
127 126
