128 4743
2 8
2 11
2 14
2 15
2 17
2 20
2 21
2 22
2 25
2 26
2 30
2 31
2 32
2 33
2 35
2 38
2 39
2 41
2 42
2 43
2 45
2 46
2 47
2 48
2 49
2 50
2 51
2 52
2 55
2 57
2 59
2 60
2 61
2 62
2 63
2 65
2 67
2 69
2 74
2 76
2 77
2 78
2 79
2 81
2 82
2 83
2 84
2 88
2 89
2 90
2 93
2 97
2 98
2 100
2 103
2 104
2 105
2 111
2 114
2 115
2 116
2 117
2 118
2 119
2 120
2 121
2 125
2 127
4 13
4 122
7 27
7 102
8 2
8 11
8 14
8 15
8 17
8 20
8 21
8 22
8 25
8 26
8 30
8 31
8 32
8 33
8 35
8 38
8 39
8 41
8 42
8 43
8 45
8 46
8 47
8 48
8 49
8 50
8 51
8 52
8 55
8 57
8 59
8 60
8 61
8 62
8 63
8 65
8 67
8 69
8 74
8 76
8 77
8 78
8 79
8 81
8 82
8 83
8 84
8 88
8 89
8 90
8 93
8 97
8 98
8 100
8 103
8 104
8 105
8 111
8 114
8 115
8 116
8 117
8 118
8 119
8 120
8 121
8 125
8 127
9 23
10 28
11 2
11 8
11 14
11 15
11 17
11 20
11 21
11 22
11 25
11 26
11 30
11 31
11 32
11 33
11 35
11 38
11 39
11 41
11 42
11 43
11 45
11 46
11 47
11 48
11 49
11 50
11 51
11 52
11 55
11 57
11 59
11 60
11 61
11 62
11 63
11 65
11 67
11 69
11 74
11 76
11 77
11 78
11 79
11 81
11 82
11 83
11 84
11 88
11 89
11 90
11 93
11 97
11 98
11 100
11 103
11 104
11 105
11 111
11 114
11 115
11 116
11 117
11 118
11 119
11 120
11 121
11 125
11 127
13 4
13 122
14 2
14 8
14 11
14 15
14 17
14 20
14 21
14 22
14 25
14 26
14 30
14 31
14 32
14 33
14 35
14 38
14 39
14 41
14 42
14 43
14 45
14 46
14 47
14 48
14 49
14 50
14 51
14 52
14 55
14 57
14 59
14 60
14 61
14 62
14 63
14 65
14 67
14 69
14 74
14 76
14 77
14 78
14 79
14 81
14 82
14 83
14 84
14 88
14 89
14 90
14 93
14 97
14 98
14 100
14 103
14 104
14 105
14 111
14 114
14 115
14 116
14 117
14 118
14 119
14 120
14 121
14 125
14 127
15 2
15 8
15 11
15 14
15 17
15 20
15 21
15 22
15 25
15 26
15 30
15 31
15 32
15 33
15 35
15 38
15 39
15 41
15 42
15 43
15 45
15 46
15 47
15 48
15 49
15 50
15 51
15 52
15 55
15 57
15 59
15 60
15 61
15 62
15 63
15 65
15 67
15 69
15 74
15 76
15 77
15 78
15 79
15 81
15 82
15 83
15 84
15 88
15 89
15 90
15 93
15 97
15 98
15 100
15 103
15 104
15 105
15 111
15 114
15 115
15 116
15 117
15 118
15 119
15 120
15 121
15 125
15 127
16 19
16 85
16 110
17 2
17 8
17 11
17 14
17 15
17 20
17 21
17 22
17 25
17 26
17 30
17 31
17 32
17 33
17 35
17 38
17 39
17 41
17 42
17 43
17 45
17 46
17 47
17 48
17 49
17 50
17 51
17 52
17 55
17 57
17 59
17 60
17 61
17 62
17 63
17 65
17 67
17 69
17 74
17 76
17 77
17 78
17 79
17 81
17 82
17 83
17 84
17 88
17 89
17 90
17 93
17 97
17 98
17 100
17 103
17 104
17 105
17 111
17 114
17 115
17 116
17 117
17 118
17 119
17 120
17 121
17 125
17 127
18 70
18 108
19 16
19 85
19 110
20 2
20 8
20 11
20 14
20 15
20 17
20 21
20 22
20 25
20 26
20 30
20 31
20 32
20 33
20 35
20 38
20 39
20 41
20 42
20 43
20 45
20 46
20 47
20 48
20 49
20 50
20 51
20 52
20 55
20 57
20 59
20 60
20 61
20 62
20 63
20 65
20 67
20 69
20 74
20 76
20 77
20 78
20 79
20 81
20 82
20 83
20 84
20 88
20 89
20 90
20 93
20 97
20 98
20 100
20 103
20 104
20 105
20 111
20 114
20 115
20 116
20 117
20 118
20 119
20 120
20 121
20 125
20 127
21 2
21 8
21 11
21 14
21 15
21 17
21 20
21 22
21 25
21 26
21 30
21 31
21 32
21 33
21 35
21 38
21 39
21 41
21 42
21 43
21 45
21 46
21 47
21 48
21 49
21 50
21 51
21 52
21 55
21 57
21 59
21 60
21 61
21 62
21 63
21 65
21 67
21 69
21 74
21 76
21 77
21 78
21 79
21 81
21 82
21 83
21 84
21 88
21 89
21 90
21 93
21 97
21 98
21 100
21 103
21 104
21 105
21 111
21 114
21 115
21 116
21 117
21 118
21 119
21 120
21 121
21 125
21 127
22 2
22 8
22 11
22 14
22 15
22 17
22 20
22 21
22 25
22 26
22 30
22 31
22 32
22 33
22 35
22 38
22 39
22 41
22 42
22 43
22 45
22 46
22 47
22 48
22 49
22 50
22 51
22 52
22 55
22 57
22 59
22 60
22 61
22 62
22 63
22 65
22 67
22 69
22 74
22 76
22 77
22 78
22 79
22 81
22 82
22 83
22 84
22 88
22 89
22 90
22 93
22 97
22 98
22 100
22 103
22 104
22 105
22 111
22 114
22 115
22 116
22 117
22 118
22 119
22 120
22 121
22 125
22 127
23 9
24 75
25 2
25 8
25 11
25 14
25 15
25 17
25 20
25 21
25 22
25 26
25 30
25 31
25 32
25 33
25 35
25 38
25 39
25 41
25 42
25 43
25 45
25 46
25 47
25 48
25 49
25 50
25 51
25 52
25 55
25 57
25 59
25 60
25 61
25 62
25 63
25 65
25 67
25 69
25 74
25 76
25 77
25 78
25 79
25 81
25 82
25 83
25 84
25 88
25 89
25 90
25 93
25 97
25 98
25 100
25 103
25 104
25 105
25 111
25 114
25 115
25 116
25 117
25 118
25 119
25 120
25 121
25 125
25 127
26 2
26 8
26 11
26 14
26 15
26 17
26 20
26 21
26 22
26 25
26 30
26 31
26 32
26 33
26 35
26 38
26 39
26 41
26 42
26 43
26 45
26 46
26 47
26 48
26 49
26 50
26 51
26 52
26 55
26 57
26 59
26 60
26 61
26 62
26 63
26 65
26 67
26 69
26 74
26 76
26 77
26 78
26 79
26 81
26 82
26 83
26 84
26 88
26 89
26 90
26 93
26 97
26 98
26 100
26 103
26 104
26 105
26 111
26 114
26 115
26 116
26 117
26 118
26 119
26 120
26 121
26 125
26 127
27 7
27 102
28 10
30 2
30 8
30 11
30 14
30 15
30 17
30 20
30 21
30 22
30 25
30 26
30 31
30 32
30 33
30 35
30 38
30 39
30 41
30 42
30 43
30 45
30 46
30 47
30 48
30 49
30 50
30 51
30 52
30 55
30 57
30 59
30 60
30 61
30 62
30 63
30 65
30 67
30 69
30 74
30 76
30 77
30 78
30 79
30 81
30 82
30 83
30 84
30 88
30 89
30 90
30 93
30 97
30 98
30 100
30 103
30 104
30 105
30 111
30 114
30 115
30 116
30 117
30 118
30 119
30 120
30 121
30 125
30 127
31 2
31 8
31 11
31 14
31 15
31 17
31 20
31 21
31 22
31 25
31 26
31 30
31 32
31 33
31 35
31 38
31 39
31 41
31 42
31 43
31 45
31 46
31 47
31 48
31 49
31 50
31 51
31 52
31 55
31 57
31 59
31 60
31 61
31 62
31 63
31 65
31 67
31 69
31 74
31 76
31 77
31 78
31 79
31 81
31 82
31 83
31 84
31 88
31 89
31 90
31 93
31 97
31 98
31 100
31 103
31 104
31 105
31 111
31 114
31 115
31 116
31 117
31 118
31 119
31 120
31 121
31 125
31 127
32 2
32 8
32 11
32 14
32 15
32 17
32 20
32 21
32 22
32 25
32 26
32 30
32 31
32 33
32 35
32 38
32 39
32 41
32 42
32 43
32 45
32 46
32 47
32 48
32 49
32 50
32 51
32 52
32 55
32 57
32 59
32 60
32 61
32 62
32 63
32 65
32 67
32 69
32 74
32 76
32 77
32 78
32 79
32 81
32 82
32 83
32 84
32 88
32 89
32 90
32 93
32 97
32 98
32 100
32 103
32 104
32 105
32 111
32 114
32 115
32 116
32 117
32 118
32 119
32 120
32 121
32 125
32 127
33 2
33 8
33 11
33 14
33 15
33 17
33 20
33 21
33 22
33 25
33 26
33 30
33 31
33 32
33 35
33 38
33 39
33 41
33 42
33 43
33 45
33 46
33 47
33 48
33 49
33 50
33 51
33 52
33 55
33 57
33 59
33 60
33 61
33 62
33 63
33 65
33 67
33 69
33 74
33 76
33 77
33 78
33 79
33 81
33 82
33 83
33 84
33 88
33 89
33 90
33 93
33 97
33 98
33 100
33 103
33 104
33 105
33 111
33 114
33 115
33 116
33 117
33 118
33 119
33 120
33 121
33 125
33 127
35 2
35 8
35 11
35 14
35 15
35 17
35 20
35 21
35 22
35 25
35 26
35 30
35 31
35 32
35 33
35 38
35 39
35 41
35 42
35 43
35 45
35 46
35 47
35 48
35 49
35 50
35 51
35 52
35 55
35 57
35 59
35 60
35 61
35 62
35 63
35 65
35 67
35 69
35 74
35 76
35 77
35 78
35 79
35 81
35 82
35 83
35 84
35 88
35 89
35 90
35 93
35 97
35 98
35 100
35 103
35 104
35 105
35 111
35 114
35 115
35 116
35 117
35 118
35 119
35 120
35 121
35 125
35 127
38 2
38 8
38 11
38 14
38 15
38 17
38 20
38 21
38 22
38 25
38 26
38 30
38 31
38 32
38 33
38 35
38 39
38 41
38 42
38 43
38 45
38 46
38 47
38 48
38 49
38 50
38 51
38 52
38 55
38 57
38 59
38 60
38 61
38 62
38 63
38 65
38 67
38 69
38 74
38 76
38 77
38 78
38 79
38 81
38 82
38 83
38 84
38 88
38 89
38 90
38 93
38 97
38 98
38 100
38 103
38 104
38 105
38 111
38 114
38 115
38 116
38 117
38 118
38 119
38 120
38 121
38 125
38 127
39 2
39 8
39 11
39 14
39 15
39 17
39 20
39 21
39 22
39 25
39 26
39 30
39 31
39 32
39 33
39 35
39 38
39 41
39 42
39 43
39 45
39 46
39 47
39 48
39 49
39 50
39 51
39 52
39 55
39 57
39 59
39 60
39 61
39 62
39 63
39 65
39 67
39 69
39 74
39 76
39 77
39 78
39 79
39 81
39 82
39 83
39 84
39 88
39 89
39 90
39 93
39 97
39 98
39 100
39 103
39 104
39 105
39 111
39 114
39 115
39 116
39 117
39 118
39 119
39 120
39 121
39 125
39 127
40 58
41 2
41 8
41 11
41 14
41 15
41 17
41 20
41 21
41 22
41 25
41 26
41 30
41 31
41 32
41 33
41 35
41 38
41 39
41 42
41 43
41 45
41 46
41 47
41 48
41 49
41 50
41 51
41 52
41 55
41 57
41 59
41 60
41 61
41 62
41 63
41 65
41 67
41 69
41 74
41 76
41 77
41 78
41 79
41 81
41 82
41 83
41 84
41 88
41 89
41 90
41 93
41 97
41 98
41 100
41 103
41 104
41 105
41 111
41 114
41 115
41 116
41 117
41 118
41 119
41 120
41 121
41 125
41 127
42 2
42 8
42 11
42 14
42 15
42 17
42 20
42 21
42 22
42 25
42 26
42 30
42 31
42 32
42 33
42 35
42 38
42 39
42 41
42 43
42 45
42 46
42 47
42 48
42 49
42 50
42 51
42 52
42 55
42 57
42 59
42 60
42 61
42 62
42 63
42 65
42 67
42 69
42 74
42 76
42 77
42 78
42 79
42 81
42 82
42 83
42 84
42 88
42 89
42 90
42 93
42 97
42 98
42 100
42 103
42 104
42 105
42 111
42 114
42 115
42 116
42 117
42 118
42 119
42 120
42 121
42 125
42 127
43 2
43 8
43 11
43 14
43 15
43 17
43 20
43 21
43 22
43 25
43 26
43 30
43 31
43 32
43 33
43 35
43 38
43 39
43 41
43 42
43 45
43 46
43 47
43 48
43 49
43 50
43 51
43 52
43 55
43 57
43 59
43 60
43 61
43 62
43 63
43 65
43 67
43 69
43 74
43 76
43 77
43 78
43 79
43 81
43 82
43 83
43 84
43 88
43 89
43 90
43 93
43 97
43 98
43 100
43 103
43 104
43 105
43 111
43 114
43 115
43 116
43 117
43 118
43 119
43 120
43 121
43 125
43 127
44 73
45 2
45 8
45 11
45 14
45 15
45 17
45 20
45 21
45 22
45 25
45 26
45 30
45 31
45 32
45 33
45 35
45 38
45 39
45 41
45 42
45 43
45 46
45 47
45 48
45 49
45 50
45 51
45 52
45 55
45 57
45 59
45 60
45 61
45 62
45 63
45 65
45 67
45 69
45 74
45 76
45 77
45 78
45 79
45 81
45 82
45 83
45 84
45 88
45 89
45 90
45 93
45 97
45 98
45 100
45 103
45 104
45 105
45 111
45 114
45 115
45 116
45 117
45 118
45 119
45 120
45 121
45 125
45 127
46 2
46 8
46 11
46 14
46 15
46 17
46 20
46 21
46 22
46 25
46 26
46 30
46 31
46 32
46 33
46 35
46 38
46 39
46 41
46 42
46 43
46 45
46 47
46 48
46 49
46 50
46 51
46 52
46 55
46 57
46 59
46 60
46 61
46 62
46 63
46 65
46 67
46 69
46 74
46 76
46 77
46 78
46 79
46 81
46 82
46 83
46 84
46 88
46 89
46 90
46 93
46 97
46 98
46 100
46 103
46 104
46 105
46 111
46 114
46 115
46 116
46 117
46 118
46 119
46 120
46 121
46 125
46 127
47 2
47 8
47 11
47 14
47 15
47 17
47 20
47 21
47 22
47 25
47 26
47 30
47 31
47 32
47 33
47 35
47 38
47 39
47 41
47 42
47 43
47 45
47 46
47 48
47 49
47 50
47 51
47 52
47 55
47 57
47 59
47 60
47 61
47 62
47 63
47 65
47 67
47 69
47 74
47 76
47 77
47 78
47 79
47 81
47 82
47 83
47 84
47 88
47 89
47 90
47 93
47 97
47 98
47 100
47 103
47 104
47 105
47 111
47 114
47 115
47 116
47 117
47 118
47 119
47 120
47 121
47 125
47 127
48 2
48 8
48 11
48 14
48 15
48 17
48 20
48 21
48 22
48 25
48 26
48 30
48 31
48 32
48 33
48 35
48 38
48 39
48 41
48 42
48 43
48 45
48 46
48 47
48 49
48 50
48 51
48 52
48 55
48 57
48 59
48 60
48 61
48 62
48 63
48 65
48 67
48 69
48 74
48 76
48 77
48 78
48 79
48 81
48 82
48 83
48 84
48 88
48 89
48 90
48 93
48 97
48 98
48 100
48 103
48 104
48 105
48 111
48 114
48 115
48 116
48 117
48 118
48 119
48 120
48 121
48 125
48 127
49 2
49 8
49 11
49 14
49 15
49 17
49 20
49 21
49 22
49 25
49 26
49 30
49 31
49 32
49 33
49 35
49 38
49 39
49 41
49 42
49 43
49 45
49 46
49 47
49 48
49 50
49 51
49 52
49 55
49 57
49 59
49 60
49 61
49 62
49 63
49 65
49 67
49 69
49 74
49 76
49 77
49 78
49 79
49 81
49 82
49 83
49 84
49 88
49 89
49 90
49 93
49 97
49 98
49 100
49 103
49 104
49 105
49 111
49 114
49 115
49 116
49 117
49 118
49 119
49 120
49 121
49 125
49 127
50 2
50 8
50 11
50 14
50 15
50 17
50 20
50 21
50 22
50 25
50 26
50 30
50 31
50 32
50 33
50 35
50 38
50 39
50 41
50 42
50 43
50 45
50 46
50 47
50 48
50 49
50 51
50 52
50 55
50 57
50 59
50 60
50 61
50 62
50 63
50 65
50 67
50 69
50 74
50 76
50 77
50 78
50 79
50 81
50 82
50 83
50 84
50 88
50 89
50 90
50 93
50 97
50 98
50 100
50 103
50 104
50 105
50 111
50 114
50 115
50 116
50 117
50 118
50 119
50 120
50 121
50 125
50 127
51 2
51 8
51 11
51 14
51 15
51 17
51 20
51 21
51 22
51 25
51 26
51 30
51 31
51 32
51 33
51 35
51 38
51 39
51 41
51 42
51 43
51 45
51 46
51 47
51 48
51 49
51 50
51 52
51 55
51 57
51 59
51 60
51 61
51 62
51 63
51 65
51 67
51 69
51 74
51 76
51 77
51 78
51 79
51 81
51 82
51 83
51 84
51 88
51 89
51 90
51 93
51 97
51 98
51 100
51 103
51 104
51 105
51 111
51 114
51 115
51 116
51 117
51 118
51 119
51 120
51 121
51 125
51 127
52 2
52 8
52 11
52 14
52 15
52 17
52 20
52 21
52 22
52 25
52 26
52 30
52 31
52 32
52 33
52 35
52 38
52 39
52 41
52 42
52 43
52 45
52 46
52 47
52 48
52 49
52 50
52 51
52 55
52 57
52 59
52 60
52 61
52 62
52 63
52 65
52 67
52 69
52 74
52 76
52 77
52 78
52 79
52 81
52 82
52 83
52 84
52 88
52 89
52 90
52 93
52 97
52 98
52 100
52 103
52 104
52 105
52 111
52 114
52 115
52 116
52 117
52 118
52 119
52 120
52 121
52 125
52 127
54 124
55 2
55 8
55 11
55 14
55 15
55 17
55 20
55 21
55 22
55 25
55 26
55 30
55 31
55 32
55 33
55 35
55 38
55 39
55 41
55 42
55 43
55 45
55 46
55 47
55 48
55 49
55 50
55 51
55 52
55 57
55 59
55 60
55 61
55 62
55 63
55 65
55 67
55 69
55 74
55 76
55 77
55 78
55 79
55 81
55 82
55 83
55 84
55 88
55 89
55 90
55 93
55 97
55 98
55 100
55 103
55 104
55 105
55 111
55 114
55 115
55 116
55 117
55 118
55 119
55 120
55 121
55 125
55 127
57 2
57 8
57 11
57 14
57 15
57 17
57 20
57 21
57 22
57 25
57 26
57 30
57 31
57 32
57 33
57 35
57 38
57 39
57 41
57 42
57 43
57 45
57 46
57 47
57 48
57 49
57 50
57 51
57 52
57 55
57 59
57 60
57 61
57 62
57 63
57 65
57 67
57 69
57 74
57 76
57 77
57 78
57 79
57 81
57 82
57 83
57 84
57 88
57 89
57 90
57 93
57 97
57 98
57 100
57 103
57 104
57 105
57 111
57 114
57 115
57 116
57 117
57 118
57 119
57 120
57 121
57 125
57 127
58 40
59 2
59 8
59 11
59 14
59 15
59 17
59 20
59 21
59 22
59 25
59 26
59 30
59 31
59 32
59 33
59 35
59 38
59 39
59 41
59 42
59 43
59 45
59 46
59 47
59 48
59 49
59 50
59 51
59 52
59 55
59 57
59 60
59 61
59 62
59 63
59 65
59 67
59 69
59 74
59 76
59 77
59 78
59 79
59 81
59 82
59 83
59 84
59 88
59 89
59 90
59 93
59 97
59 98
59 100
59 103
59 104
59 105
59 111
59 114
59 115
59 116
59 117
59 118
59 119
59 120
59 121
59 125
59 127
60 2
60 8
60 11
60 14
60 15
60 17
60 20
60 21
60 22
60 25
60 26
60 30
60 31
60 32
60 33
60 35
60 38
60 39
60 41
60 42
60 43
60 45
60 46
60 47
60 48
60 49
60 50
60 51
60 52
60 55
60 57
60 59
60 61
60 62
60 63
60 65
60 67
60 69
60 74
60 76
60 77
60 78
60 79
60 81
60 82
60 83
60 84
60 88
60 89
60 90
60 93
60 97
60 98
60 100
60 103
60 104
60 105
60 111
60 114
60 115
60 116
60 117
60 118
60 119
60 120
60 121
60 125
60 127
61 2
61 8
61 11
61 14
61 15
61 17
61 20
61 21
61 22
61 25
61 26
61 30
61 31
61 32
61 33
61 35
61 38
61 39
61 41
61 42
61 43
61 45
61 46
61 47
61 48
61 49
61 50
61 51
61 52
61 55
61 57
61 59
61 60
61 62
61 63
61 65
61 67
61 69
61 74
61 76
61 77
61 78
61 79
61 81
61 82
61 83
61 84
61 88
61 89
61 90
61 93
61 97
61 98
61 100
61 103
61 104
61 105
61 111
61 114
61 115
61 116
61 117
61 118
61 119
61 120
61 121
61 125
61 127
62 2
62 8
62 11
62 14
62 15
62 17
62 20
62 21
62 22
62 25
62 26
62 30
62 31
62 32
62 33
62 35
62 38
62 39
62 41
62 42
62 43
62 45
62 46
62 47
62 48
62 49
62 50
62 51
62 52
62 55
62 57
62 59
62 60
62 61
62 63
62 65
62 67
62 69
62 74
62 76
62 77
62 78
62 79
62 81
62 82
62 83
62 84
62 88
62 89
62 90
62 93
62 97
62 98
62 100
62 103
62 104
62 105
62 111
62 114
62 115
62 116
62 117
62 118
62 119
62 120
62 121
62 125
62 127
63 2
63 8
63 11
63 14
63 15
63 17
63 20
63 21
63 22
63 25
63 26
63 30
63 31
63 32
63 33
63 35
63 38
63 39
63 41
63 42
63 43
63 45
63 46
63 47
63 48
63 49
63 50
63 51
63 52
63 55
63 57
63 59
63 60
63 61
63 62
63 65
63 67
63 69
63 74
63 76
63 77
63 78
63 79
63 81
63 82
63 83
63 84
63 88
63 89
63 90
63 93
63 97
63 98
63 100
63 103
63 104
63 105
63 111
63 114
63 115
63 116
63 117
63 118
63 119
63 120
63 121
63 125
63 127
65 2
65 8
65 11
65 14
65 15
65 17
65 20
65 21
65 22
65 25
65 26
65 30
65 31
65 32
65 33
65 35
65 38
65 39
65 41
65 42
65 43
65 45
65 46
65 47
65 48
65 49
65 50
65 51
65 52
65 55
65 57
65 59
65 60
65 61
65 62
65 63
65 67
65 69
65 74
65 76
65 77
65 78
65 79
65 81
65 82
65 83
65 84
65 88
65 89
65 90
65 93
65 97
65 98
65 100
65 103
65 104
65 105
65 111
65 114
65 115
65 116
65 117
65 118
65 119
65 120
65 121
65 125
65 127
66 72
67 2
67 8
67 11
67 14
67 15
67 17
67 20
67 21
67 22
67 25
67 26
67 30
67 31
67 32
67 33
67 35
67 38
67 39
67 41
67 42
67 43
67 45
67 46
67 47
67 48
67 49
67 50
67 51
67 52
67 55
67 57
67 59
67 60
67 61
67 62
67 63
67 65
67 69
67 74
67 76
67 77
67 78
67 79
67 81
67 82
67 83
67 84
67 88
67 89
67 90
67 93
67 97
67 98
67 100
67 103
67 104
67 105
67 111
67 114
67 115
67 116
67 117
67 118
67 119
67 120
67 121
67 125
67 127
69 2
69 8
69 11
69 14
69 15
69 17
69 20
69 21
69 22
69 25
69 26
69 30
69 31
69 32
69 33
69 35
69 38
69 39
69 41
69 42
69 43
69 45
69 46
69 47
69 48
69 49
69 50
69 51
69 52
69 55
69 57
69 59
69 60
69 61
69 62
69 63
69 65
69 67
69 74
69 76
69 77
69 78
69 79
69 81
69 82
69 83
69 84
69 88
69 89
69 90
69 93
69 97
69 98
69 100
69 103
69 104
69 105
69 111
69 114
69 115
69 116
69 117
69 118
69 119
69 120
69 121
69 125
69 127
70 18
70 108
72 66
73 44
74 2
74 8
74 11
74 14
74 15
74 17
74 20
74 21
74 22
74 25
74 26
74 30
74 31
74 32
74 33
74 35
74 38
74 39
74 41
74 42
74 43
74 45
74 46
74 47
74 48
74 49
74 50
74 51
74 52
74 55
74 57
74 59
74 60
74 61
74 62
74 63
74 65
74 67
74 69
74 76
74 77
74 78
74 79
74 81
74 82
74 83
74 84
74 88
74 89
74 90
74 93
74 97
74 98
74 100
74 103
74 104
74 105
74 111
74 114
74 115
74 116
74 117
74 118
74 119
74 120
74 121
74 125
74 127
75 24
76 2
76 8
76 11
76 14
76 15
76 17
76 20
76 21
76 22
76 25
76 26
76 30
76 31
76 32
76 33
76 35
76 38
76 39
76 41
76 42
76 43
76 45
76 46
76 47
76 48
76 49
76 50
76 51
76 52
76 55
76 57
76 59
76 60
76 61
76 62
76 63
76 65
76 67
76 69
76 74
76 77
76 78
76 79
76 81
76 82
76 83
76 84
76 88
76 89
76 90
76 93
76 97
76 98
76 100
76 103
76 104
76 105
76 111
76 114
76 115
76 116
76 117
76 118
76 119
76 120
76 121
76 125
76 127
77 2
77 8
77 11
77 14
77 15
77 17
77 20
77 21
77 22
77 25
77 26
77 30
77 31
77 32
77 33
77 35
77 38
77 39
77 41
77 42
77 43
77 45
77 46
77 47
77 48
77 49
77 50
77 51
77 52
77 55
77 57
77 59
77 60
77 61
77 62
77 63
77 65
77 67
77 69
77 74
77 76
77 78
77 79
77 81
77 82
77 83
77 84
77 88
77 89
77 90
77 93
77 97
77 98
77 100
77 103
77 104
77 105
77 111
77 114
77 115
77 116
77 117
77 118
77 119
77 120
77 121
77 125
77 127
78 2
78 8
78 11
78 14
78 15
78 17
78 20
78 21
78 22
78 25
78 26
78 30
78 31
78 32
78 33
78 35
78 38
78 39
78 41
78 42
78 43
78 45
78 46
78 47
78 48
78 49
78 50
78 51
78 52
78 55
78 57
78 59
78 60
78 61
78 62
78 63
78 65
78 67
78 69
78 74
78 76
78 77
78 79
78 81
78 82
78 83
78 84
78 88
78 89
78 90
78 93
78 97
78 98
78 100
78 103
78 104
78 105
78 111
78 114
78 115
78 116
78 117
78 118
78 119
78 120
78 121
78 125
78 127
79 2
79 8
79 11
79 14
79 15
79 17
79 20
79 21
79 22
79 25
79 26
79 30
79 31
79 32
79 33
79 35
79 38
79 39
79 41
79 42
79 43
79 45
79 46
79 47
79 48
79 49
79 50
79 51
79 52
79 55
79 57
79 59
79 60
79 61
79 62
79 63
79 65
79 67
79 69
79 74
79 76
79 77
79 78
79 81
79 82
79 83
79 84
79 88
79 89
79 90
79 93
79 97
79 98
79 100
79 103
79 104
79 105
79 111
79 114
79 115
79 116
79 117
79 118
79 119
79 120
79 121
79 125
79 127
81 2
81 8
81 11
81 14
81 15
81 17
81 20
81 21
81 22
81 25
81 26
81 30
81 31
81 32
81 33
81 35
81 38
81 39
81 41
81 42
81 43
81 45
81 46
81 47
81 48
81 49
81 50
81 51
81 52
81 55
81 57
81 59
81 60
81 61
81 62
81 63
81 65
81 67
81 69
81 74
81 76
81 77
81 78
81 79
81 82
81 83
81 84
81 88
81 89
81 90
81 93
81 97
81 98
81 100
81 103
81 104
81 105
81 111
81 114
81 115
81 116
81 117
81 118
81 119
81 120
81 121
81 125
81 127
82 2
82 8
82 11
82 14
82 15
82 17
82 20
82 21
82 22
82 25
82 26
82 30
82 31
82 32
82 33
82 35
82 38
82 39
82 41
82 42
82 43
82 45
82 46
82 47
82 48
82 49
82 50
82 51
82 52
82 55
82 57
82 59
82 60
82 61
82 62
82 63
82 65
82 67
82 69
82 74
82 76
82 77
82 78
82 79
82 81
82 83
82 84
82 88
82 89
82 90
82 93
82 97
82 98
82 100
82 103
82 104
82 105
82 111
82 114
82 115
82 116
82 117
82 118
82 119
82 120
82 121
82 125
82 127
83 2
83 8
83 11
83 14
83 15
83 17
83 20
83 21
83 22
83 25
83 26
83 30
83 31
83 32
83 33
83 35
83 38
83 39
83 41
83 42
83 43
83 45
83 46
83 47
83 48
83 49
83 50
83 51
83 52
83 55
83 57
83 59
83 60
83 61
83 62
83 63
83 65
83 67
83 69
83 74
83 76
83 77
83 78
83 79
83 81
83 82
83 84
83 88
83 89
83 90
83 93
83 97
83 98
83 100
83 103
83 104
83 105
83 111
83 114
83 115
83 116
83 117
83 118
83 119
83 120
83 121
83 125
83 127
84 2
84 8
84 11
84 14
84 15
84 17
84 20
84 21
84 22
84 25
84 26
84 30
84 31
84 32
84 33
84 35
84 38
84 39
84 41
84 42
84 43
84 45
84 46
84 47
84 48
84 49
84 50
84 51
84 52
84 55
84 57
84 59
84 60
84 61
84 62
84 63
84 65
84 67
84 69
84 74
84 76
84 77
84 78
84 79
84 81
84 82
84 83
84 88
84 89
84 90
84 93
84 97
84 98
84 100
84 103
84 104
84 105
84 111
84 114
84 115
84 116
84 117
84 118
84 119
84 120
84 121
84 125
84 127
85 16
85 19
85 110
88 2
88 8
88 11
88 14
88 15
88 17
88 20
88 21
88 22
88 25
88 26
88 30
88 31
88 32
88 33
88 35
88 38
88 39
88 41
88 42
88 43
88 45
88 46
88 47
88 48
88 49
88 50
88 51
88 52
88 55
88 57
88 59
88 60
88 61
88 62
88 63
88 65
88 67
88 69
88 74
88 76
88 77
88 78
88 79
88 81
88 82
88 83
88 84
88 89
88 90
88 93
88 97
88 98
88 100
88 103
88 104
88 105
88 111
88 114
88 115
88 116
88 117
88 118
88 119
88 120
88 121
88 125
88 127
89 2
89 8
89 11
89 14
89 15
89 17
89 20
89 21
89 22
89 25
89 26
89 30
89 31
89 32
89 33
89 35
89 38
89 39
89 41
89 42
89 43
89 45
89 46
89 47
89 48
89 49
89 50
89 51
89 52
89 55
89 57
89 59
89 60
89 61
89 62
89 63
89 65
89 67
89 69
89 74
89 76
89 77
89 78
89 79
89 81
89 82
89 83
89 84
89 88
89 90
89 93
89 97
89 98
89 100
89 103
89 104
89 105
89 111
89 114
89 115
89 116
89 117
89 118
89 119
89 120
89 121
89 125
89 127
90 2
90 8
90 11
90 14
90 15
90 17
90 20
90 21
90 22
90 25
90 26
90 30
90 31
90 32
90 33
90 35
90 38
90 39
90 41
90 42
90 43
90 45
90 46
90 47
90 48
90 49
90 50
90 51
90 52
90 55
90 57
90 59
90 60
90 61
90 62
90 63
90 65
90 67
90 69
90 74
90 76
90 77
90 78
90 79
90 81
90 82
90 83
90 84
90 88
90 89
90 93
90 97
90 98
90 100
90 103
90 104
90 105
90 111
90 114
90 115
90 116
90 117
90 118
90 119
90 120
90 121
90 125
90 127
93 2
93 8
93 11
93 14
93 15
93 17
93 20
93 21
93 22
93 25
93 26
93 30
93 31
93 32
93 33
93 35
93 38
93 39
93 41
93 42
93 43
93 45
93 46
93 47
93 48
93 49
93 50
93 51
93 52
93 55
93 57
93 59
93 60
93 61
93 62
93 63
93 65
93 67
93 69
93 74
93 76
93 77
93 78
93 79
93 81
93 82
93 83
93 84
93 88
93 89
93 90
93 97
93 98
93 100
93 103
93 104
93 105
93 111
93 114
93 115
93 116
93 117
93 118
93 119
93 120
93 121
93 125
93 127
94 106
94 113
97 2
97 8
97 11
97 14
97 15
97 17
97 20
97 21
97 22
97 25
97 26
97 30
97 31
97 32
97 33
97 35
97 38
97 39
97 41
97 42
97 43
97 45
97 46
97 47
97 48
97 49
97 50
97 51
97 52
97 55
97 57
97 59
97 60
97 61
97 62
97 63
97 65
97 67
97 69
97 74
97 76
97 77
97 78
97 79
97 81
97 82
97 83
97 84
97 88
97 89
97 90
97 93
97 98
97 100
97 103
97 104
97 105
97 111
97 114
97 115
97 116
97 117
97 118
97 119
97 120
97 121
97 125
97 127
98 2
98 8
98 11
98 14
98 15
98 17
98 20
98 21
98 22
98 25
98 26
98 30
98 31
98 32
98 33
98 35
98 38
98 39
98 41
98 42
98 43
98 45
98 46
98 47
98 48
98 49
98 50
98 51
98 52
98 55
98 57
98 59
98 60
98 61
98 62
98 63
98 65
98 67
98 69
98 74
98 76
98 77
98 78
98 79
98 81
98 82
98 83
98 84
98 88
98 89
98 90
98 93
98 97
98 100
98 103
98 104
98 105
98 111
98 114
98 115
98 116
98 117
98 118
98 119
98 120
98 121
98 125
98 127
100 2
100 8
100 11
100 14
100 15
100 17
100 20
100 21
100 22
100 25
100 26
100 30
100 31
100 32
100 33
100 35
100 38
100 39
100 41
100 42
100 43
100 45
100 46
100 47
100 48
100 49
100 50
100 51
100 52
100 55
100 57
100 59
100 60
100 61
100 62
100 63
100 65
100 67
100 69
100 74
100 76
100 77
100 78
100 79
100 81
100 82
100 83
100 84
100 88
100 89
100 90
100 93
100 97
100 98
100 103
100 104
100 105
100 111
100 114
100 115
100 116
100 117
100 118
100 119
100 120
100 121
100 125
100 127
102 7
102 27
103 2
103 8
103 11
103 14
103 15
103 17
103 20
103 21
103 22
103 25
103 26
103 30
103 31
103 32
103 33
103 35
103 38
103 39
103 41
103 42
103 43
103 45
103 46
103 47
103 48
103 49
103 50
103 51
103 52
103 55
103 57
103 59
103 60
103 61
103 62
103 63
103 65
103 67
103 69
103 74
103 76
103 77
103 78
103 79
103 81
103 82
103 83
103 84
103 88
103 89
103 90
103 93
103 97
103 98
103 100
103 104
103 105
103 111
103 114
103 115
103 116
103 117
103 118
103 119
103 120
103 121
103 125
103 127
104 2
104 8
104 11
104 14
104 15
104 17
104 20
104 21
104 22
104 25
104 26
104 30
104 31
104 32
104 33
104 35
104 38
104 39
104 41
104 42
104 43
104 45
104 46
104 47
104 48
104 49
104 50
104 51
104 52
104 55
104 57
104 59
104 60
104 61
104 62
104 63
104 65
104 67
104 69
104 74
104 76
104 77
104 78
104 79
104 81
104 82
104 83
104 84
104 88
104 89
104 90
104 93
104 97
104 98
104 100
104 103
104 105
104 111
104 114
104 115
104 116
104 117
104 118
104 119
104 120
104 121
104 125
104 127
105 2
105 8
105 11
105 14
105 15
105 17
105 20
105 21
105 22
105 25
105 26
105 30
105 31
105 32
105 33
105 35
105 38
105 39
105 41
105 42
105 43
105 45
105 46
105 47
105 48
105 49
105 50
105 51
105 52
105 55
105 57
105 59
105 60
105 61
105 62
105 63
105 65
105 67
105 69
105 74
105 76
105 77
105 78
105 79
105 81
105 82
105 83
105 84
105 88
105 89
105 90
105 93
105 97
105 98
105 100
105 103
105 104
105 111
105 114
105 115
105 116
105 117
105 118
105 119
105 120
105 121
105 125
105 127
106 94
106 113
108 18
108 70
110 16
110 19
110 85
111 2
111 8
111 11
111 14
111 15
111 17
111 20
111 21
111 22
111 25
111 26
111 30
111 31
111 32
111 33
111 35
111 38
111 39
111 41
111 42
111 43
111 45
111 46
111 47
111 48
111 49
111 50
111 51
111 52
111 55
111 57
111 59
111 60
111 61
111 62
111 63
111 65
111 67
111 69
111 74
111 76
111 77
111 78
111 79
111 81
111 82
111 83
111 84
111 88
111 89
111 90
111 93
111 97
111 98
111 100
111 103
111 104
111 105
111 114
111 115
111 116
111 117
111 118
111 119
111 120
111 121
111 125
111 127
113 94
113 106
114 2
114 8
114 11
114 14
114 15
114 17
114 20
114 21
114 22
114 25
114 26
114 30
114 31
114 32
114 33
114 35
114 38
114 39
114 41
114 42
114 43
114 45
114 46
114 47
114 48
114 49
114 50
114 51
114 52
114 55
114 57
114 59
114 60
114 61
114 62
114 63
114 65
114 67
114 69
114 74
114 76
114 77
114 78
114 79
114 81
114 82
114 83
114 84
114 88
114 89
114 90
114 93
114 97
114 98
114 100
114 103
114 104
114 105
114 111
114 115
114 116
114 117
114 118
114 119
114 120
114 121
114 125
114 127
115 2
115 8
115 11
115 14
115 15
115 17
115 20
115 21
115 22
115 25
115 26
115 30
115 31
115 32
115 33
115 35
115 38
115 39
115 41
115 42
115 43
115 45
115 46
115 47
115 48
115 49
115 50
115 51
115 52
115 55
115 57
115 59
115 60
115 61
115 62
115 63
115 65
115 67
115 69
115 74
115 76
115 77
115 78
115 79
115 81
115 82
115 83
115 84
115 88
115 89
115 90
115 93
115 97
115 98
115 100
115 103
115 104
115 105
115 111
115 114
115 116
115 117
115 118
115 119
115 120
115 121
115 125
115 127
116 2
116 8
116 11
116 14
116 15
116 17
116 20
116 21
116 22
116 25
116 26
116 30
116 31
116 32
116 33
116 35
116 38
116 39
116 41
116 42
116 43
116 45
116 46
116 47
116 48
116 49
116 50
116 51
116 52
116 55
116 57
116 59
116 60
116 61
116 62
116 63
116 65
116 67
116 69
116 74
116 76
116 77
116 78
116 79
116 81
116 82
116 83
116 84
116 88
116 89
116 90
116 93
116 97
116 98
116 100
116 103
116 104
116 105
116 111
116 114
116 115
116 117
116 118
116 119
116 120
116 121
116 125
116 127
117 2
117 8
117 11
117 14
117 15
117 17
117 20
117 21
117 22
117 25
117 26
117 30
117 31
117 32
117 33
117 35
117 38
117 39
117 41
117 42
117 43
117 45
117 46
117 47
117 48
117 49
117 50
117 51
117 52
117 55
117 57
117 59
117 60
117 61
117 62
117 63
117 65
117 67
117 69
117 74
117 76
117 77
117 78
117 79
117 81
117 82
117 83
117 84
117 88
117 89
117 90
117 93
117 97
117 98
117 100
117 103
117 104
117 105
117 111
117 114
117 115
117 116
117 118
117 119
117 120
117 121
117 125
117 127
118 2
118 8
118 11
118 14
118 15
118 17
118 20
118 21
118 22
118 25
118 26
118 30
118 31
118 32
118 33
118 35
118 38
118 39
118 41
118 42
118 43
118 45
118 46
118 47
118 48
118 49
118 50
118 51
118 52
118 55
118 57
118 59
118 60
118 61
118 62
118 63
118 65
118 67
118 69
118 74
118 76
118 77
118 78
118 79
118 81
118 82
118 83
118 84
118 88
118 89
118 90
118 93
118 97
118 98
118 100
118 103
118 104
118 105
118 111
118 114
118 115
118 116
118 117
118 119
118 120
118 121
118 125
118 127
119 2
119 8
119 11
119 14
119 15
119 17
119 20
119 21
119 22
119 25
119 26
119 30
119 31
119 32
119 33
119 35
119 38
119 39
119 41
119 42
119 43
119 45
119 46
119 47
119 48
119 49
119 50
119 51
119 52
119 55
119 57
119 59
119 60
119 61
119 62
119 63
119 65
119 67
119 69
119 74
119 76
119 77
119 78
119 79
119 81
119 82
119 83
119 84
119 88
119 89
119 90
119 93
119 97
119 98
119 100
119 103
119 104
119 105
119 111
119 114
119 115
119 116
119 117
119 118
119 120
119 121
119 125
119 127
120 2
120 8
120 11
120 14
120 15
120 17
120 20
120 21
120 22
120 25
120 26
120 30
120 31
120 32
120 33
120 35
120 38
120 39
120 41
120 42
120 43
120 45
120 46
120 47
120 48
120 49
120 50
120 51
120 52
120 55
120 57
120 59
120 60
120 61
120 62
120 63
120 65
120 67
120 69
120 74
120 76
120 77
120 78
120 79
120 81
120 82
120 83
120 84
120 88
120 89
120 90
120 93
120 97
120 98
120 100
120 103
120 104
120 105
120 111
120 114
120 115
120 116
120 117
120 118
120 119
120 121
120 125
120 127
121 2
121 8
121 11
121 14
121 15
121 17
121 20
121 21
121 22
121 25
121 26
121 30
121 31
121 32
121 33
121 35
121 38
121 39
121 41
121 42
121 43
121 45
121 46
121 47
121 48
121 49
121 50
121 51
121 52
121 55
121 57
121 59
121 60
121 61
121 62
121 63
121 65
121 67
121 69
121 74
121 76
121 77
121 78
121 79
121 81
121 82
121 83
121 84
121 88
121 89
121 90
121 93
121 97
121 98
121 100
121 103
121 104
121 105
121 111
121 114
121 115
121 116
121 117
121 118
121 119
121 120
121 125
121 127
122 4
122 5
122 13
124 54
125 2
125 8
125 11
125 14
125 15
125 17
125 20
125 21
125 22
125 25
125 26
125 30
125 31
125 32
125 33
125 35
125 38
125 39
125 41
125 42
125 43
125 45
125 46
125 47
125 48
125 49
125 50
125 51
125 52
125 55
125 57
125 59
125 60
125 61
125 62
125 63
125 65
125 67
125 69
125 74
125 76
125 77
125 78
125 79
125 81
125 82
125 83
125 84
125 88
125 89
125 90
125 93
125 97
125 98
125 100
125 103
125 104
125 105
125 111
125 114
125 115
125 116
125 117
125 118
125 119
125 120
125 121
125 127
127 2
127 8
127 11
127 14
127 15
127 17
127 20
127 21
127 22
127 25
127 26
127 30
127 31
127 32
127 33
127 35
127 38
127 39
127 41
127 42
127 43
127 45
127 46
127 47
127 48
127 49
127 50
127 51
127 52
127 55
127 57
127 59
127 60
127 61
127 62
127 63
127 65
127 67
127 69
127 74
127 76
127 77
127 78
127 79
127 81
127 82
127 83
127 84
127 88
127 89
127 90
127 93
127 97
127 98
127 100
127 103
127 104
127 105
127 111
127 114
127 115
127 116
127 117
127 118
127 119
127 120
127 121
127 125
