32 297
0 3
0 5
0 6
0 11
0 12
0 15
0 17
0 18
0 21
0 23
0 24
0 25
0 26
0 27
0 30
0 31
1 10
3 0
3 5
3 6
3 11
3 12
3 15
3 17
3 18
3 21
3 23
3 24
3 25
3 26
3 27
3 30
3 31
4 13
5 0
5 3
5 6
5 11
5 12
5 15
5 17
5 18
5 21
5 23
5 24
5 25
5 26
5 27
5 30
5 31
6 0
6 3
6 5
6 11
6 12
6 15
6 17
6 18
6 21
6 23
6 24
6 25
6 26
6 27
6 30
6 31
8 0
8 3
8 5
8 6
8 11
8 12
8 15
8 17
8 18
8 21
8 23
8 24
8 25
8 26
8 27
8 30
8 31
10 1
11 0
11 3
11 5
11 6
11 12
11 15
11 17
11 18
11 21
11 23
11 24
11 25
11 26
11 27
11 30
11 31
12 0
12 3
12 5
12 6
12 11
12 15
12 17
12 18
12 21
12 23
12 24
12 25
12 26
12 27
12 30
12 31
13 4
14 20
15 0
15 3
15 5
15 6
15 11
15 12
15 17
15 18
15 21
15 23
15 24
15 25
15 26
15 27
15 30
15 31
16 19
17 0
17 3
17 5
17 6
17 11
17 12
17 15
17 18
17 21
17 23
17 24
17 25
17 26
17 27
17 30
17 31
18 0
18 3
18 5
18 6
18 11
18 12
18 15
18 17
18 21
18 23
18 24
18 25
18 26
18 27
18 30
18 31
19 16
20 14
21 0
21 3
21 5
21 6
21 11
21 12
21 15
21 17
21 18
21 23
21 24
21 25
21 26
21 27
21 30
21 31
23 0
23 3
23 5
23 6
23 11
23 12
23 15
23 17
23 18
23 21
23 24
23 25
23 26
23 27
23 30
23 31
24 0
24 3
24 5
24 6
24 11
24 12
24 15
24 17
24 18
24 21
24 23
24 25
24 26
24 27
24 30
24 31
25 0
25 3
25 5
25 6
25 11
25 12
25 15
25 17
25 18
25 21
25 23
25 24
25 26
25 27
25 30
25 31
26 0
26 3
26 5
26 6
26 11
26 12
26 15
26 17
26 18
26 21
26 23
26 24
26 25
26 27
26 30
26 31
27 0
27 3
27 5
27 6
27 11
27 12
27 15
27 17
27 18
27 21
27 23
27 24
27 25
27 26
27 30
27 31
30 0
30 3
30 5
30 6
30 11
30 12
30 15
30 17
30 18
30 21
30 23
30 24
30 25
30 26
30 27
30 31
31 0
31 3
31 5
31 6
31 11
31 12
31 15
31 17
31 18
31 21
31 23
31 24
31 25
31 26
31 27
31 30
