64 1270
1 2
1 4
1 7
1 8
1 9
1 10
1 11
1 12
1 13
1 14
1 15
1 16
1 17
1 19
1 20
1 22
1 23
1 25
1 26
1 28
1 32
1 35
1 36
1 37
1 38
1 39
1 40
1 42
1 52
1 53
1 54
1 55
1 60
1 62
1 63
2 1
2 4
2 7
2 8
2 9
2 10
2 11
2 12
2 13
2 14
2 15
2 16
2 17
2 19
2 20
2 22
2 23
2 25
2 26
2 28
2 32
2 35
2 36
2 37
2 38
2 39
2 40
2 42
2 52
2 53
2 54
2 55
2 60
2 62
2 63
4 1
4 2
4 7
4 8
4 9
4 10
4 11
4 12
4 13
4 14
4 15
4 16
4 17
4 19
4 20
4 22
4 23
4 25
4 26
4 28
4 32
4 35
4 36
4 37
4 38
4 39
4 40
4 42
4 52
4 53
4 54
4 55
4 60
4 62
4 63
6 30
7 1
7 2
7 4
7 8
7 9
7 10
7 11
7 12
7 13
7 14
7 15
7 16
7 17
7 19
7 20
7 22
7 23
7 25
7 26
7 28
7 32
7 35
7 36
7 37
7 38
7 39
7 40
7 42
7 52
7 53
7 54
7 55
7 60
7 62
7 63
8 1
8 2
8 4
8 7
8 9
8 10
8 11
8 12
8 13
8 14
8 15
8 16
8 17
8 19
8 20
8 22
8 23
8 25
8 26
8 28
8 32
8 35
8 36
8 37
8 38
8 39
8 40
8 42
8 52
8 53
8 54
8 55
8 60
8 62
8 63
9 1
9 2
9 4
9 7
9 8
9 10
9 11
9 12
9 13
9 14
9 15
9 16
9 17
9 19
9 20
9 22
9 23
9 25
9 26
9 28
9 32
9 35
9 36
9 37
9 38
9 39
9 40
9 42
9 52
9 53
9 54
9 55
9 60
9 62
9 63
10 1
10 2
10 4
10 7
10 8
10 9
10 11
10 12
10 13
10 14
10 15
10 16
10 17
10 19
10 20
10 22
10 23
10 25
10 26
10 28
10 32
10 35
10 36
10 37
10 38
10 39
10 40
10 42
10 52
10 53
10 54
10 55
10 60
10 62
10 63
11 1
11 2
11 4
11 7
11 8
11 9
11 10
11 12
11 13
11 14
11 15
11 16
11 17
11 19
11 20
11 22
11 23
11 25
11 26
11 28
11 32
11 35
11 36
11 37
11 38
11 39
11 40
11 42
11 52
11 53
11 54
11 55
11 60
11 62
11 63
12 1
12 2
12 4
12 7
12 8
12 9
12 10
12 11
12 13
12 14
12 15
12 16
12 17
12 19
12 20
12 22
12 23
12 25
12 26
12 28
12 32
12 35
12 36
12 37
12 38
12 39
12 40
12 42
12 52
12 53
12 54
12 55
12 60
12 62
12 63
13 1
13 2
13 4
13 7
13 8
13 9
13 10
13 11
13 12
13 14
13 15
13 16
13 17
13 19
13 20
13 22
13 23
13 25
13 26
13 28
13 32
13 35
13 36
13 37
13 38
13 39
13 40
13 42
13 52
13 53
13 54
13 55
13 60
13 62
13 63
14 1
14 2
14 4
14 7
14 8
14 9
14 10
14 11
14 12
14 13
14 15
14 16
14 17
14 19
14 20
14 22
14 23
14 25
14 26
14 28
14 32
14 35
14 36
14 37
14 38
14 39
14 40
14 42
14 52
14 53
14 54
14 55
14 60
14 62
14 63
15 1
15 2
15 4
15 7
15 8
15 9
15 10
15 11
15 12
15 13
15 14
15 16
15 17
15 19
15 20
15 22
15 23
15 25
15 26
15 28
15 32
15 35
15 36
15 37
15 38
15 39
15 40
15 42
15 52
15 53
15 54
15 55
15 60
15 62
15 63
16 1
16 2
16 4
16 7
16 8
16 9
16 10
16 11
16 12
16 13
16 14
16 15
16 17
16 19
16 20
16 22
16 23
16 25
16 26
16 28
16 32
16 35
16 36
16 37
16 38
16 39
16 40
16 42
16 52
16 53
16 54
16 55
16 60
16 62
16 63
17 1
17 2
17 4
17 7
17 8
17 9
17 10
17 11
17 12
17 13
17 14
17 15
17 16
17 19
17 20
17 22
17 23
17 25
17 26
17 28
17 32
17 35
17 36
17 37
17 38
17 39
17 40
17 42
17 52
17 53
17 54
17 55
17 60
17 62
17 63
19 1
19 2
19 4
19 7
19 8
19 9
19 10
19 11
19 12
19 13
19 14
19 15
19 16
19 17
19 20
19 22
19 23
19 25
19 26
19 28
19 32
19 35
19 36
19 37
19 38
19 39
19 40
19 42
19 52
19 53
19 54
19 55
19 60
19 62
19 63
20 1
20 2
20 4
20 7
20 8
20 9
20 10
20 11
20 12
20 13
20 14
20 15
20 16
20 17
20 19
20 22
20 23
20 25
20 26
20 28
20 32
20 35
20 36
20 37
20 38
20 39
20 40
20 42
20 52
20 53
20 54
20 55
20 60
20 62
20 63
22 1
22 2
22 4
22 7
22 8
22 9
22 10
22 11
22 12
22 13
22 14
22 15
22 16
22 17
22 19
22 20
22 23
22 25
22 26
22 28
22 32
22 35
22 36
22 37
22 38
22 39
22 40
22 42
22 52
22 53
22 54
22 55
22 60
22 62
22 63
23 1
23 2
23 4
23 7
23 8
23 9
23 10
23 11
23 12
23 13
23 14
23 15
23 16
23 17
23 19
23 20
23 22
23 25
23 26
23 28
23 32
23 35
23 36
23 37
23 38
23 39
23 40
23 42
23 52
23 53
23 54
23 55
23 60
23 62
23 63
25 1
25 2
25 4
25 7
25 8
25 9
25 10
25 11
25 12
25 13
25 14
25 15
25 16
25 17
25 19
25 20
25 22
25 23
25 26
25 28
25 32
25 35
25 36
25 37
25 38
25 39
25 40
25 42
25 52
25 53
25 54
25 55
25 60
25 62
25 63
26 1
26 2
26 4
26 7
26 8
26 9
26 10
26 11
26 12
26 13
26 14
26 15
26 16
26 17
26 19
26 20
26 22
26 23
26 25
26 28
26 32
26 35
26 36
26 37
26 38
26 39
26 40
26 42
26 52
26 53
26 54
26 55
26 60
26 62
26 63
28 1
28 2
28 4
28 7
28 8
28 9
28 10
28 11
28 12
28 13
28 14
28 15
28 16
28 17
28 19
28 20
28 22
28 23
28 25
28 26
28 32
28 35
28 36
28 37
28 38
28 39
28 40
28 42
28 52
28 53
28 54
28 55
28 60
28 62
28 63
30 6
31 58
32 1
32 2
32 4
32 7
32 8
32 9
32 10
32 11
32 12
32 13
32 14
32 15
32 16
32 17
32 19
32 20
32 22
32 23
32 25
32 26
32 28
32 35
32 36
32 37
32 38
32 39
32 40
32 42
32 52
32 53
32 54
32 55
32 60
32 62
32 63
33 48
35 1
35 2
35 4
35 7
35 8
35 9
35 10
35 11
35 12
35 13
35 14
35 15
35 16
35 17
35 19
35 20
35 22
35 23
35 25
35 26
35 28
35 32
35 36
35 37
35 38
35 39
35 40
35 42
35 52
35 53
35 54
35 55
35 60
35 62
35 63
36 1
36 2
36 4
36 7
36 8
36 9
36 10
36 11
36 12
36 13
36 14
36 15
36 16
36 17
36 19
36 20
36 22
36 23
36 25
36 26
36 28
36 32
36 35
36 37
36 38
36 39
36 40
36 42
36 52
36 53
36 54
36 55
36 60
36 62
36 63
37 1
37 2
37 4
37 7
37 8
37 9
37 10
37 11
37 12
37 13
37 14
37 15
37 16
37 17
37 19
37 20
37 22
37 23
37 25
37 26
37 28
37 32
37 35
37 36
37 38
37 39
37 40
37 42
37 52
37 53
37 54
37 55
37 60
37 62
37 63
38 1
38 2
38 4
38 7
38 8
38 9
38 10
38 11
38 12
38 13
38 14
38 15
38 16
38 17
38 19
38 20
38 22
38 23
38 25
38 26
38 28
38 32
38 35
38 36
38 37
38 39
38 40
38 42
38 52
38 53
38 54
38 55
38 60
38 62
38 63
39 1
39 2
39 4
39 7
39 8
39 9
39 10
39 11
39 12
39 13
39 14
39 15
39 16
39 17
39 19
39 20
39 22
39 23
39 25
39 26
39 28
39 32
39 35
39 36
39 37
39 38
39 40
39 42
39 52
39 53
39 54
39 55
39 60
39 62
39 63
40 1
40 2
40 4
40 7
40 8
40 9
40 10
40 11
40 12
40 13
40 14
40 15
40 16
40 17
40 19
40 20
40 22
40 23
40 25
40 26
40 28
40 32
40 35
40 36
40 37
40 38
40 39
40 42
40 52
40 53
40 54
40 55
40 60
40 62
40 63
41 45
42 1
42 2
42 4
42 7
42 8
42 9
42 10
42 11
42 12
42 13
42 14
42 15
42 16
42 17
42 19
42 20
42 22
42 23
42 25
42 26
42 28
42 32
42 35
42 36
42 37
42 38
42 39
42 40
42 52
42 53
42 54
42 55
42 60
42 62
42 63
43 46
45 41
46 43
48 33
52 1
52 2
52 4
52 7
52 8
52 9
52 10
52 11
52 12
52 13
52 14
52 15
52 16
52 17
52 19
52 20
52 22
52 23
52 25
52 26
52 28
52 32
52 35
52 36
52 37
52 38
52 39
52 40
52 42
52 53
52 54
52 55
52 60
52 62
52 63
53 1
53 2
53 4
53 7
53 8
53 9
53 10
53 11
53 12
53 13
53 14
53 15
53 16
53 17
53 19
53 20
53 22
53 23
53 25
53 26
53 28
53 32
53 35
53 36
53 37
53 38
53 39
53 40
53 42
53 52
53 54
53 55
53 60
53 62
53 63
54 1
54 2
54 4
54 7
54 8
54 9
54 10
54 11
54 12
54 13
54 14
54 15
54 16
54 17
54 19
54 20
54 22
54 23
54 25
54 26
54 28
54 32
54 35
54 36
54 37
54 38
54 39
54 40
54 42
54 52
54 53
54 55
54 60
54 62
54 63
55 1
55 2
55 4
55 7
55 8
55 9
55 10
55 11
55 12
55 13
55 14
55 15
55 16
55 17
55 19
55 20
55 22
55 23
55 25
55 26
55 28
55 32
55 35
55 36
55 37
55 38
55 39
55 40
55 42
55 52
55 53
55 54
55 60
55 62
55 63
58 31
60 1
60 2
60 4
60 7
60 8
60 9
60 10
60 11
60 12
60 13
60 14
60 15
60 16
60 17
60 19
60 20
60 22
60 23
60 25
60 26
60 28
60 32
60 35
60 36
60 37
60 38
60 39
60 40
60 42
60 52
60 53
60 54
60 55
60 62
60 63
62 1
62 2
62 4
62 7
62 8
62 9
62 10
62 11
62 12
62 13
62 14
62 15
62 16
62 17
62 19
62 20
62 22
62 23
62 25
62 26
62 28
62 32
62 35
62 36
62 37
62 38
62 39
62 40
62 42
62 52
62 53
62 54
62 55
62 60
62 63
63 1
63 2
63 4
63 7
63 8
63 9
63 10
63 11
63 12
63 13
63 14
63 15
63 16
63 17
63 19
63 20
63 22
63 23
63 25
63 26
63 28
63 32
63 35
63 36
63 37
63 38
63 39
63 40
63 42
63 52
63 53
63 54
63 55
63 60
63 62
