64 722
1 2
1 5
1 7
1 10
1 11
1 14
1 15
1 16
1 18
1 19
1 30
1 32
1 35
1 39
1 41
1 43
1 45
1 46
1 49
1 50
1 52
1 54
1 56
1 58
1 59
1 61
2 1
2 5
2 7
2 10
2 11
2 14
2 15
2 16
2 18
2 19
2 30
2 32
2 35
2 39
2 41
2 43
2 45
2 46
2 49
2 50
2 52
2 54
2 56
2 58
2 59
2 61
4 13
4 51
5 1
5 2
5 7
5 10
5 11
5 14
5 15
5 16
5 18
5 19
5 30
5 32
5 35
5 39
5 41
5 43
5 45
5 46
5 49
5 50
5 52
5 54
5 56
5 58
5 59
5 61
7 1
7 2
7 5
7 10
7 11
7 14
7 15
7 16
7 18
7 19
7 30
7 32
7 35
7 39
7 41
7 43
7 45
7 46
7 49
7 50
7 52
7 54
7 56
7 58
7 59
7 61
10 1
10 2
10 5
10 7
10 11
10 14
10 15
10 16
10 18
10 19
10 30
10 32
10 35
10 39
10 41
10 43
10 45
10 46
10 49
10 50
10 52
10 54
10 56
10 58
10 59
10 61
11 1
11 2
11 5
11 7
11 10
11 14
11 15
11 16
11 18
11 19
11 30
11 32
11 35
11 39
11 41
11 43
11 45
11 46
11 49
11 50
11 52
11 54
11 56
11 58
11 59
11 61
13 4
13 51
14 1
14 2
14 5
14 7
14 10
14 11
14 15
14 16
14 18
14 19
14 30
14 32
14 35
14 39
14 41
14 43
14 45
14 46
14 49
14 50
14 52
14 54
14 56
14 58
14 59
14 61
15 1
15 2
15 5
15 7
15 10
15 11
15 14
15 16
15 18
15 19
15 30
15 32
15 35
15 39
15 41
15 43
15 45
15 46
15 49
15 50
15 52
15 54
15 56
15 58
15 59
15 61
16 1
16 2
16 5
16 7
16 10
16 11
16 14
16 15
16 18
16 19
16 30
16 32
16 35
16 39
16 41
16 43
16 45
16 46
16 49
16 50
16 52
16 54
16 56
16 58
16 59
16 61
18 1
18 2
18 5
18 7
18 10
18 11
18 14
18 15
18 16
18 19
18 30
18 32
18 35
18 39
18 41
18 43
18 45
18 46
18 49
18 50
18 52
18 54
18 56
18 58
18 59
18 61
19 1
19 2
19 5
19 7
19 10
19 11
19 14
19 15
19 16
19 18
19 30
19 32
19 35
19 39
19 41
19 43
19 45
19 46
19 49
19 50
19 52
19 54
19 56
19 58
19 59
19 61
20 29
20 42
22 63
29 20
29 42
30 1
30 2
30 5
30 7
30 10
30 11
30 14
30 15
30 16
30 18
30 19
30 32
30 35
30 39
30 41
30 43
30 45
30 46
30 49
30 50
30 52
30 54
30 56
30 58
30 59
30 61
32 1
32 2
32 5
32 7
32 10
32 11
32 14
32 15
32 16
32 18
32 19
32 30
32 35
32 39
32 41
32 43
32 45
32 46
32 49
32 50
32 52
32 54
32 56
32 58
32 59
32 61
33 48
35 1
35 2
35 5
35 7
35 10
35 11
35 14
35 15
35 16
35 18
35 19
35 30
35 32
35 39
35 41
35 43
35 45
35 46
35 49
35 50
35 52
35 54
35 56
35 58
35 59
35 61
38 62
39 1
39 2
39 5
39 7
39 10
39 11
39 14
39 15
39 16
39 18
39 19
39 30
39 32
39 35
39 41
39 43
39 45
39 46
39 49
39 50
39 52
39 54
39 56
39 58
39 59
39 61
41 1
41 2
41 5
41 7
41 10
41 11
41 14
41 15
41 16
41 18
41 19
41 30
41 32
41 35
41 39
41 43
41 45
41 46
41 49
41 50
41 52
41 54
41 56
41 58
41 59
41 61
42 20
42 29
43 1
43 2
43 5
43 7
43 10
43 11
43 14
43 15
43 16
43 18
43 19
43 30
43 32
43 35
43 39
43 41
43 45
43 46
43 49
43 50
43 52
43 54
43 56
43 58
43 59
43 61
45 1
45 2
45 5
45 7
45 10
45 11
45 14
45 15
45 16
45 18
45 19
45 30
45 32
45 35
45 39
45 41
45 43
45 46
45 49
45 50
45 52
45 54
45 56
45 58
45 59
45 61
46 1
46 2
46 5
46 7
46 10
46 11
46 14
46 15
46 16
46 18
46 19
46 30
46 32
46 35
46 39
46 41
46 43
46 45
46 49
46 50
46 52
46 54
46 56
46 58
46 59
46 61
48 33
49 1
49 2
49 5
49 7
49 10
49 11
49 14
49 15
49 16
49 18
49 19
49 30
49 32
49 35
49 39
49 41
49 43
49 45
49 46
49 50
49 52
49 54
49 56
49 58
49 59
49 61
50 1
50 2
50 5
50 7
50 10
50 11
50 14
50 15
50 16
50 18
50 19
50 30
50 32
50 35
50 39
50 41
50 43
50 45
50 46
50 49
50 52
50 54
50 56
50 58
50 59
50 61
51 4
51 13
52 1
52 2
52 5
52 7
52 10
52 11
52 14
52 15
52 16
52 18
52 19
52 30
52 32
52 35
52 39
52 41
52 43
52 45
52 46
52 49
52 50
52 54
52 56
52 58
52 59
52 61
54 1
54 2
54 5
54 7
54 10
54 11
54 14
54 15
54 16
54 18
54 19
54 30
54 32
54 35
54 39
54 41
54 43
54 45
54 46
54 49
54 50
54 52
54 56
54 58
54 59
54 61
55 57
56 1
56 2
56 5
56 7
56 10
56 11
56 14
56 15
56 16
56 18
56 19
56 30
56 32
56 35
56 39
56 41
56 43
56 45
56 46
56 49
56 50
56 52
56 54
56 58
56 59
56 61
57 55
58 1
58 2
58 5
58 7
58 10
58 11
58 14
58 15
58 16
58 18
58 19
58 30
58 32
58 35
58 39
58 41
58 43
58 45
58 46
58 49
58 50
58 52
58 54
58 56
58 59
58 61
59 1
59 2
59 5
59 7
59 10
59 11
59 14
59 15
59 16
59 18
59 19
59 30
59 32
59 35
59 39
59 41
59 43
59 45
59 46
59 49
59 50
59 52
59 54
59 56
59 58
59 61
61 1
61 2
61 5
61 7
61 10
61 11
61 14
61 15
61 16
61 18
61 19
61 30
61 32
61 35
61 39
61 41
61 43
61 45
61 46
61 49
61 50
61 52
61 54
61 56
61 58
61 59
62 38
63 22
